$SPEC_ID:
No sample description was entered.
$SPEC_REM:
DET# 1
DETDESC# TL-101B-04 Easy-MCA-2k SN 11350424
AP# Maestro Version 7.01
$DATE_MEA:
04/10/2026 14:04:23
$MEAS_TIM:
578 600
$DATA:
0 2047
       0
       0
       0
       0
       1
       1
       0
       0
       1
       7
       3
       4
       3
       4
       5
       2
       5
       4
      14
       7
       5
       8
       4
      30
    2709
   70426
  120399
  119876
  115347
  106392
   95061
   82688
   68397
   53984
   41409
   30482
   21587
   14787
    9997
    6868
    4923
    3703
    2857
    2511
    2168
    2129
    1792
    1670
    1551
    1421
    1258
    1240
    1200
    1064
     888
     883
     782
     732
     657
     593
     496
     499
     500
     418
     421
     420
     359
     406
     375
     404
     379
     367
     368
     367
     350
     316
     328
     326
     328
     341
     333
     341
     321
     294
     328
     320
     319
     321
     316
     284
     287
     266
     282
     304
     289
     274
     291
     298
     267
     265
     254
     295
     288
     272
     289
     273
     275
     279
     311
     256
     278
     300
     276
     278
     263
     249
     294
     263
     275
     273
     255
     287
     252
     259
     250
     269
     272
     257
     283
     282
     291
     250
     293
     262
     224
     255
     253
     283
     272
     254
     266
     266
     266
     289
     270
     261
     231
     277
     266
     263
     257
     260
     268
     271
     268
     287
     254
     258
     252
     268
     266
     252
     265
     275
     278
     245
     289
     277
     253
     271
     267
     271
     300
     314
     305
     302
     249
     252
     271
     272
     260
     266
     239
     263
     304
     252
     270
     269
     293
     289
     263
     291
     290
     296
     272
     283
     323
     298
     289
     314
     279
     308
     306
     317
     308
     327
     333
     350
     407
     351
     400
     428
     434
     468
     562
     559
     630
     670
     729
     712
     786
     898
     994
    1016
    1069
    1204
    1142
    1287
    1350
    1370
    1441
    1529
    1607
    1632
    1732
    1730
    1863
    1867
    1902
    2024
    2016
    2201
    2135
    2311
    2220
    2148
    2350
    2390
    2365
    2428
    2545
    2563
    2441
    2549
    2513
    2567
    2635
    2685
    2567
    2625
    2595
    2678
    2588
    2708
    2726
    2735
    2755
    2765
    2820
    2839
    2812
    2851
    2843
    2828
    2770
    2921
    2746
    2780
    2875
    2835
    2805
    2803
    2932
    2985
    3102
    2980
    2970
    2939
    3083
    3023
    2939
    3087
    3074
    3056
    3140
    3014
    2994
    3076
    3003
    3092
    3076
    3032
    2998
    3167
    3168
    3077
    3119
    3103
    3053
    3049
    3039
    3036
    2964
    3070
    3097
    3072
    3120
    3167
    3099
    3042
    3000
    3048
    2955
    2960
    3033
    3017
    3061
    2986
    2863
    3039
    3039
    2985
    2959
    2955
    2925
    2930
    2920
    3012
    2938
    2946
    2896
    2908
    2877
    2856
    2969
    2882
    2873
    2906
    2858
    2913
    2780
    2875
    2812
    2765
    2854
    2742
    2690
    2745
    2866
    2770
    2602
    2800
    2663
    2655
    2718
    2678
    2678
    2668
    2654
    2675
    2516
    2593
    2625
    2613
    2579
    2569
    2573
    2495
    2585
    2604
    2596
    2515
    2485
    2518
    2398
    2447
    2522
    2501
    2531
    2540
    2487
    2433
    2322
    2318
    2404
    2404
    2458
    2306
    2375
    2326
    2370
    2379
    2290
    2231
    2432
    2293
    2321
    2267
    2300
    2299
    2293
    2249
    2251
    2326
    2175
    2288
    2223
    2165
    2243
    2202
    2243
    2214
    2191
    2143
    2142
    2103
    2160
    2232
    2189
    2094
    2142
    2216
    2232
    2118
    2228
    2218
    2080
    2134
    2176
    2117
    2130
    2154
    2181
    2119
    2134
    2185
    2171
    2132
    2139
    2195
    2233
    2117
    2183
    2230
    2183
    2298
    2256
    2179
    2274
    2183
    2180
    2285
    2296
    2267
    2236
    2277
    2361
    2366
    2310
    2353
    2383
    2416
    2356
    2263
    2292
    2382
    2482
    2413
    2444
    2498
    2459
    2502
    2483
    2448
    2397
    2524
    2497
    2507
    2468
    2510
    2448
    2530
    2534
    2531
    2600
    2461
    2510
    2556
    2652
    2653
    2613
    2535
    2611
    2588
    2547
    2588
    2528
    2591
    2652
    2579
    2591
    2553
    2556
    2584
    2522
    2644
    2566
    2588
    2663
    2636
    2595
    2640
    2672
    2697
    2713
    2667
    2652
    2573
    2698
    2602
    2668
    2744
    2647
    2637
    2701
    2693
    2619
    2669
    2650
    2679
    2584
    2620
    2643
    2638
    2690
    2562
    2573
    2556
    2594
    2665
    2554
    2512
    2598
    2627
    2623
    2602
    2564
    2612
    2612
    2551
    2563
    2496
    2595
    2526
    2528
    2491
    2570
    2575
    2616
    2587
    2522
    2505
    2542
    2619
    2518
    2573
    2499
    2539
    2604
    2536
    2493
    2551
    2503
    2532
    2469
    2526
    2543
    2514
    2507
    2395
    2437
    2514
    2521
    2561
    2448
    2533
    2472
    2512
    2461
    2508
    2496
    2493
    2425
    2461
    2437
    2442
    2362
    2314
    2447
    2363
    2431
    2449
    2349
    2434
    2447
    2394
    2421
    2331
    2269
    2359
    2288
    2368
    2359
    2323
    2294
    2264
    2285
    2423
    2354
    2350
    2375
    2287
    2387
    2354
    2334
    2250
    2398
    2312
    2230
    2280
    2337
    2226
    2291
    2354
    2259
    2258
    2315
    2319
    2294
    2357
    2337
    2273
    2257
    2223
    2181
    2229
    2351
    2210
    2237
    2239
    2174
    2186
    2188
    2192
    2183
    2142
    2144
    2149
    2230
    2190
    2128
    2198
    2179
    2131
    2169
    2173
    2146
    2155
    2209
    2207
    2144
    2153
    2126
    2055
    2211
    2088
    2123
    2140
    2155
    2206
    2164
    2094
    2082
    2058
    2104
    2152
    2145
    2176
    2107
    2044
    2154
    2059
    2160
    2086
    2141
    2125
    2101
    2095
    2064
    2055
    2128
    1994
    2047
    2165
    2111
    2074
    2044
    2116
    2066
    2142
    2087
    1990
    2096
    2130
    2069
    2125
    2073
    2060
    2041
    2096
    2074
    2043
    2031
    2049
    2083
    2154
    2063
    2087
    2053
    2144
    2048
    2166
    2056
    2128
    2128
    2141
    1969
    2096
    2134
    2096
    2058
    2103
    2094
    2077
    1969
    2075
    2108
    2066
    2188
    2098
    2162
    2077
    2073
    2064
    2093
    2137
    2130
    2103
    2089
    2042
    2165
    2114
    2084
    2169
    2104
    2073
    2147
    2145
    2212
    2159
    2153
    2089
    2132
    2135
    2128
    2118
    2028
    2188
    2138
    2169
    2089
    2175
    2070
    2133
    2084
    2069
    2200
    2053
    2139
    2075
    2099
    2057
    2149
    2085
    2097
    2266
    2140
    2191
    2129
    2144
    2205
    2172
    2145
    2151
    2161
    2163
    2189
    2216
    2198
    2145
    2174
    2194
    2235
    2276
    2213
    2224
    2265
    2248
    2277
    2208
    2169
    2293
    2231
    2330
    2282
    2246
    2285
    2284
    2284
    2268
    2371
    2309
    2252
    2320
    2314
    2228
    2385
    2393
    2403
    2378
    2452
    2413
    2423
    2440
    2465
    2317
    2439
    2365
    2422
    2356
    2430
    2462
    2495
    2537
    2447
    2488
    2486
    2503
    2638
    2645
    2651
    2531
    2550
    2592
    2652
    2646
    2583
    2703
    2612
    2741
    2663
    2703
    2835
    2695
    2724
    2767
    2738
    2738
    2755
    2771
    2766
    2800
    2763
    2725
    2872
    2817
    2874
    2820
    2786
    2688
    2907
    2923
    2923
    2883
    2720
    2852
    2899
    2961
    2970
    2905
    2891
    2966
    2996
    2855
    2976
    2944
    3046
    2998
    3097
    3097
    2986
    2980
    3073
    3039
    3021
    3053
    3257
    3130
    3142
    3110
    3124
    3263
    3241
    3181
    3197
    3141
    3216
    3155
    3219
    3294
    3284
    3191
    3246
    3261
    3220
    3337
    3378
    3330
    3306
    3421
    3426
    3334
    3392
    3303
    3432
    3375
    3460
    3422
    3316
    3391
    3477
    3529
    3439
    3433
    3395
    3422
    3443
    3478
    3470
    3456
    3428
    3384
    3542
    3524
    3475
    3515
    3528
    3500
    3489
    3456
    3656
    3441
    3392
    3546
    3547
    3472
    3559
    3527
    3592
    3462
    3587
    3727
    3566
    3600
    3475
    3486
    3608
    3672
    3567
    3621
    3658
    3761
    3659
    3710
    3624
    3616
    3746
    3771
    3802
    3790
    3738
    3807
    3678
    3763
    3703
    3605
    3698
    3817
    3577
    3546
    3467
    3468
    3283
    3211
    3143
    2932
    2895
    2663
    2632
    2447
    2365
    2100
    1977
    1853
    1700
    1586
    1331
    1216
    1119
    1013
     883
     783
     662
     570
     465
     398
     327
     284
     222
     201
     158
     135
     120
      69
      66
      48
      43
      34
      41
      38
      24
      29
      29
      26
      32
      21
      20
      17
      20
      25
      14
      11
      14
      10
      23
      16
      10
      14
      13
      24
      19
      18
      17
      23
      10
      10
      10
      11
      11
      13
      10
       7
       8
      17
      17
       7
      11
      17
      17
       9
      13
      17
      17
       9
      20
      12
      17
      17
      13
       8
      14
      15
      19
      15
      10
      14
       5
       9
       8
      15
       7
      11
       8
      20
      14
       8
       9
      15
       8
      14
      12
      17
      10
      11
      12
      13
       9
      11
      14
      14
      10
      14
      19
      13
       9
      11
       4
      11
      23
       8
      10
      11
      12
      13
       8
       9
       9
      18
      15
      10
      10
      13
      29
       7
      11
      14
      12
      15
      17
      10
       9
       7
      11
       9
      13
      14
       6
      15
      13
      12
       8
      11
       7
      14
      11
       8
       7
      12
      14
      16
      13
      10
       7
       9
      17
      11
      10
      10
      12
      15
      14
       7
      10
      15
      11
       9
       6
       8
      18
      11
      19
       8
       7
      12
       8
      11
      13
      11
      14
      11
      13
       6
      14
      14
      10
      16
       7
      24
       9
       8
       7
       7
      16
       7
       6
       6
      14
       4
       8
       9
      12
       9
       8
       9
       9
       6
      11
      12
      14
       9
      12
       6
       9
       8
       5
      13
       6
       9
       9
      16
       9
      11
      13
       9
       8
      13
       5
      13
      11
       9
       8
      11
       9
       9
      10
       4
      12
      12
       6
      12
       9
      10
      14
       9
       8
       8
      13
       7
      10
       8
       7
      12
      10
       5
       7
      11
       9
       4
      13
       5
       3
      14
      10
      11
       8
      11
       6
       8
       7
       9
       9
      10
       5
      12
       8
       4
      10
       8
      11
       7
       9
       6
      12
       8
       7
      10
      13
       9
       9
       6
       6
      10
       6
       5
       4
      10
       9
       6
       6
      13
       6
      10
      13
      12
       8
      14
       9
      13
       4
       9
      10
      10
       7
       7
       7
      14
       4
       4
       9
      11
       9
       6
       6
       6
       7
       6
       9
       6
       2
       8
      14
       8
      10
      11
      10
       5
       8
       3
       8
       4
       4
       4
       7
       8
       5
      10
       8
      11
       3
      10
       6
       7
       6
      10
       6
       8
       9
       9
       3
       2
       2
       8
      10
       7
       4
      11
       1
       9
       6
       4
      11
       4
       7
       5
       2
      10
       5
       9
       8
      12
       6
       7
       5
       5
       5
       9
       1
       6
       4
       5
       7
       6
       3
       4
       5
       3
       5
       7
       6
       2
       9
       9
       5
       1
       8
       7
       5
       4
       4
       9
       4
       5
       2
       4
       4
       4
       4
       6
       8
       6
       7
       7
       9
       3
       2
       5
       5
       6
       7
       3
       5
       6
       7
       5
       3
       7
       7
       5
       8
      10
       4
       3
       4
       8
       5
       1
       5
       8
       3
       9
       4
       5
       7
      10
       4
       8
       2
      13
      11
       2
       1
       4
       5
       6
       3
       5
       4
       7
       6
       7
       5
       4
       4
      10
       4
       5
       5
       8
       4
       2
       5
       6
       2
       4
       6
       7
       6
       7
       4
       4
       5
       2
       3
       3
       6
       6
       4
       3
       3
       6
       3
       5
       4
       6
       8
       3
       6
       3
       2
       5
       5
       6
       7
       6
       4
       3
       6
       2
       3
       5
       4
       1
       2
       3
       3
       8
      10
       3
       6
       8
       6
       1
       3
       5
       5
       0
       3
       3
       6
       4
       5
       4
       6
      12
       4
       4
      11
       5
       4
       4
       5
       9
       2
       9
       1
       2
       7
       4
       3
       5
       2
       4
       3
       3
       1
       5
       5
       4
       7
       2
       7
       4
       2
       4
       3
       3
       5
       3
       4
       5
       4
       0
       5
       3
       3
       5
       2
       1
       4
       2
       0
       0
       1
       0
       5
       2
       6
       5
       4
       3
       4
       4
       4
       6
       1
       6
       2
       4
       3
       3
       2
       5
       4
       2
       5
       3
       5
       2
       0
       3
       2
       3
       1
       3
       4
       3
       2
       5
       2
       3
       3
       2
       3
       2
       2
       2
       5
       3
       3
       4
       5
       2
       4
       3
       3
       4
       0
       5
       6
       4
       0
       6
       1
       0
       2
       3
       6
       2
       5
       1
       6
       2
       1
       2
       5
       2
       3
       2
       6
       3
       0
       0
       4
       1
       1
       1
       4
       1
       6
       1
       1
       0
       4
       1
       2
       1
       2
       4
       7
       3
       2
       4
       0
       2
       2
       3
       4
       2
       4
       2
       4
       2
       4
       3
       1
       3
       6
       4
       5
       2
       4
       2
       1
       4
       1
       1
       1
       3
       1
       3
       2
       2
       0
       5
       0
       3
       5
       9
       4
       0
       0
       4
       1
       2
       3
       3
       0
       0
       4
       0
       2
       1
       0
       2
       3
       1
       2
       1
       3
       1
       2
       4
       2
       3
       3
       1
       0
       0
       1
       3
       2
       5
       1
       2
       3
       2
       5
       1
       0
       2
       4
       3
       2
       2
       1
       0
       0
       7
       1
       1
       3
       0
       2
       0
       2
       4
       1
       0
       5
       3
       2
       0
       4
       1
       1
       3
       2
       2
       3
       0
       2
       1
       2
       2
       1
       1
       1
       1
       1
       1
       3
       0
       1
       1
       1
       2
       1
       0
       1
       2
       2
       2
       1
       1
       3
       2
       4
       2
       1
       0
       0
       0
       2
       0
       1
       1
       1
       2
       5
       2
       1
       4
       1
       3
       0
       0
       2
       0
       0
       2
       1
       0
       2
       1
       1
       0
       1
       1
       1
       1
       1
       0
       1
       2
       2
       3
       3
       1
       3
       0
       3
       2
       1
       1
       3
       1
       0
       0
       0
       1
       1
       1
       0
       0
       0
       1
       0
       0
       0
       0
       0
       0
       1
       0
       0
       0
       0
       1
       0
       1
       0
       0
       0
       1
       0
       1
       0
       0
       0
       0
       0
       0
       0
       0
       0
       0
       0
       0
       0
       0
       0
       0
       0
       0
       0
       0
       0
       0
       0
       0
       0
       1
       0
       0
       0
       0
       0
       0
       0
       0
       0
       0
       0
       0
       0
       0
       0
       0
       0
       0
       0
       0
       0
       0
       0
       0
       0
       0
       0
       0
       0
       0
       0
       0
       0
       0
       0
       0
       0
       0
       0
       0
       0
       0
       0
       0
       0
       0
       0
       0
       0
       0
       0
       0
       0
       0
       0
       0
       0
       0
       0
       0
       0
       0
       0
       0
       0
       0
       0
       0
       0
       0
       0
       0
       0
       0
       0
       0
$ROI:
0
$PRESETS:
Real Time
600
0
$ENER_FIT:
0.000000 0.000000
$MCA_CAL:
3
0.000000E+000 0.000000E+000 0.000000E+000 
$SHAPE_CAL:
3
0.000000E+000 0.000000E+000 0.000000E+000
