$SPEC_ID:
No sample description was entered.
$SPEC_REM:
DET# 1
DETDESC# TL-101B-03 digiBASE-RH SN 16039579
AP# Maestro Version 7.01
$DATE_MEA:
03/06/2026 13:19:43
$MEAS_TIM:
600 000
$DATA:
0.0	8191
0.0
0.0
0.0
0.0
0.0
0.0
0.0
0.0
0.0
0.0
0.0
0.0
0.0
0.0
0.0
0.0
0.0
0.0
0.0
0.0
0.0
0.0
0.0
0.0
0.0
0.0
0.0
0.0
0.0
0.0
0.0
0.0
0.0
0.0
0.0
0.0
0.0
0.0
0.0
0.0
0.0
0.0
0.0
0.0
0.0
0.0
0.0
0.0
0.0
830.0
862.0
879.0
859.0
884.0
854.0
868.0
851.0
871.0
841.0
798.0
807.0
869.0
817.0
798.0
692.0
827.0
791.0
829.0
798.0
821.0
787.0
840.0
845.0
789.0
809.0
855.0
884.0
869.0
917.0
999.0
1023.0
894.0
812.0
772.0
777.0
788.0
776.0
763.0
803.0
795.0
802.0
828.0
864.0
880.0
931.0
866.0
872.0
889.0
853.0
883.0
972.0
958.0
977.0
1057.0
1127.0
1080.0
1167.0
1159.0
1191.0
1166.0
1260.0
1261.0
1247.0
1291.0
1259.0
1390.0
1728.0
3234.0
6943.0
13089.0
17587.0
17233.0
11417.0
5166.0
2144.0
1294.0
1137.0
975.0
989.0
943.0
845.0
812.0
762.0
788.0
756.0
724.0
675.0
635.0
667.0
648.0
608.0
609.0
647.0
652.0
621.0
606.0
603.0
659.0
701.0
651.0
677.0
634.0
637.0
651.0
643.0
626.0
669.0
682.0
676.0
676.0
622.0
593.0
646.0
664.0
652.0
643.0
645.0
653.0
635.0
635.0
700.0
665.0
625.0
636.0
653.0
643.0
682.0
647.0
681.0
678.0
779.0
873.0
879.0
853.0
768.0
728.0
725.0
612.0
684.0
626.0
648.0
654.0
688.0
694.0
689.0
722.0
724.0
620.0
669.0
693.0
694.0
722.0
685.0
662.0
687.0
669.0
725.0
763.0
730.0
721.0
763.0
768.0
736.0
733.0
757.0
749.0
702.0
692.0
753.0
742.0
710.0
770.0
772.0
787.0
779.0
842.0
833.0
796.0
795.0
736.0
782.0
814.0
760.0
789.0
730.0
789.0
781.0
780.0
910.0
913.0
1057.0
982.0
1073.0
1069.0
896.0
809.0
801.0
694.0
719.0
732.0
704.0
734.0
707.0
636.0
680.0
737.0
702.0
731.0
719.0
691.0
726.0
680.0
678.0
672.0
719.0
702.0
643.0
730.0
705.0
712.0
657.0
746.0
720.0
659.0
716.0
699.0
714.0
774.0
771.0
778.0
717.0
765.0
758.0
730.0
723.0
729.0
724.0
733.0
729.0
742.0
770.0
732.0
776.0
802.0
716.0
715.0
792.0
740.0
775.0
786.0
734.0
723.0
790.0
761.0
702.0
692.0
761.0
716.0
660.0
690.0
640.0
670.0
659.0
624.0
596.0
552.0
601.0
562.0
581.0
516.0
503.0
563.0
560.0
519.0
511.0
555.0
508.0
519.0
513.0
501.0
510.0
487.0
536.0
504.0
564.0
538.0
582.0
545.0
570.0
549.0
499.0
472.0
458.0
450.0
418.0
446.0
400.0
402.0
411.0
365.0
365.0
367.0
420.0
330.0
364.0
371.0
363.0
363.0
325.0
371.0
324.0
366.0
347.0
321.0
332.0
324.0
333.0
372.0
343.0
358.0
331.0
332.0
282.0
333.0
320.0
290.0
304.0
311.0
299.0
267.0
282.0
271.0
288.0
292.0
279.0
285.0
256.0
285.0
251.0
262.0
269.0
262.0
253.0
253.0
244.0
217.0
250.0
250.0
249.0
267.0
245.0
245.0
238.0
216.0
229.0
225.0
252.0
239.0
231.0
288.0
366.0
439.0
575.0
736.0
1035.0
1285.0
1660.0
1869.0
1938.0
1712.0
1513.0
1166.0
654.0
393.0
284.0
273.0
237.0
216.0
242.0
223.0
205.0
190.0
205.0
207.0
189.0
186.0
204.0
211.0
224.0
203.0
212.0
187.0
196.0
211.0
196.0
191.0
198.0
223.0
239.0
326.0
508.0
629.0
909.0
1245.0
1803.0
2555.0
3345.0
3818.0
3962.0
3837.0
3426.0
2507.0
1596.0
855.0
461.0
277.0
267.0
225.0
201.0
208.0
217.0
201.0
176.0
179.0
196.0
157.0
141.0
167.0
165.0
148.0
137.0
156.0
146.0
171.0
150.0
161.0
151.0
134.0
157.0
145.0
153.0
174.0
133.0
143.0
156.0
151.0
157.0
114.0
134.0
132.0
133.0
129.0
121.0
124.0
166.0
140.0
122.0
143.0
139.0
137.0
124.0
133.0
153.0
138.0
122.0
136.0
150.0
153.0
193.0
188.0
188.0
217.0
210.0
201.0
188.0
178.0
196.0
217.0
314.0
466.0
748.0
1236.0
1688.0
2377.0
3288.0
4741.0
6374.0
8413.0
9757.0
10182.0
9650.0
8810.0
6976.0
5062.0
3248.0
1556.0
673.0
387.0
292.0
259.0
209.0
174.0
192.0
173.0
136.0
113.0
114.0
91.0
85.0
72.0
59.0
55.0
49.0
67.0
45.0
39.0
47.0
58.0
64.0
61.0
71.0
102.0
133.0
199.0
209.0
316.0
420.0
584.0
793.0
1041.0
1207.0
1349.0
1292.0
1264.0
1073.0
869.0
657.0
382.0
207.0
94.0
72.0
48.0
58.0
48.0
47.0
55.0
55.0
40.0
34.0
47.0
37.0
32.0
30.0
32.0
37.0
31.0
27.0
29.0
29.0
13.0
27.0
29.0
28.0
30.0
25.0
29.0
24.0
46.0
29.0
19.0
30.0
36.0
27.0
23.0
23.0
31.0
35.0
29.0
30.0
31.0
22.0
32.0
26.0
25.0
28.0
21.0
23.0
27.0
32.0
30.0
39.0
25.0
26.0
23.0
26.0
17.0
34.0
29.0
25.0
22.0
19.0
20.0
36.0
29.0
37.0
44.0
37.0
48.0
71.0
73.0
89.0
84.0
78.0
79.0
66.0
56.0
59.0
50.0
26.0
22.0
28.0
38.0
26.0
21.0
24.0
22.0
28.0
21.0
28.0
24.0
21.0
17.0
19.0
19.0
26.0
27.0
16.0
9.0
23.0
17.0
16.0
23.0
21.0
19.0
16.0
18.0
15.0
19.0
17.0
15.0
23.0
17.0
16.0
19.0
15.0
20.0
25.0
17.0
19.0
16.0
14.0
16.0
15.0
17.0
17.0
15.0
20.0
18.0
18.0
22.0
16.0
13.0
23.0
18.0
18.0
12.0
11.0
14.0
12.0
11.0
19.0
10.0
17.0
15.0
18.0
15.0
13.0
13.0
18.0
14.0
18.0
15.0
17.0
18.0
17.0
13.0
13.0
11.0
16.0
13.0
20.0
18.0
11.0
11.0
14.0
12.0
9.0
9.0
18.0
11.0
10.0
15.0
15.0
16.0
15.0
12.0
17.0
14.0
15.0
23.0
17.0
21.0
22.0
17.0
16.0
23.0
22.0
32.0
25.0
20.0
20.0
5.0
15.0
14.0
23.0
17.0
15.0
16.0
13.0
12.0
18.0
10.0
10.0
10.0
9.0
15.0
4.0
12.0
8.0
13.0
12.0
15.0
23.0
15.0
19.0
18.0
9.0
12.0
15.0
12.0
12.0
11.0
16.0
14.0
9.0
12.0
16.0
11.0
13.0
21.0
11.0
8.0
13.0
10.0
13.0
15.0
11.0
13.0
19.0
8.0
17.0
13.0
14.0
17.0
18.0
12.0
11.0
12.0
16.0
13.0
14.0
14.0
9.0
14.0
16.0
7.0
15.0
16.0
7.0
12.0
13.0
18.0
11.0
15.0
11.0
14.0
19.0
11.0
11.0
16.0
7.0
7.0
13.0
11.0
14.0
8.0
9.0
10.0
18.0
11.0
13.0
13.0
12.0
16.0
15.0
9.0
14.0
16.0
13.0
11.0
16.0
15.0
16.0
14.0
16.0
19.0
12.0
17.0
17.0
16.0
15.0
9.0
8.0
20.0
12.0
16.0
11.0
10.0
9.0
5.0
7.0
13.0
6.0
14.0
8.0
15.0
5.0
14.0
9.0
14.0
7.0
12.0
10.0
10.0
14.0
17.0
12.0
9.0
12.0
19.0
12.0
12.0
16.0
13.0
12.0
18.0
25.0
20.0
11.0
9.0
12.0
12.0
18.0
10.0
6.0
11.0
8.0
9.0
5.0
10.0
6.0
15.0
9.0
10.0
14.0
10.0
10.0
7.0
9.0
10.0
8.0
11.0
17.0
7.0
11.0
10.0
7.0
11.0
7.0
11.0
7.0
12.0
10.0
9.0
9.0
13.0
14.0
9.0
11.0
9.0
6.0
9.0
11.0
17.0
13.0
8.0
11.0
15.0
8.0
12.0
10.0
5.0
5.0
7.0
10.0
9.0
11.0
10.0
6.0
7.0
13.0
13.0
6.0
11.0
12.0
9.0
8.0
14.0
12.0
17.0
22.0
24.0
40.0
35.0
44.0
34.0
27.0
18.0
25.0
15.0
16.0
16.0
15.0
13.0
11.0
12.0
5.0
7.0
5.0
7.0
12.0
6.0
6.0
10.0
8.0
9.0
10.0
10.0
7.0
4.0
19.0
12.0
4.0
13.0
4.0
10.0
10.0
10.0
13.0
11.0
7.0
7.0
10.0
10.0
6.0
5.0
10.0
8.0
10.0
10.0
5.0
9.0
11.0
5.0
9.0
10.0
5.0
7.0
6.0
7.0
7.0
10.0
4.0
9.0
10.0
11.0
7.0
11.0
7.0
10.0
6.0
9.0
12.0
9.0
8.0
8.0
8.0
9.0
7.0
11.0
8.0
5.0
11.0
10.0
8.0
7.0
6.0
5.0
7.0
14.0
5.0
10.0
3.0
3.0
8.0
3.0
11.0
11.0
14.0
4.0
9.0
4.0
9.0
3.0
6.0
7.0
9.0
13.0
6.0
12.0
6.0
4.0
11.0
9.0
4.0
5.0
10.0
7.0
9.0
4.0
12.0
5.0
5.0
2.0
6.0
9.0
7.0
10.0
10.0
6.0
3.0
7.0
5.0
6.0
3.0
4.0
3.0
8.0
7.0
8.0
7.0
4.0
7.0
6.0
8.0
7.0
8.0
10.0
6.0
13.0
12.0
8.0
7.0
7.0
11.0
4.0
9.0
4.0
5.0
7.0
6.0
4.0
6.0
9.0
7.0
3.0
6.0
10.0
8.0
8.0
6.0
8.0
10.0
7.0
6.0
10.0
10.0
13.0
13.0
9.0
23.0
16.0
18.0
14.0
16.0
15.0
17.0
13.0
18.0
12.0
14.0
8.0
8.0
6.0
8.0
8.0
10.0
8.0
7.0
5.0
6.0
8.0
7.0
6.0
5.0
2.0
4.0
8.0
9.0
6.0
7.0
5.0
4.0
3.0
5.0
7.0
7.0
10.0
8.0
4.0
6.0
10.0
3.0
5.0
6.0
4.0
3.0
8.0
6.0
4.0
8.0
9.0
4.0
2.0
4.0
7.0
9.0
7.0
6.0
6.0
5.0
6.0
3.0
5.0
6.0
7.0
9.0
8.0
9.0
4.0
11.0
10.0
4.0
8.0
6.0
9.0
5.0
9.0
3.0
5.0
3.0
6.0
8.0
6.0
4.0
11.0
11.0
5.0
7.0
8.0
7.0
7.0
7.0
9.0
8.0
9.0
5.0
7.0
6.0
5.0
7.0
3.0
6.0
8.0
7.0
11.0
8.0
9.0
6.0
4.0
3.0
7.0
4.0
10.0
4.0
4.0
5.0
4.0
4.0
5.0
4.0
4.0
7.0
2.0
5.0
7.0
8.0
13.0
6.0
5.0
6.0
6.0
4.0
6.0
9.0
4.0
6.0
9.0
9.0
10.0
4.0
6.0
6.0
2.0
9.0
7.0
7.0
5.0
6.0
6.0
8.0
8.0
2.0
13.0
5.0
3.0
9.0
6.0
3.0
4.0
7.0
6.0
2.0
7.0
3.0
5.0
4.0
8.0
9.0
7.0
6.0
6.0
5.0
7.0
3.0
10.0
4.0
6.0
4.0
5.0
5.0
7.0
6.0
4.0
7.0
7.0
3.0
5.0
7.0
6.0
4.0
6.0
7.0
3.0
9.0
6.0
8.0
7.0
9.0
6.0
8.0
10.0
12.0
6.0
4.0
8.0
7.0
6.0
5.0
10.0
5.0
1.0
4.0
11.0
5.0
8.0
2.0
5.0
7.0
5.0
6.0
3.0
6.0
7.0
6.0
5.0
4.0
8.0
4.0
4.0
3.0
5.0
3.0
9.0
7.0
7.0
6.0
6.0
4.0
6.0
4.0
3.0
7.0
5.0
3.0
8.0
10.0
4.0
1.0
7.0
7.0
3.0
5.0
4.0
2.0
4.0
5.0
6.0
2.0
1.0
3.0
3.0
4.0
3.0
4.0
9.0
3.0
4.0
3.0
6.0
6.0
6.0
2.0
8.0
7.0
8.0
9.0
9.0
11.0
9.0
9.0
13.0
15.0
18.0
16.0
13.0
12.0
13.0
19.0
13.0
14.0
13.0
15.0
15.0
9.0
5.0
11.0
7.0
7.0
6.0
6.0
4.0
3.0
4.0
7.0
4.0
5.0
8.0
6.0
2.0
5.0
0.0
8.0
4.0
5.0
2.0
6.0
2.0
4.0
3.0
2.0
2.0
8.0
6.0
1.0
3.0
0.0
4.0
4.0
5.0
1.0
6.0
4.0
8.0
6.0
4.0
8.0
2.0
0.0
4.0
3.0
5.0
4.0
2.0
3.0
3.0
6.0
4.0
6.0
5.0
1.0
5.0
6.0
6.0
5.0
3.0
3.0
2.0
3.0
4.0
5.0
3.0
2.0
1.0
3.0
5.0
6.0
5.0
4.0
4.0
4.0
4.0
2.0
2.0
3.0
3.0
1.0
5.0
5.0
3.0
5.0
5.0
3.0
2.0
2.0
3.0
5.0
7.0
5.0
3.0
0.0
7.0
0.0
1.0
3.0
2.0
5.0
4.0
2.0
2.0
7.0
2.0
5.0
2.0
9.0
7.0
2.0
2.0
2.0
2.0
3.0
5.0
4.0
1.0
9.0
4.0
5.0
2.0
6.0
3.0
5.0
1.0
4.0
2.0
6.0
2.0
6.0
1.0
3.0
7.0
3.0
5.0
3.0
6.0
2.0
1.0
4.0
5.0
4.0
7.0
6.0
1.0
6.0
3.0
7.0
3.0
2.0
3.0
4.0
4.0
3.0
2.0
3.0
5.0
5.0
5.0
7.0
3.0
2.0
5.0
3.0
3.0
3.0
12.0
9.0
11.0
10.0
10.0
6.0
7.0
8.0
9.0
11.0
10.0
3.0
8.0
6.0
10.0
8.0
6.0
6.0
5.0
3.0
9.0
8.0
6.0
4.0
5.0
4.0
6.0
4.0
5.0
9.0
5.0
4.0
4.0
2.0
9.0
4.0
6.0
7.0
10.0
9.0
7.0
9.0
8.0
3.0
4.0
12.0
5.0
8.0
10.0
9.0
10.0
8.0
10.0
6.0
6.0
12.0
5.0
6.0
5.0
6.0
6.0
9.0
4.0
3.0
6.0
4.0
6.0
2.0
5.0
3.0
3.0
3.0
6.0
6.0
2.0
5.0
5.0
0.0
3.0
4.0
3.0
4.0
3.0
4.0
4.0
3.0
7.0
2.0
4.0
3.0
3.0
4.0
5.0
4.0
1.0
3.0
9.0
3.0
4.0
1.0
3.0
3.0
7.0
3.0
3.0
8.0
2.0
4.0
2.0
4.0
5.0
2.0
0.0
5.0
2.0
3.0
3.0
6.0
5.0
5.0
3.0
0.0
2.0
4.0
1.0
3.0
3.0
4.0
5.0
6.0
9.0
6.0
6.0
3.0
4.0
9.0
7.0
10.0
9.0
5.0
8.0
4.0
7.0
8.0
3.0
11.0
4.0
7.0
7.0
5.0
2.0
6.0
2.0
4.0
5.0
6.0
4.0
2.0
6.0
4.0
2.0
4.0
4.0
8.0
2.0
6.0
2.0
1.0
4.0
2.0
6.0
2.0
3.0
4.0
4.0
1.0
2.0
4.0
1.0
3.0
4.0
1.0
6.0
4.0
8.0
7.0
6.0
3.0
4.0
3.0
3.0
3.0
6.0
4.0
6.0
1.0
2.0
2.0
2.0
3.0
6.0
4.0
6.0
0.0
1.0
5.0
4.0
2.0
4.0
4.0
5.0
4.0
2.0
4.0
3.0
7.0
0.0
3.0
2.0
3.0
3.0
7.0
2.0
1.0
5.0
1.0
3.0
3.0
3.0
1.0
2.0
6.0
2.0
7.0
4.0
6.0
3.0
4.0
4.0
1.0
5.0
6.0
1.0
4.0
3.0
3.0
2.0
4.0
1.0
4.0
2.0
3.0
1.0
3.0
5.0
2.0
0.0
2.0
2.0
4.0
3.0
3.0
3.0
2.0
2.0
3.0
1.0
2.0
2.0
1.0
2.0
1.0
3.0
5.0
5.0
6.0
2.0
2.0
3.0
3.0
5.0
3.0
3.0
3.0
3.0
3.0
4.0
4.0
5.0
3.0
4.0
2.0
8.0
1.0
3.0
2.0
1.0
1.0
1.0
4.0
5.0
0.0
2.0
1.0
1.0
1.0
4.0
1.0
3.0
1.0
3.0
3.0
5.0
3.0
4.0
1.0
1.0
3.0
3.0
3.0
1.0
2.0
2.0
5.0
1.0
0.0
3.0
2.0
1.0
2.0
1.0
2.0
2.0
1.0
3.0
3.0
2.0
4.0
0.0
4.0
6.0
1.0
1.0
1.0
1.0
3.0
2.0
2.0
2.0
0.0
2.0
4.0
0.0
1.0
1.0
1.0
1.0
0.0
0.0
0.0
0.0
2.0
4.0
2.0
0.0
3.0
1.0
1.0
4.0
4.0
1.0
3.0
2.0
1.0
4.0
3.0
3.0
1.0
7.0
5.0
3.0
2.0
6.0
2.0
4.0
2.0
3.0
5.0
3.0
2.0
3.0
4.0
0.0
2.0
2.0
3.0
3.0
5.0
0.0
2.0
3.0
2.0
2.0
3.0
0.0
2.0
1.0
1.0
1.0
2.0
0.0
1.0
2.0
0.0
1.0
1.0
0.0
3.0
1.0
3.0
2.0
0.0
1.0
1.0
0.0
0.0
1.0
1.0
3.0
1.0
2.0
3.0
0.0
1.0
3.0
1.0
2.0
1.0
1.0
2.0
4.0
1.0
2.0
0.0
1.0
0.0
1.0
1.0
0.0
2.0
2.0
0.0
1.0
3.0
0.0
2.0
0.0
1.0
1.0
0.0
1.0
2.0
4.0
2.0
5.0
3.0
3.0
1.0
3.0
1.0
1.0
2.0
3.0
1.0
2.0
3.0
0.0
2.0
1.0
2.0
3.0
1.0
3.0
4.0
6.0
9.0
3.0
6.0
4.0
2.0
12.0
4.0
5.0
2.0
7.0
7.0
10.0
8.0
3.0
7.0
6.0
7.0
1.0
5.0
8.0
4.0
6.0
7.0
12.0
5.0
3.0
7.0
4.0
3.0
2.0
2.0
4.0
3.0
1.0
3.0
1.0
4.0
0.0
1.0
2.0
2.0
0.0
1.0
0.0
0.0
0.0
4.0
0.0
2.0
0.0
1.0
0.0
0.0
0.0
1.0
1.0
2.0
1.0
0.0
1.0
0.0
2.0
2.0
0.0
4.0
1.0
2.0
0.0
0.0
0.0
1.0
2.0
3.0
0.0
0.0
5.0
1.0
4.0
4.0
8.0
6.0
5.0
5.0
10.0
8.0
6.0
4.0
13.0
10.0
9.0
4.0
7.0
13.0
18.0
17.0
11.0
8.0
6.0
12.0
7.0
7.0
6.0
10.0
5.0
6.0
6.0
8.0
5.0
1.0
5.0
6.0
7.0
5.0
6.0
1.0
3.0
1.0
2.0
1.0
1.0
0.0
3.0
0.0
0.0
0.0
1.0
0.0
1.0
0.0
0.0
0.0
0.0
0.0
0.0
1.0
0.0
1.0
0.0
1.0
1.0
0.0
0.0
1.0
1.0
0.0
0.0
0.0
2.0
1.0
0.0
1.0
1.0
1.0
0.0
3.0
1.0
0.0
0.0
0.0
0.0
0.0
1.0
0.0
0.0
1.0
0.0
0.0
0.0
0.0
2.0
0.0
0.0
2.0
1.0
1.0
1.0
0.0
0.0
0.0
0.0
1.0
1.0
0.0
0.0
1.0
1.0
0.0
0.0
0.0
2.0
0.0
0.0
0.0
2.0
1.0
0.0
2.0
1.0
0.0
1.0
1.0
0.0
3.0
1.0
1.0
1.0
1.0
0.0
0.0
0.0
0.0
1.0
0.0
0.0
0.0
1.0
1.0
1.0
2.0
0.0
0.0
1.0
1.0
0.0
0.0
0.0
0.0
0.0
0.0
0.0
0.0
0.0
0.0
0.0
0.0
0.0
0.0
1.0
0.0
1.0
0.0
1.0
1.0
3.0
0.0
0.0
0.0
1.0
0.0
0.0
0.0
0.0
0.0
0.0
0.0
0.0
2.0
2.0
1.0
1.0
0.0
0.0
0.0
0.0
0.0
1.0
1.0
2.0
1.0
1.0
0.0
0.0
0.0
0.0
0.0
1.0
1.0
0.0
0.0
2.0
2.0
1.0
0.0
0.0
2.0
1.0
1.0
1.0
1.0
0.0
0.0
3.0
1.0
0.0
0.0
0.0
0.0
0.0
1.0
0.0
1.0
2.0
0.0
1.0
0.0
0.0
0.0
0.0
0.0
1.0
0.0
1.0
0.0
1.0
1.0
1.0
0.0
0.0
0.0
0.0
0.0
1.0
0.0
0.0
1.0
1.0
0.0
3.0
1.0
0.0
1.0
1.0
0.0
1.0
0.0
0.0
1.0
0.0
2.0
0.0
1.0
0.0
0.0
2.0
0.0
0.0
0.0
0.0
0.0
0.0
0.0
0.0
1.0
0.0
0.0
1.0
2.0
1.0
1.0
0.0
0.0
1.0
0.0
0.0
1.0
0.0
0.0
0.0
1.0
0.0
1.0
0.0
1.0
0.0
0.0
0.0
1.0
0.0
1.0
2.0
0.0
0.0
1.0
0.0
0.0
0.0
0.0
1.0
0.0
1.0
1.0
0.0
0.0
0.0
0.0
0.0
0.0
2.0
1.0
0.0
0.0
0.0
0.0
0.0
0.0
1.0
0.0
1.0
1.0
2.0
0.0
3.0
0.0
1.0
0.0
0.0
0.0
0.0
1.0
1.0
1.0
0.0
1.0
0.0
0.0
0.0
1.0
0.0
0.0
0.0
2.0
1.0
0.0
0.0
1.0
0.0
0.0
1.0
0.0
0.0
1.0
0.0
2.0
0.0
0.0
0.0
0.0
0.0
1.0
0.0
0.0
0.0
0.0
0.0
2.0
0.0
0.0
1.0
0.0
0.0
0.0
0.0
0.0
1.0
0.0
2.0
0.0
0.0
1.0
1.0
0.0
0.0
1.0
0.0
0.0
0.0
0.0
0.0
0.0
2.0
0.0
0.0
1.0
0.0
0.0
1.0
0.0
1.0
0.0
0.0
0.0
0.0
0.0
0.0
1.0
1.0
2.0
0.0
0.0
0.0
0.0
0.0
1.0
0.0
0.0
0.0
2.0
1.0
1.0
0.0
0.0
0.0
1.0
0.0
0.0
0.0
0.0
1.0
0.0
0.0
0.0
0.0
0.0
2.0
0.0
0.0
1.0
2.0
1.0
0.0
1.0
0.0
1.0
0.0
1.0
1.0
0.0
0.0
1.0
0.0
0.0
1.0
1.0
0.0
2.0
2.0
1.0
1.0
1.0
2.0
1.0
0.0
2.0
1.0
2.0
0.0
2.0
1.0
1.0
2.0
0.0
0.0
2.0
3.0
0.0
0.0
0.0
0.0
0.0
1.0
1.0
1.0
2.0
1.0
0.0
0.0
1.0
1.0
0.0
0.0
1.0
0.0
0.0
1.0
0.0
1.0
0.0
0.0
2.0
1.0
0.0
1.0
0.0
1.0
0.0
0.0
0.0
0.0
0.0
0.0
1.0
0.0
0.0
0.0
1.0
0.0
0.0
1.0
0.0
0.0
1.0
0.0
1.0
0.0
0.0
0.0
1.0
3.0
1.0
0.0
0.0
1.0
0.0
0.0
0.0
1.0
0.0
1.0
0.0
1.0
0.0
0.0
0.0
0.0
1.0
0.0
2.0
0.0
0.0
1.0
0.0
1.0
0.0
0.0
0.0
0.0
0.0
0.0
0.0
0.0
0.0
1.0
0.0
0.0
0.0
2.0
0.0
1.0
0.0
0.0
0.0
0.0
0.0
0.0
0.0
1.0
1.0
0.0
0.0
1.0
0.0
0.0
0.0
0.0
0.0
0.0
0.0
1.0
3.0
1.0
0.0
1.0
0.0
1.0
1.0
0.0
0.0
0.0
0.0
0.0
0.0
1.0
1.0
0.0
0.0
0.0
0.0
1.0
1.0
0.0
0.0
1.0
0.0
0.0
0.0
0.0
1.0
1.0
1.0
0.0
0.0
0.0
1.0
1.0
0.0
0.0
0.0
0.0
0.0
0.0
0.0
0.0
0.0
2.0
0.0
1.0
1.0
0.0
1.0
0.0
0.0
0.0
0.0
0.0
0.0
0.0
0.0
0.0
2.0
0.0
0.0
0.0
2.0
0.0
0.0
0.0
0.0
2.0
0.0
0.0
1.0
1.0
0.0
0.0
0.0
0.0
0.0
0.0
0.0
0.0
0.0
0.0
0.0
0.0
0.0
0.0
0.0
1.0
0.0
1.0
0.0
0.0
1.0
1.0
0.0
0.0
0.0
0.0
0.0
0.0
0.0
0.0
1.0
0.0
0.0
0.0
0.0
0.0
1.0
1.0
0.0
0.0
1.0
0.0
1.0
0.0
0.0
0.0
0.0
1.0
0.0
0.0
0.0
0.0
0.0
1.0
0.0
1.0
2.0
0.0
1.0
0.0
0.0
2.0
0.0
0.0
1.0
0.0
0.0
0.0
1.0
0.0
0.0
0.0
0.0
0.0
0.0
0.0
1.0
1.0
2.0
0.0
0.0
0.0
0.0
0.0
0.0
1.0
0.0
0.0
1.0
1.0
0.0
1.0
0.0
0.0
0.0
1.0
0.0
0.0
0.0
0.0
1.0
0.0
0.0
0.0
0.0
0.0
0.0
0.0
0.0
1.0
1.0
0.0
0.0
0.0
1.0
1.0
0.0
0.0
1.0
1.0
0.0
0.0
0.0
0.0
0.0
1.0
0.0
0.0
0.0
0.0
0.0
0.0
1.0
0.0
0.0
1.0
0.0
0.0
0.0
0.0
0.0
0.0
0.0
0.0
0.0
0.0
1.0
0.0
1.0
0.0
0.0
0.0
0.0
0.0
1.0
0.0
0.0
1.0
0.0
0.0
1.0
1.0
0.0
0.0
0.0
0.0
1.0
0.0
0.0
0.0
0.0
1.0
0.0
0.0
0.0
0.0
0.0
1.0
0.0
0.0
0.0
0.0
0.0
0.0
0.0
1.0
1.0
0.0
0.0
0.0
1.0
0.0
0.0
0.0
0.0
0.0
1.0
0.0
0.0
0.0
1.0
1.0
0.0
0.0
0.0
0.0
0.0
0.0
0.0
1.0
1.0
0.0
0.0
0.0
1.0
0.0
0.0
0.0
0.0
0.0
1.0
0.0
1.0
0.0
0.0
0.0
2.0
0.0
0.0
0.0
0.0
0.0
0.0
0.0
1.0
0.0
0.0
3.0
0.0
0.0
0.0
0.0
0.0
0.0
0.0
0.0
0.0
0.0
2.0
0.0
0.0
0.0
0.0
0.0
0.0
0.0
0.0
0.0
0.0
1.0
0.0
0.0
0.0
0.0
0.0
0.0
0.0
1.0
0.0
0.0
0.0
0.0
0.0
0.0
1.0
0.0
1.0
1.0
0.0
0.0
1.0
0.0
1.0
0.0
0.0
0.0
0.0
2.0
1.0
0.0
1.0
0.0
0.0
0.0
1.0
0.0
0.0
0.0
0.0
1.0
0.0
1.0
2.0
0.0
0.0
0.0
1.0
0.0
0.0
1.0
0.0
1.0
0.0
1.0
0.0
1.0
1.0
0.0
0.0
0.0
1.0
1.0
0.0
0.0
0.0
0.0
0.0
0.0
0.0
0.0
0.0
0.0
0.0
0.0
0.0
2.0
0.0
0.0
0.0
2.0
1.0
0.0
0.0
0.0
2.0
0.0
0.0
0.0
0.0
0.0
0.0
0.0
0.0
0.0
0.0
1.0
1.0
0.0
0.0
0.0
0.0
0.0
1.0
0.0
1.0
1.0
1.0
0.0
0.0
0.0
0.0
4.0
0.0
0.0
0.0
0.0
0.0
0.0
0.0
0.0
0.0
1.0
1.0
0.0
0.0
0.0
0.0
0.0
0.0
2.0
0.0
0.0
0.0
0.0
0.0
0.0
0.0
1.0
0.0
0.0
0.0
0.0
0.0
0.0
0.0
1.0
0.0
0.0
0.0
0.0
0.0
0.0
0.0
0.0
0.0
0.0
2.0
0.0
1.0
0.0
1.0
0.0
1.0
0.0
0.0
0.0
0.0
0.0
0.0
1.0
1.0
0.0
1.0
0.0
0.0
1.0
0.0
0.0
0.0
0.0
1.0
1.0
0.0
0.0
0.0
0.0
0.0
0.0
1.0
1.0
0.0
2.0
1.0
0.0
0.0
0.0
0.0
0.0
0.0
0.0
0.0
0.0
0.0
1.0
0.0
0.0
0.0
0.0
0.0
0.0
0.0
0.0
0.0
0.0
0.0
0.0
1.0
1.0
0.0
0.0
1.0
1.0
0.0
2.0
0.0
1.0
0.0
0.0
1.0
0.0
0.0
1.0
0.0
0.0
0.0
0.0
2.0
0.0
0.0
0.0
0.0
0.0
1.0
0.0
0.0
0.0
0.0
2.0
0.0
1.0
0.0
0.0
0.0
0.0
0.0
0.0
0.0
1.0
1.0
0.0
0.0
0.0
0.0
1.0
0.0
1.0
0.0
0.0
1.0
0.0
0.0
0.0
0.0
0.0
0.0
1.0
0.0
0.0
0.0
0.0
2.0
0.0
0.0
0.0
0.0
0.0
0.0
1.0
0.0
1.0
2.0
1.0
1.0
1.0
0.0
1.0
0.0
0.0
0.0
0.0
0.0
0.0
0.0
0.0
2.0
1.0
1.0
0.0
0.0
0.0
1.0
2.0
0.0
0.0
0.0
0.0
0.0
0.0
1.0
1.0
0.0
0.0
0.0
1.0
0.0
2.0
0.0
0.0
0.0
1.0
0.0
0.0
0.0
0.0
0.0
2.0
1.0
0.0
0.0
0.0
1.0
0.0
0.0
0.0
0.0
0.0
0.0
0.0
0.0
0.0
0.0
0.0
0.0
0.0
0.0
0.0
1.0
1.0
2.0
0.0
0.0
0.0
0.0
1.0
0.0
0.0
0.0
1.0
0.0
0.0
0.0
1.0
0.0
0.0
0.0
0.0
0.0
1.0
0.0
0.0
1.0
0.0
1.0
0.0
0.0
0.0
2.0
0.0
0.0
1.0
0.0
0.0
0.0
1.0
0.0
1.0
0.0
0.0
0.0
0.0
0.0
1.0
0.0
1.0
0.0
1.0
0.0
0.0
0.0
0.0
0.0
1.0
0.0
0.0
0.0
0.0
0.0
0.0
0.0
0.0
0.0
0.0
0.0
0.0
0.0
0.0
0.0
0.0
0.0
1.0
0.0
1.0
1.0
0.0
0.0
1.0
0.0
0.0
2.0
2.0
0.0
0.0
1.0
0.0
0.0
0.0
0.0
0.0
0.0
0.0
1.0
4.0
0.0
1.0
0.0
1.0
0.0
0.0
0.0
0.0
0.0
0.0
0.0
0.0
0.0
0.0
1.0
0.0
1.0
0.0
0.0
1.0
0.0
0.0
0.0
0.0
0.0
0.0
0.0
0.0
0.0
0.0
0.0
0.0
0.0
0.0
0.0
0.0
1.0
0.0
0.0
0.0
0.0
0.0
0.0
1.0
0.0
0.0
1.0
1.0
0.0
0.0
1.0
0.0
0.0
0.0
0.0
0.0
0.0
1.0
0.0
1.0
0.0
2.0
0.0
0.0
0.0
1.0
0.0
0.0
0.0
0.0
1.0
0.0
0.0
0.0
0.0
0.0
0.0
0.0
2.0
0.0
0.0
0.0
0.0
0.0
1.0
1.0
0.0
0.0
0.0
0.0
0.0
0.0
1.0
1.0
0.0
0.0
0.0
1.0
0.0
0.0
0.0
0.0
0.0
1.0
0.0
0.0
1.0
1.0
0.0
0.0
0.0
0.0
0.0
0.0
0.0
0.0
1.0
0.0
0.0
0.0
0.0
1.0
0.0
0.0
1.0
0.0
0.0
0.0
0.0
0.0
0.0
0.0
0.0
1.0
0.0
0.0
0.0
0.0
0.0
0.0
0.0
1.0
0.0
0.0
0.0
0.0
0.0
1.0
0.0
0.0
0.0
0.0
0.0
0.0
0.0
0.0
1.0
0.0
0.0
0.0
0.0
0.0
0.0
0.0
0.0
0.0
1.0
0.0
0.0
0.0
0.0
0.0
0.0
0.0
2.0
0.0
1.0
0.0
0.0
0.0
0.0
0.0
1.0
1.0
0.0
0.0
0.0
0.0
0.0
0.0
0.0
1.0
0.0
0.0
1.0
0.0
0.0
0.0
0.0
0.0
0.0
1.0
0.0
1.0
1.0
0.0
0.0
0.0
0.0
0.0
0.0
0.0
0.0
0.0
0.0
0.0
0.0
0.0
0.0
0.0
0.0
0.0
0.0
0.0
0.0
0.0
0.0
0.0
0.0
0.0
0.0
0.0
0.0
0.0
0.0
0.0
0.0
0.0
0.0
0.0
0.0
0.0
0.0
0.0
0.0
0.0
0.0
0.0
0.0
1.0
0.0
0.0
0.0
0.0
0.0
0.0
0.0
0.0
0.0
0.0
0.0
0.0
0.0
0.0
0.0
0.0
0.0
0.0
0.0
0.0
0.0
0.0
0.0
1.0
0.0
0.0
0.0
0.0
0.0
0.0
0.0
0.0
0.0
0.0
0.0
0.0
0.0
0.0
0.0
0.0
0.0
0.0
0.0
0.0
0.0
0.0
0.0
0.0
0.0
0.0
0.0
0.0
0.0
0.0
0.0
0.0
0.0
0.0
0.0
0.0
0.0
0.0
0.0
0.0
0.0
0.0
0.0
0.0
0.0
0.0
0.0
0.0
1.0
0.0
0.0
0.0
0.0
0.0
0.0
0.0
0.0
0.0
0.0
0.0
0.0
0.0
0.0
0.0
0.0
0.0
0.0
0.0
0.0
1.0
0.0
0.0
0.0
0.0
0.0
0.0
1.0
0.0
1.0
0.0
0.0
0.0
1.0
0.0
0.0
1.0
1.0
1.0
0.0
0.0
0.0
0.0
0.0
1.0
0.0
1.0
1.0
1.0
2.0
0.0
0.0
1.0
1.0
2.0
0.0
0.0
1.0
0.0
0.0
1.0
0.0
0.0
0.0
2.0
0.0
1.0
2.0
0.0
3.0
0.0
1.0
3.0
0.0
1.0
0.0
1.0
1.0
1.0
0.0
0.0
2.0
0.0
1.0
0.0
1.0
0.0
0.0
0.0
0.0
4.0
0.0
0.0
0.0
0.0
0.0
3.0
0.0
0.0
1.0
0.0
0.0
0.0
0.0
0.0
1.0
0.0
0.0
0.0
0.0
0.0
0.0
0.0
0.0
0.0
0.0
0.0
1.0
0.0
0.0
0.0
0.0
0.0
0.0
0.0
0.0
0.0
0.0
0.0
0.0
0.0
0.0
0.0
0.0
0.0
0.0
0.0
0.0
0.0
0.0
0.0
0.0
0.0
0.0
0.0
0.0
0.0
0.0
0.0
0.0
0.0
0.0
1.0
0.0
0.0
0.0
0.0
0.0
0.0
0.0
0.0
0.0
0.0
0.0
0.0
0.0
0.0
0.0
0.0
0.0
0.0
0.0
0.0
0.0
0.0
0.0
0.0
0.0
0.0
0.0
0.0
0.0
0.0
0.0
0.0
0.0
0.0
0.0
0.0
0.0
0.0
0.0
0.0
0.0
0.0
0.0
0.0
0.0
0.0
0.0
0.0
0.0
0.0
0.0
0.0
0.0
0.0
0.0
0.0
0.0
0.0
1.0
0.0
0.0
0.0
0.0
1.0
0.0
0.0
0.0
0.0
0.0
0.0
0.0
0.0
0.0
0.0
0.0
0.0
0.0
0.0
0.0
0.0
0.0
0.0
0.0
0.0
0.0
0.0
0.0
0.0
0.0
0.0
0.0
0.0
0.0
0.0
0.0
0.0
0.0
0.0
0.0
0.0
0.0
0.0
0.0
0.0
0.0
0.0
0.0
0.0
0.0
0.0
0.0
0.0
0.0
0.0
0.0
0.0
0.0
0.0
0.0
0.0
0.0
0.0
0.0
0.0
0.0
0.0
0.0
0.0
0.0
0.0
0.0
0.0
0.0
0.0
0.0
0.0
0.0
0.0
0.0
0.0
0.0
0.0
0.0
0.0
0.0
0.0
0.0
0.0
0.0
0.0
0.0
0.0
0.0
0.0
0.0
0.0
0.0
0.0
0.0
0.0
0.0
0.0
0.0
0.0
0.0
0.0
0.0
0.0
0.0
0.0
0.0
0.0
0.0
0.0
0.0
1.0
0.0
0.0
0.0
0.0
0.0
0.0
0.0
0.0
0.0
0.0
0.0
0.0
0.0
0.0
0.0
0.0
0.0
0.0
0.0
0.0
0.0
0.0
0.0
0.0
0.0
0.0
0.0
1.0
0.0
0.0
0.0
0.0
0.0
0.0
0.0
0.0
0.0
0.0
0.0
0.0
0.0
0.0
0.0
0.0
0.0
0.0
0.0
0.0
0.0
0.0
0.0
0.0
0.0
0.0
1.0
0.0
0.0
0.0
0.0
0.0
0.0
0.0
0.0
0.0
0.0
0.0
0.0
0.0
0.0
0.0
0.0
0.0
0.0
0.0
1.0
0.0
0.0
0.0
0.0
0.0
0.0
0.0
0.0
0.0
0.0
0.0
0.0
0.0
0.0
0.0
0.0
0.0
0.0
0.0
0.0
0.0
1.0
0.0
0.0
0.0
0.0
0.0
0.0
0.0
0.0
0.0
0.0
0.0
0.0
0.0
0.0
0.0
0.0
0.0
0.0
0.0
0.0
0.0
0.0
0.0
0.0
0.0
0.0
0.0
0.0
0.0
0.0
0.0
0.0
0.0
0.0
0.0
0.0
0.0
0.0
0.0
0.0
0.0
0.0
0.0
0.0
0.0
0.0
0.0
0.0
0.0
0.0
0.0
0.0
0.0
0.0
0.0
0.0
0.0
0.0
0.0
0.0
0.0
0.0
0.0
0.0
0.0
0.0
0.0
0.0
0.0
0.0
0.0
0.0
0.0
0.0
0.0
0.0
0.0
0.0
0.0
0.0
0.0
0.0
0.0
0.0
0.0
0.0
0.0
0.0
0.0
0.0
0.0
0.0
0.0
0.0
0.0
0.0
0.0
0.0
0.0
0.0
0.0
0.0
0.0
0.0
0.0
0.0
0.0
0.0
0.0
0.0
0.0
0.0
0.0
0.0
0.0
0.0
0.0
0.0
0.0
0.0
0.0
0.0
0.0
0.0
0.0
0.0
0.0
0.0
0.0
0.0
0.0
0.0
0.0
0.0
0.0
0.0
0.0
0.0
0.0
0.0
0.0
0.0
0.0
0.0
0.0
0.0
0.0
0.0
0.0
0.0
0.0
0.0
0.0
0.0
0.0
0.0
0.0
0.0
0.0
0.0
0.0
0.0
0.0
0.0
0.0
0.0
0.0
0.0
0.0
0.0
0.0
0.0
0.0
0.0
0.0
0.0
0.0
0.0
0.0
0.0
0.0
0.0
0.0
0.0
0.0
0.0
0.0
0.0
0.0
0.0
0.0
0.0
0.0
0.0
0.0
1.0
0.0
0.0
0.0
0.0
0.0
0.0
0.0
0.0
0.0
0.0
0.0
0.0
0.0
0.0
0.0
0.0
0.0
0.0
0.0
0.0
0.0
0.0
0.0
0.0
0.0
0.0
0.0
0.0
0.0
0.0
0.0
0.0
0.0
0.0
0.0
0.0
0.0
0.0
0.0
0.0
0.0
0.0
0.0
0.0
0.0
0.0
0.0
0.0
0.0
0.0
0.0
0.0
0.0
0.0
0.0
0.0
0.0
0.0
0.0
0.0
0.0
0.0
0.0
0.0
0.0
0.0
0.0
0.0
0.0
0.0
0.0
0.0
0.0
0.0
0.0
0.0
0.0
0.0
0.0
0.0
0.0
0.0
0.0
0.0
0.0
0.0
0.0
0.0
0.0
0.0
0.0
0.0
0.0
0.0
0.0
0.0
0.0
0.0
0.0
0.0
0.0
0.0
0.0
1.0
0.0
0.0
0.0
0.0
0.0
0.0
0.0
0.0
0.0
0.0
0.0
0.0
0.0
0.0
0.0
0.0
0.0
0.0
0.0
0.0
0.0
0.0
0.0
0.0
0.0
0.0
0.0
0.0
0.0
0.0
0.0
0.0
0.0
0.0
0.0
0.0
0.0
0.0
0.0
0.0
0.0
0.0
0.0
0.0
0.0
0.0
0.0
0.0
0.0
0.0
0.0
0.0
0.0
0.0
0.0
0.0
0.0
0.0
0.0
0.0
0.0
0.0
0.0
0.0
0.0
0.0
0.0
0.0
0.0
1.0
0.0
0.0
0.0
0.0
0.0
0.0
0.0
0.0
0.0
0.0
0.0
0.0
0.0
0.0
0.0
0.0
0.0
0.0
0.0
0.0
0.0
0.0
0.0
0.0
0.0
0.0
0.0
0.0
0.0
0.0
0.0
1.0
0.0
0.0
0.0
0.0
0.0
1.0
0.0
0.0
0.0
0.0
0.0
0.0
0.0
0.0
0.0
0.0
0.0
0.0
0.0
0.0
0.0
0.0
0.0
0.0
0.0
0.0
0.0
0.0
0.0
0.0
0.0
0.0
0.0
0.0
0.0
0.0
0.0
1.0
0.0
0.0
0.0
0.0
0.0
0.0
1.0
0.0
0.0
0.0
0.0
0.0
0.0
0.0
0.0
0.0
0.0
0.0
0.0
0.0
0.0
0.0
0.0
0.0
0.0
0.0
0.0
0.0
0.0
0.0
0.0
0.0
0.0
0.0
1.0
0.0
0.0
0.0
1.0
0.0
0.0
0.0
0.0
0.0
0.0
0.0
0.0
0.0
0.0
0.0
0.0
0.0
0.0
0.0
0.0
0.0
0.0
0.0
0.0
0.0
0.0
0.0
0.0
0.0
0.0
0.0
0.0
0.0
0.0
0.0
0.0
0.0
0.0
0.0
0.0
0.0
0.0
0.0
0.0
0.0
0.0
0.0
0.0
0.0
1.0
0.0
0.0
0.0
0.0
0.0
0.0
0.0
0.0
0.0
0.0
0.0
0.0
0.0
0.0
0.0
0.0
0.0
0.0
0.0
0.0
0.0
0.0
0.0
0.0
0.0
0.0
0.0
0.0
0.0
0.0
0.0
0.0
0.0
0.0
0.0
0.0
0.0
0.0
0.0
0.0
0.0
0.0
0.0
0.0
0.0
0.0
0.0
0.0
0.0
0.0
0.0
0.0
0.0
0.0
0.0
0.0
0.0
0.0
0.0
0.0
0.0
0.0
0.0
0.0
0.0
0.0
0.0
0.0
0.0
0.0
0.0
0.0
0.0
0.0
0.0
0.0
0.0
0.0
0.0
0.0
0.0
0.0
0.0
0.0
0.0
0.0
0.0
0.0
0.0
0.0
0.0
0.0
0.0
0.0
0.0
0.0
0.0
0.0
0.0
0.0
0.0
0.0
1.0
0.0
0.0
0.0
0.0
0.0
0.0
0.0
0.0
0.0
0.0
0.0
0.0
1.0
0.0
0.0
0.0
0.0
0.0
0.0
0.0
0.0
0.0
0.0
0.0
0.0
0.0
0.0
0.0
0.0
0.0
0.0
0.0
0.0
0.0
0.0
0.0
0.0
0.0
0.0
0.0
0.0
0.0
0.0
0.0
0.0
0.0
0.0
0.0
0.0
1.0
0.0
0.0
0.0
0.0
0.0
0.0
0.0
0.0
0.0
0.0
0.0
0.0
0.0
0.0
0.0
0.0
0.0
0.0
0.0
0.0
0.0
0.0
0.0
0.0
0.0
0.0
0.0
0.0
0.0
0.0
0.0
1.0
0.0
0.0
0.0
0.0
0.0
0.0
0.0
0.0
0.0
0.0
0.0
0.0
0.0
0.0
0.0
0.0
0.0
0.0
0.0
0.0
0.0
0.0
0.0
0.0
0.0
0.0
0.0
0.0
0.0
0.0
0.0
0.0
0.0
0.0
0.0
0.0
0.0
0.0
0.0
0.0
0.0
0.0
0.0
0.0
0.0
0.0
0.0
1.0
0.0
0.0
0.0
0.0
0.0
0.0
0.0
0.0
0.0
0.0
0.0
0.0
0.0
0.0
0.0
0.0
0.0
0.0
0.0
0.0
0.0
0.0
0.0
0.0
0.0
0.0
0.0
0.0
0.0
0.0
0.0
0.0
0.0
0.0
0.0
0.0
0.0
0.0
0.0
0.0
0.0
0.0
0.0
0.0
0.0
0.0
0.0
0.0
0.0
0.0
0.0
0.0
0.0
0.0
0.0
0.0
0.0
0.0
0.0
0.0
0.0
0.0
0.0
0.0
0.0
0.0
0.0
0.0
0.0
0.0
0.0
0.0
0.0
0.0
0.0
0.0
0.0
0.0
0.0
0.0
0.0
0.0
0.0
0.0
0.0
0.0
0.0
0.0
0.0
0.0
0.0
0.0
0.0
0.0
0.0
0.0
0.0
0.0
0.0
0.0
0.0
0.0
0.0
0.0
0.0
0.0
0.0
0.0
0.0
0.0
0.0
0.0
0.0
0.0
0.0
0.0
0.0
0.0
0.0
0.0
0.0
0.0
0.0
0.0
0.0
0.0
0.0
0.0
0.0
0.0
0.0
0.0
0.0
0.0
0.0
0.0
0.0
0.0
0.0
0.0
0.0
0.0
0.0
0.0
0.0
0.0
0.0
0.0
0.0
0.0
0.0
0.0
0.0
0.0
0.0
0.0
0.0
0.0
0.0
0.0
0.0
0.0
0.0
0.0
0.0
0.0
0.0
0.0
0.0
0.0
0.0
0.0
0.0
0.0
0.0
0.0
0.0
0.0
0.0
0.0
0.0
0.0
0.0
0.0
0.0
0.0
0.0
0.0
0.0
0.0
0.0
0.0
0.0
0.0
0.0
0.0
0.0
0.0
0.0
0.0
0.0
0.0
0.0
0.0
0.0
0.0
0.0
0.0
0.0
0.0
0.0
0.0
0.0
0.0
0.0
0.0
0.0
0.0
0.0
0.0
0.0
0.0
0.0
0.0
0.0
0.0
0.0
0.0
0.0
0.0
0.0
0.0
0.0
0.0
0.0
0.0
0.0
0.0
0.0
1.0
0.0
0.0
0.0
0.0
0.0
0.0
0.0
0.0
0.0
0.0
1.0
0.0
0.0
0.0
0.0
0.0
0.0
0.0
0.0
0.0
1.0
0.0
0.0
0.0
0.0
0.0
0.0
0.0
0.0
0.0
0.0
0.0
0.0
0.0
0.0
0.0
0.0
0.0
0.0
0.0
0.0
0.0
0.0
0.0
0.0
0.0
0.0
0.0
0.0
0.0
0.0
0.0
0.0
0.0
0.0
0.0
0.0
0.0
0.0
0.0
0.0
0.0
0.0
0.0
0.0
0.0
0.0
0.0
1.0
0.0
0.0
0.0
0.0
0.0
0.0
0.0
0.0
0.0
0.0
0.0
0.0
0.0
0.0
0.0
0.0
0.0
0.0
0.0
0.0
0.0
0.0
0.0
0.0
0.0
0.0
0.0
0.0
0.0
0.0
0.0
0.0
0.0
0.0
0.0
0.0
0.0
0.0
0.0
0.0
0.0
0.0
0.0
0.0
0.0
0.0
0.0
0.0
0.0
0.0
0.0
1.0
0.0
0.0
0.0
0.0
0.0
0.0
0.0
0.0
0.0
0.0
0.0
0.0
0.0
0.0
0.0
0.0
0.0
0.0
0.0
0.0
0.0
0.0
0.0
0.0
0.0
0.0
0.0
0.0
0.0
0.0
0.0
0.0
0.0
0.0
0.0
0.0
0.0
0.0
0.0
0.0
0.0
0.0
0.0
0.0
0.0
0.0
0.0
0.0
0.0
0.0
0.0
0.0
0.0
0.0
0.0
0.0
0.0
0.0
0.0
0.0
0.0
0.0
0.0
0.0
0.0
0.0
0.0
0.0
0.0
0.0
0.0
0.0
0.0
0.0
0.0
0.0
0.0
0.0
0.0
0.0
0.0
0.0
0.0
0.0
0.0
0.0
0.0
0.0
1.0
0.0
0.0
0.0
0.0
0.0
0.0
0.0
0.0
0.0
0.0
0.0
0.0
0.0
0.0
0.0
0.0
0.0
0.0
0.0
0.0
0.0
0.0
0.0
0.0
0.0
0.0
0.0
0.0
0.0
0.0
0.0
0.0
0.0
0.0
0.0
0.0
0.0
0.0
0.0
0.0
0.0
0.0
0.0
0.0
0.0
0.0
0.0
0.0
0.0
0.0
0.0
0.0
0.0
0.0
0.0
0.0
0.0
0.0
0.0
0.0
0.0
0.0
0.0
0.0
0.0
0.0
0.0
0.0
0.0
0.0
0.0
0.0
0.0
0.0
0.0
0.0
0.0
0.0
0.0
0.0
0.0
0.0
0.0
0.0
0.0
0.0
0.0
0.0
0.0
0.0
0.0
0.0
0.0
0.0
0.0
0.0
0.0
0.0
0.0
0.0
0.0
0.0
0.0
0.0
0.0
0.0
0.0
0.0
0.0
0.0
0.0
0.0
0.0
0.0
0.0
1.0
0.0
0.0
0.0
0.0
0.0
0.0
0.0
0.0
0.0
0.0
0.0
0.0
0.0
0.0
0.0
0.0
0.0
0.0
0.0
0.0
0.0
0.0
0.0
0.0
0.0
0.0
0.0
0.0
0.0
0.0
0.0
0.0
0.0
0.0
0.0
0.0
0.0
0.0
0.0
0.0
0.0
0.0
1.0
0.0
0.0
0.0
0.0
0.0
0.0
0.0
0.0
0.0
0.0
0.0
0.0
0.0
0.0
0.0
0.0
0.0
0.0
0.0
0.0
0.0
0.0
0.0
0.0
0.0
0.0
0.0
0.0
0.0
0.0
0.0
0.0
0.0
0.0
0.0
0.0
0.0
0.0
0.0
0.0
0.0
0.0
0.0
0.0
0.0
0.0
0.0
0.0
0.0
0.0
0.0
0.0
0.0
0.0
0.0
0.0
0.0
0.0
0.0
0.0
0.0
0.0
0.0
0.0
0.0
0.0
0.0
0.0
0.0
0.0
0.0
0.0
0.0
0.0
0.0
0.0
0.0
0.0
0.0
0.0
0.0
0.0
0.0
0.0
0.0
0.0
0.0
0.0
0.0
0.0
0.0
0.0
0.0
0.0
0.0
0.0
0.0
0.0
0.0
0.0
0.0
0.0
0.0
0.0
0.0
0.0
1.0
0.0
0.0
0.0
0.0
0.0
0.0
0.0
1.0
0.0
0.0
0.0
0.0
0.0
0.0
0.0
0.0
0.0
0.0
0.0
0.0
0.0
0.0
0.0
0.0
0.0
0.0
0.0
0.0
0.0
0.0
0.0
0.0
0.0
0.0
0.0
0.0
0.0
0.0
0.0
0.0
0.0
0.0
0.0
0.0
0.0
0.0
0.0
0.0
1.0
0.0
0.0
0.0
0.0
0.0
0.0
0.0
0.0
0.0
0.0
0.0
0.0
0.0
0.0
0.0
0.0
0.0
0.0
0.0
0.0
0.0
0.0
0.0
0.0
0.0
0.0
0.0
0.0
0.0
0.0
0.0
0.0
0.0
0.0
0.0
0.0
0.0
0.0
0.0
0.0
0.0
0.0
0.0
0.0
0.0
0.0
0.0
0.0
0.0
0.0
0.0
0.0
0.0
0.0
0.0
0.0
0.0
1.0
0.0
0.0
0.0
0.0
1.0
0.0
0.0
0.0
0.0
0.0
0.0
0.0
0.0
0.0
0.0
0.0
0.0
0.0
0.0
0.0
0.0
0.0
0.0
0.0
0.0
0.0
0.0
0.0
0.0
0.0
0.0
0.0
0.0
0.0
0.0
0.0
0.0
0.0
0.0
0.0
0.0
0.0
0.0
0.0
0.0
0.0
0.0
0.0
0.0
0.0
0.0
0.0
0.0
0.0
0.0
0.0
0.0
0.0
0.0
0.0
0.0
0.0
1.0
0.0
0.0
0.0
0.0
0.0
0.0
0.0
0.0
0.0
0.0
0.0
0.0
0.0
0.0
0.0
0.0
0.0
0.0
0.0
0.0
0.0
0.0
0.0
0.0
0.0
0.0
0.0
0.0
0.0
0.0
0.0
0.0
0.0
0.0
1.0
0.0
0.0
0.0
0.0
0.0
0.0
0.0
0.0
0.0
0.0
0.0
0.0
0.0
0.0
0.0
0.0
0.0
0.0
0.0
0.0
0.0
0.0
0.0
0.0
0.0
0.0
0.0
0.0
0.0
0.0
0.0
0.0
0.0
0.0
0.0
0.0
0.0
0.0
0.0
0.0
0.0
0.0
0.0
0.0
0.0
0.0
0.0
0.0
0.0
0.0
0.0
0.0
0.0
0.0
0.0
0.0
0.0
0.0
0.0
0.0
0.0
0.0
0.0
0.0
0.0
0.0
0.0
0.0
0.0
0.0
0.0
0.0
0.0
0.0
0.0
0.0
0.0
0.0
0.0
0.0
0.0
0.0
0.0
0.0
0.0
0.0
1.0
0.0
0.0
1.0
0.0
0.0
0.0
0.0
0.0
0.0
0.0
0.0
0.0
0.0
0.0
0.0
0.0
0.0
0.0
0.0
0.0
0.0
0.0
1.0
0.0
0.0
0.0
0.0
0.0
0.0
0.0
0.0
0.0
0.0
0.0
0.0
0.0
0.0
0.0
0.0
0.0
1.0
0.0
0.0
0.0
1.0
0.0
0.0
0.0
0.0
0.0
0.0
0.0
0.0
0.0
0.0
0.0
0.0
0.0
0.0
0.0
0.0
0.0
0.0
0.0
0.0
0.0
0.0
0.0
0.0
0.0
0.0
0.0
0.0
0.0
0.0
0.0
0.0
0.0
0.0
0.0
0.0
0.0
0.0
0.0
0.0
0.0
0.0
0.0
1.0
0.0
0.0
0.0
0.0
0.0
0.0
0.0
0.0
0.0
0.0
0.0
0.0
0.0
0.0
0.0
0.0
0.0
0.0
0.0
0.0
0.0
0.0
0.0
0.0
0.0
0.0
0.0
0.0
0.0
0.0
0.0
0.0
0.0
0.0
0.0
0.0
0.0
0.0
0.0
0.0
0.0
0.0
0.0
0.0
0.0
0.0
0.0
0.0
0.0
0.0
0.0
0.0
0.0
0.0
0.0
0.0
0.0
0.0
0.0
0.0
0.0
0.0
0.0
0.0
0.0
0.0
0.0
0.0
0.0
0.0
0.0
0.0
0.0
0.0
0.0
0.0
0.0
0.0
0.0
0.0
0.0
0.0
0.0
0.0
0.0
0.0
0.0
0.0
0.0
0.0
0.0
0.0
0.0
0.0
0.0
0.0
0.0
0.0
0.0
0.0
0.0
0.0
0.0
0.0
0.0
0.0
0.0
0.0
0.0
0.0
0.0
0.0
0.0
0.0
0.0
0.0
0.0
0.0
0.0
0.0
0.0
0.0
0.0
0.0
0.0
0.0
0.0
0.0
0.0
0.0
1.0
0.0
0.0
0.0
0.0
0.0
0.0
0.0
0.0
0.0
1.0
0.0
0.0
0.0
0.0
0.0
0.0
0.0
0.0
0.0
0.0
0.0
0.0
0.0
0.0
0.0
0.0
0.0
0.0
0.0
0.0
0.0
0.0
0.0
0.0
0.0
0.0
0.0
0.0
0.0
0.0
0.0
0.0
0.0
0.0
0.0
0.0
0.0
0.0
0.0
0.0
0.0
1.0
0.0
0.0
0.0
0.0
0.0
0.0
0.0
0.0
0.0
0.0
0.0
0.0
0.0
0.0
0.0
0.0
0.0
0.0
0.0
0.0
0.0
0.0
0.0
0.0
0.0
0.0
0.0
0.0
0.0
0.0
0.0
0.0
0.0
0.0
0.0
0.0
0.0
0.0
0.0
0.0
0.0
0.0
0.0
0.0
0.0
0.0
0.0
0.0
0.0
0.0
0.0
0.0
0.0
0.0
0.0
0.0
0.0
0.0
0.0
0.0
0.0
0.0
0.0
0.0
0.0
0.0
0.0
0.0
0.0
0.0
0.0
0.0
0.0
0.0
0.0
0.0
0.0
0.0
0.0
0.0
0.0
0.0
0.0
0.0
0.0
0.0
0.0
0.0
0.0
0.0
0.0
0.0
0.0
0.0
0.0
0.0
0.0
0.0
0.0
0.0
0.0
0.0
0.0
0.0
0.0
0.0
0.0
0.0
0.0
0.0
0.0
0.0
0.0
0.0
0.0
0.0
0.0
0.0
0.0
0.0
0.0
0.0
0.0
0.0
0.0
0.0
0.0
0.0
0.0
0.0
0.0
0.0
0.0
0.0
0.0
0.0
0.0
0.0
0.0
0.0
0.0
0.0
0.0
0.0
0.0
0.0
0.0
0.0
0.0
0.0
0.0
0.0
0.0
0.0
0.0
0.0
0.0
0.0
0.0
0.0
0.0
0.0
0.0
0.0
0.0
0.0
0.0
0.0
0.0
1.0
0.0
0.0
0.0
0.0
0.0
0.0
0.0
0.0
0.0
0.0
0.0
0.0
0.0
0.0
0.0
0.0
0.0
0.0
0.0
0.0
0.0
0.0
0.0
0.0
0.0
0.0
0.0
0.0
0.0
0.0
0.0
0.0
0.0
0.0
0.0
0.0
0.0
0.0
0.0
0.0
0.0
0.0
0.0
0.0
0.0
0.0
0.0
0.0
0.0
0.0
0.0
0.0
0.0
0.0
0.0
0.0
0.0
0.0
0.0
0.0
0.0
0.0
0.0
0.0
0.0
0.0
0.0
0.0
0.0
0.0
0.0
0.0
0.0
0.0
0.0
0.0
0.0
0.0
0.0
0.0
0.0
0.0
0.0
0.0
0.0
0.0
0.0
0.0
0.0
0.0
0.0
0.0
0.0
0.0
0.0
0.0
0.0
0.0
0.0
1.0
0.0
0.0
0.0
0.0
0.0
0.0
0.0
0.0
0.0
0.0
0.0
0.0
0.0
0.0
0.0
0.0
0.0
0.0
0.0
0.0
0.0
0.0
0.0
0.0
0.0
0.0
0.0
0.0
0.0
0.0
0.0
0.0
0.0
0.0
0.0
0.0
0.0
0.0
0.0
0.0
0.0
0.0
0.0
0.0
0.0
0.0
0.0
0.0
0.0
0.0
0.0
0.0
0.0
0.0
0.0
0.0
0.0
0.0
0.0
0.0
0.0
0.0
0.0
0.0
0.0
0.0
0.0
0.0
0.0
0.0
0.0
0.0
0.0
0.0
0.0
0.0
0.0
0.0
0.0
0.0
0.0
0.0
0.0
0.0
0.0
0.0
0.0
0.0
0.0
0.0
0.0
0.0
0.0
0.0
0.0
0.0
0.0
0.0
0.0
0.0
0.0
0.0
0.0
0.0
0.0
0.0
0.0
0.0
0.0
0.0
0.0
0.0
0.0
0.0
0.0
0.0
0.0
0.0
0.0
0.0
0.0
0.0
0.0
0.0
0.0
0.0
0.0
0.0
0.0
0.0
0.0
0.0
0.0
0.0
0.0
0.0
0.0
0.0
0.0
0.0
0.0
0.0
0.0
0.0
0.0
0.0
0.0
0.0
0.0
0.0
0.0
0.0
0.0
0.0
0.0
0.0
0.0
0.0
0.0
0.0
0.0
0.0
0.0
0.0
0.0
0.0
0.0
0.0
0.0
0.0
0.0
0.0
0.0
0.0
0.0
0.0
0.0
0.0
0.0
0.0
0.0
0.0
0.0
0.0
0.0
0.0
0.0
0.0
0.0
0.0
0.0
0.0
0.0
0.0
0.0
0.0
0.0
0.0
0.0
0.0
0.0
0.0
0.0
0.0
0.0
0.0
0.0
0.0
0.0
0.0
0.0
0.0
0.0
0.0
0.0
0.0
0.0
0.0
0.0
0.0
0.0
0.0
0.0
0.0
0.0
0.0
0.0
0.0
0.0
0.0
0.0
0.0
0.0
0.0
0.0
0.0
0.0
0.0
0.0
0.0
0.0
0.0
0.0
0.0
0.0
0.0
0.0
0.0
0.0
0.0
0.0
0.0
0.0
0.0
0.0
0.0
0.0
0.0
0.0
0.0
0.0
0.0
0.0
0.0
0.0
0.0
0.0
0.0
0.0
0.0
0.0
0.0
0.0
0.0
0.0
0.0
0.0
0.0
0.0
0.0
0.0
0.0
0.0
1.0
0.0
0.0
0.0
0.0
0.0
0.0
0.0
0.0
0.0
0.0
0.0
0.0
0.0
0.0
0.0
0.0
0.0
0.0
0.0
0.0
0.0
0.0
0.0
0.0
0.0
0.0
0.0
0.0
0.0
0.0
0.0
0.0
0.0
0.0
0.0
0.0
0.0
0.0
0.0
0.0
0.0
0.0
0.0
0.0
0.0
0.0
0.0
0.0
1.0
0.0
0.0
0.0
0.0
0.0
0.0
0.0
0.0
0.0
0.0
0.0
0.0
0.0
0.0
0.0
0.0
0.0
0.0
0.0
0.0
0.0
0.0
0.0
0.0
0.0
0.0
0.0
0.0
0.0
0.0
0.0
0.0
0.0
0.0
0.0
0.0
0.0
0.0
0.0
1.0
0.0
0.0
0.0
1.0
0.0
0.0
0.0
0.0
0.0
0.0
0.0
0.0
0.0
0.0
0.0
0.0
0.0
0.0
0.0
0.0
0.0
0.0
0.0
0.0
0.0
0.0
0.0
0.0
0.0
0.0
0.0
0.0
0.0
0.0
0.0
0.0
0.0
0.0
0.0
0.0
0.0
0.0
0.0
0.0
0.0
0.0
0.0
0.0
0.0
0.0
0.0
0.0
0.0
0.0
0.0
0.0
0.0
0.0
0.0
0.0
0.0
0.0
0.0
0.0
0.0
1.0
0.0
0.0
0.0
0.0
0.0
0.0
0.0
0.0
0.0
0.0
0.0
0.0
0.0
0.0
0.0
0.0
0.0
0.0
1.0
0.0
0.0
0.0
0.0
0.0
0.0
0.0
0.0
0.0
0.0
0.0
0.0
0.0
0.0
0.0
0.0
0.0
0.0
0.0
0.0
0.0
0.0
0.0
0.0
0.0
1.0
0.0
0.0
0.0
0.0
0.0
0.0
0.0
0.0
0.0
0.0
0.0
0.0
0.0
0.0
0.0
0.0
0.0
0.0
0.0
0.0
0.0
0.0
0.0
0.0
0.0
0.0
0.0
0.0
0.0
0.0
0.0
0.0
0.0
0.0
0.0
0.0
0.0
0.0
0.0
0.0
0.0
0.0
0.0
0.0
0.0
0.0
0.0
1.0
0.0
0.0
0.0
0.0
0.0
0.0
0.0
0.0
0.0
0.0
0.0
0.0
0.0
0.0
0.0
0.0
0.0
0.0
0.0
0.0
0.0
0.0
0.0
0.0
0.0
0.0
0.0
0.0
0.0
0.0
0.0
0.0
0.0
0.0
0.0
0.0
0.0
0.0
0.0
0.0
1.0
0.0
0.0
0.0
0.0
0.0
0.0
0.0
0.0
0.0
0.0
0.0
0.0
0.0
0.0
0.0
0.0
0.0
0.0
0.0
0.0
0.0
0.0
0.0
0.0
0.0
0.0
0.0
0.0
0.0
0.0
0.0
0.0
0.0
0.0
0.0
0.0
0.0
0.0
0.0
0.0
0.0
0.0
0.0
0.0
0.0
0.0
0.0
0.0
0.0
0.0
0.0
0.0
0.0
0.0
0.0
0.0
0.0
0.0
0.0
0.0
0.0
0.0
0.0
0.0
0.0
0.0
0.0
0.0
0.0
0.0
0.0
0.0
0.0
0.0
0.0
0.0
0.0
0.0
0.0
0.0
0.0
0.0
0.0
0.0
0.0
1.0
0.0
0.0
0.0
0.0
0.0
0.0
0.0
1.0
0.0
0.0
0.0
0.0
0.0
0.0
0.0
0.0
0.0
0.0
0.0
0.0
0.0
0.0
0.0
0.0
0.0
1.0
0.0
0.0
0.0
0.0
0.0
0.0
0.0
0.0
0.0
0.0
0.0
0.0
0.0
0.0
0.0
0.0
0.0
0.0
0.0
0.0
0.0
0.0
0.0
0.0
0.0
0.0
0.0
0.0
0.0
0.0
0.0
0.0
0.0
0.0
0.0
0.0
0.0
0.0
0.0
0.0
0.0
0.0
0.0
0.0
0.0
0.0
0.0
0.0
0.0
0.0
0.0
0.0
0.0
0.0
0.0
0.0
0.0
0.0
0.0
0.0
0.0
0.0
0.0
0.0
0.0
0.0
0.0
0.0
0.0
0.0
0.0
0.0
0.0
0.0
0.0
0.0
0.0
0.0
0.0
0.0
0.0
0.0
0.0
0.0
0.0
0.0
0.0
0.0
0.0
0.0
0.0
0.0
0.0
0.0
0.0
0.0
0.0
0.0
0.0
0.0
0.0
0.0
0.0
0.0
0.0
0.0
0.0
0.0
0.0
0.0
0.0
1.0
0.0
0.0
0.0
0.0
0.0
0.0
0.0
0.0
0.0
0.0
0.0
0.0
0.0
0.0
0.0
0.0
0.0
0.0
0.0
0.0
0.0
0.0
0.0
0.0
0.0
0.0
0.0
0.0
0.0
0.0
0.0
0.0
0.0
0.0
0.0
0.0
0.0
0.0
0.0
0.0
0.0
0.0
0.0
0.0
0.0
0.0
0.0
0.0
0.0
0.0
0.0
0.0
0.0
0.0
0.0
0.0
0.0
0.0
0.0
0.0
1.0
0.0
0.0
0.0
0.0
0.0
0.0
0.0
0.0
0.0
0.0
0.0
0.0
0.0
0.0
0.0
0.0
0.0
0.0
0.0
0.0
0.0
0.0
0.0
0.0
1.0
0.0
0.0
0.0
0.0
0.0
0.0
0.0
0.0
0.0
0.0
0.0
0.0
0.0
0.0
0.0
0.0
0.0
0.0
0.0
0.0
0.0
0.0
0.0
0.0
0.0
0.0
0.0
0.0
0.0
0.0
0.0
0.0
0.0
0.0
0.0
0.0
0.0
0.0
0.0
0.0
0.0
0.0
0.0
0.0
0.0
0.0
0.0
0.0
0.0
0.0
0.0
0.0
0.0
0.0
0.0
0.0
0.0
0.0
0.0
0.0
0.0
0.0
0.0
0.0
0.0
0.0
0.0
0.0
0.0
0.0
0.0
0.0
0.0
0.0
1.0
0.0
0.0
0.0
0.0
0.0
0.0
0.0
0.0
0.0
0.0
0.0
0.0
0.0
0.0
0.0
0.0
0.0
0.0
0.0
0.0
0.0
0.0
0.0
0.0
0.0
0.0
0.0
0.0
0.0
0.0
0.0
0.0
0.0
0.0
0.0
0.0
0.0
0.0
0.0
0.0
0.0
0.0
0.0
0.0
0.0
0.0
0.0
0.0
0.0
0.0
0.0
0.0
0.0
0.0
0.0
0.0
0.0
0.0
0.0
0.0
0.0
0.0
0.0
0.0
0.0
0.0
0.0
0.0
0.0
0.0
0.0
0.0
0.0
0.0
0.0
0.0
0.0
0.0
0.0
0.0
0.0
0.0
0.0
0.0
0.0
0.0
0.0
0.0
0.0
0.0
0.0
0.0
0.0
0.0
0.0
0.0
0.0
0.0
0.0
0.0
0.0
0.0
0.0
0.0
0.0
0.0
0.0
0.0
0.0
0.0
0.0
0.0
0.0
0.0
0.0
0.0
0.0
0.0
0.0
0.0
1.0
0.0
0.0
0.0
0.0
0.0
0.0
0.0
0.0
0.0
0.0
0.0
0.0
0.0
0.0
0.0
0.0
0.0
0.0
0.0
1.0
0.0
0.0
0.0
0.0
0.0
0.0
0.0
0.0
0.0
0.0
0.0
0.0
0.0
0.0
0.0
0.0
0.0
0.0
0.0
0.0
0.0
0.0
0.0
0.0
0.0
0.0
0.0
0.0
0.0
0.0
0.0
0.0
0.0
0.0
0.0
0.0
0.0
0.0
0.0
0.0
0.0
0.0
0.0
0.0
0.0
0.0
0.0
0.0
0.0
0.0
0.0
0.0
0.0
0.0
0.0
0.0
0.0
0.0
0.0
0.0
0.0
0.0
0.0
0.0
0.0
0.0
0.0
0.0
0.0
0.0
0.0
0.0
0.0
0.0
0.0
0.0
0.0
0.0
0.0
0.0
0.0
0.0
0.0
0.0
0.0
0.0
0.0
0.0
0.0
0.0
0.0
0.0
0.0
0.0
0.0
0.0
0.0
0.0
0.0
0.0
0.0
0.0
0.0
0.0
0.0
0.0
0.0
0.0
0.0
0.0
0.0
0.0
0.0
0.0
0.0
0.0
0.0
0.0
0.0
0.0
0.0
0.0
0.0
0.0
0.0
0.0
0.0
0.0
0.0
0.0
0.0
0.0
0.0
0.0
0.0
0.0
0.0
1.0
0.0
0.0
0.0
0.0
0.0
0.0
0.0
0.0
0.0
0.0
0.0
0.0
0.0
0.0
0.0
0.0
0.0
0.0
0.0
0.0
0.0
0.0
0.0
0.0
0.0
0.0
0.0
0.0
0.0
0.0
0.0
0.0
0.0
0.0
0.0
0.0
0.0
0.0
0.0
0.0
0.0
0.0
0.0
0.0
0.0
0.0
0.0
0.0
0.0
0.0
0.0
0.0
0.0
0.0
0.0
0.0
0.0
1.0
0.0
1.0
0.0
0.0
0.0
0.0
0.0
0.0
0.0
0.0
0.0
0.0
0.0
0.0
0.0
0.0
0.0
0.0
0.0
0.0
0.0
0.0
0.0
0.0
0.0
0.0
0.0
0.0
0.0
0.0
0.0
0.0
0.0
0.0
0.0
0.0
0.0
0.0
0.0
0.0
0.0
0.0
0.0
0.0
0.0
0.0
0.0
0.0
0.0
0.0
0.0
0.0
0.0
0.0
0.0
0.0
0.0
0.0
0.0
0.0
0.0
0.0
0.0
0.0
0.0
0.0
0.0
0.0
0.0
0.0
0.0
0.0
0.0
0.0
0.0
0.0
0.0
0.0
0.0
0.0
1.0
0.0
1.0
0.0
0.0
0.0
0.0
0.0
0.0
0.0
0.0
0.0
0.0
0.0
0.0
0.0
0.0
0.0
0.0
0.0
0.0
0.0
0.0
0.0
1.0
0.0
0.0
0.0
0.0
0.0
0.0
0.0
0.0
0.0
0.0
0.0
0.0
0.0
0.0
0.0
0.0
0.0
0.0
0.0
0.0
0.0
0.0
0.0
0.0
0.0
0.0
0.0
0.0
0.0
0.0
0.0
0.0
0.0
0.0
0.0
0.0
0.0
0.0
0.0
0.0
0.0
0.0
0.0
0.0
0.0
0.0
0.0
0.0
0.0
0.0
0.0
0.0
0.0
0.0
0.0
0.0
0.0
0.0
0.0
0.0
0.0
0.0
0.0
0.0
0.0
0.0
0.0
0.0
0.0
0.0
0.0
0.0
0.0
0.0
0.0
0.0
0.0
0.0
0.0
0.0
0.0
0.0
0.0
0.0
0.0
0.0
0.0
0.0
0.0
0.0
0.0
0.0
0.0
0.0
0.0
0.0
0.0
0.0
0.0
0.0
0.0
0.0
0.0
0.0
0.0
0.0
0.0
0.0
0.0
0.0
0.0
0.0
0.0
0.0
0.0
0.0
0.0
0.0
0.0
0.0
0.0
0.0
0.0
0.0
0.0
0.0
0.0
0.0
0.0
0.0
0.0
0.0
0.0
0.0
0.0
0.0
0.0
0.0
0.0
0.0
0.0
0.0
$ROI:
$PRESETS:
Real Time
300
0
$ENER_FIT:
0.000000 0.000000
$MCA_CAL:
3
0.000000E+000 0.000000E+000 0.000000E+000 
$SHAPE_CAL:
3
0.000000E+000 0.000000E+000 0.000000E+000