$SPEC_ID:
No sample description was entered.
$SPEC_REM:
DET# 1
DETDESC# TL-101B-03 digiBASE-RH SN 16039579
AP# Maestro Version 7.01
$DATE_MEA:
03/06/2026 13:19:43
$MEAS_TIM:
600 000
$DATA:
0.0	8191
0.0
0.0
0.0
0.0
0.0
0.0
0.0
0.0
0.0
0.0
0.0
0.0
0.0
0.0
0.0
0.0
0.0
0.0
0.0
0.0
0.0
0.0
0.0
0.0
0.0
0.0
0.0
0.0
0.0
0.0
0.0
0.0
0.0
0.0
0.0
0.0
0.0
0.0
0.0
0.0
0.0
0.0
0.0
0.0
0.0
0.0
0.0
0.0
0.0
452.0
474.0
466.0
421.0
459.0
492.0
467.0
469.0
452.0
452.0
429.0
477.0
455.0
454.0
429.0
416.0
454.0
458.0
457.0
465.0
450.0
445.0
450.0
434.0
420.0
420.0
427.0
457.0
452.0
447.0
457.0
402.0
479.0
449.0
419.0
435.0
513.0
468.0
450.0
447.0
430.0
416.0
459.0
520.0
480.0
482.0
463.0
453.0
446.0
411.0
454.0
473.0
503.0
436.0
495.0
482.0
435.0
454.0
472.0
496.0
443.0
524.0
490.0
471.0
462.0
486.0
482.0
459.0
468.0
475.0
523.0
464.0
527.0
494.0
462.0
485.0
468.0
515.0
469.0
473.0
488.0
422.0
454.0
450.0
486.0
431.0
451.0
431.0
455.0
472.0
439.0
460.0
455.0
436.0
481.0
438.0
471.0
434.0
484.0
434.0
395.0
463.0
438.0
485.0
414.0
475.0
466.0
434.0
445.0
456.0
459.0
444.0
436.0
441.0
445.0
436.0
448.0
473.0
434.0
447.0
496.0
440.0
477.0
432.0
455.0
419.0
421.0
490.0
479.0
490.0
505.0
554.0
625.0
594.0
572.0
522.0
508.0
472.0
471.0
448.0
431.0
455.0
449.0
470.0
473.0
443.0
451.0
488.0
445.0
444.0
457.0
471.0
447.0
453.0
462.0
466.0
459.0
447.0
424.0
452.0
453.0
440.0
453.0
441.0
419.0
443.0
421.0
427.0
424.0
472.0
423.0
482.0
494.0
511.0
432.0
476.0
446.0
451.0
450.0
431.0
470.0
401.0
463.0
473.0
467.0
417.0
446.0
440.0
455.0
447.0
439.0
407.0
384.0
435.0
417.0
402.0
435.0
448.0
436.0
425.0
465.0
428.0
458.0
457.0
480.0
435.0
456.0
458.0
400.0
451.0
426.0
428.0
490.0
466.0
459.0
432.0
439.0
448.0
460.0
471.0
412.0
426.0
428.0
419.0
459.0
457.0
487.0
514.0
480.0
516.0
489.0
515.0
534.0
542.0
512.0
474.0
478.0
436.0
464.0
482.0
474.0
495.0
444.0
487.0
474.0
461.0
492.0
479.0
474.0
500.0
451.0
458.0
438.0
466.0
454.0
420.0
453.0
488.0
445.0
463.0
453.0
443.0
430.0
451.0
458.0
434.0
421.0
412.0
417.0
452.0
437.0
457.0
434.0
452.0
414.0
449.0
446.0
412.0
420.0
457.0
454.0
418.0
414.0
438.0
437.0
411.0
442.0
410.0
397.0
425.0
434.0
461.0
446.0
418.0
419.0
400.0
422.0
423.0
424.0
413.0
472.0
406.0
411.0
418.0
421.0
429.0
418.0
396.0
448.0
453.0
411.0
421.0
435.0
413.0
433.0
444.0
421.0
457.0
450.0
427.0
447.0
421.0
454.0
467.0
387.0
395.0
405.0
391.0
438.0
385.0
398.0
418.0
380.0
426.0
426.0
426.0
434.0
406.0
401.0
409.0
448.0
421.0
390.0
405.0
439.0
385.0
397.0
459.0
403.0
424.0
425.0
418.0
397.0
429.0
433.0
403.0
434.0
388.0
422.0
416.0
395.0
455.0
445.0
414.0
412.0
426.0
403.0
431.0
423.0
460.0
425.0
414.0
397.0
414.0
380.0
395.0
394.0
380.0
413.0
438.0
400.0
398.0
426.0
477.0
404.0
439.0
378.0
383.0
413.0
413.0
410.0
391.0
393.0
384.0
409.0
393.0
408.0
396.0
413.0
354.0
397.0
412.0
396.0
394.0
448.0
384.0
427.0
456.0
372.0
409.0
412.0
382.0
411.0
397.0
445.0
387.0
403.0
394.0
362.0
431.0
364.0
370.0
390.0
384.0
410.0
411.0
397.0
398.0
395.0
417.0
401.0
416.0
359.0
369.0
356.0
396.0
394.0
392.0
380.0
403.0
363.0
403.0
363.0
392.0
431.0
420.0
381.0
420.0
417.0
424.0
394.0
422.0
383.0
386.0
383.0
408.0
402.0
405.0
409.0
389.0
420.0
440.0
425.0
401.0
380.0
436.0
392.0
388.0
397.0
416.0
462.0
488.0
461.0
477.0
453.0
452.0
407.0
424.0
399.0
415.0
381.0
415.0
411.0
408.0
425.0
422.0
460.0
445.0
432.0
419.0
466.0
439.0
474.0
425.0
415.0
426.0
418.0
383.0
414.0
369.0
407.0
392.0
404.0
402.0
411.0
407.0
400.0
436.0
389.0
447.0
397.0
421.0
409.0
441.0
423.0
417.0
386.0
416.0
404.0
408.0
435.0
432.0
408.0
431.0
423.0
411.0
392.0
411.0
420.0
385.0
423.0
428.0
427.0
415.0
448.0
448.0
473.0
446.0
399.0
413.0
464.0
427.0
420.0
412.0
420.0
419.0
443.0
475.0
420.0
424.0
440.0
415.0
467.0
424.0
435.0
449.0
443.0
429.0
442.0
441.0
469.0
432.0
465.0
449.0
455.0
427.0
453.0
443.0
443.0
471.0
474.0
438.0
444.0
447.0
484.0
472.0
492.0
507.0
478.0
430.0
481.0
479.0
451.0
496.0
489.0
453.0
463.0
476.0
440.0
480.0
484.0
486.0
500.0
499.0
501.0
512.0
494.0
523.0
486.0
543.0
481.0
505.0
473.0
491.0
496.0
476.0
497.0
499.0
523.0
527.0
542.0
544.0
515.0
545.0
523.0
564.0
562.0
549.0
536.0
531.0
524.0
543.0
568.0
561.0
612.0
549.0
555.0
560.0
613.0
523.0
572.0
598.0
557.0
579.0
606.0
571.0
593.0
575.0
580.0
579.0
580.0
572.0
640.0
575.0
579.0
573.0
568.0
585.0
621.0
573.0
614.0
609.0
636.0
589.0
595.0
579.0
561.0
609.0
573.0
592.0
600.0
582.0
559.0
572.0
593.0
555.0
595.0
583.0
551.0
530.0
498.0
534.0
506.0
514.0
477.0
445.0
450.0
417.0
442.0
406.0
422.0
382.0
413.0
367.0
375.0
377.0
316.0
324.0
333.0
339.0
342.0
361.0
320.0
325.0
315.0
292.0
308.0
313.0
313.0
301.0
274.0
288.0
301.0
302.0
271.0
325.0
300.0
272.0
274.0
280.0
250.0
289.0
233.0
244.0
267.0
260.0
260.0
265.0
263.0
257.0
245.0
267.0
272.0
257.0
271.0
256.0
269.0
228.0
240.0
260.0
272.0
213.0
232.0
202.0
256.0
204.0
225.0
198.0
209.0
238.0
221.0
232.0
218.0
220.0
216.0
197.0
199.0
220.0
195.0
185.0
197.0
194.0
177.0
197.0
177.0
149.0
184.0
183.0
213.0
170.0
166.0
174.0
145.0
153.0
147.0
150.0
158.0
163.0
165.0
146.0
147.0
131.0
146.0
134.0
151.0
150.0
135.0
145.0
142.0
146.0
112.0
139.0
148.0
109.0
137.0
129.0
146.0
137.0
126.0
118.0
125.0
120.0
104.0
102.0
111.0
109.0
104.0
119.0
105.0
102.0
91.0
97.0
88.0
83.0
98.0
104.0
97.0
93.0
81.0
93.0
92.0
78.0
87.0
87.0
95.0
90.0
90.0
88.0
87.0
79.0
79.0
82.0
91.0
93.0
83.0
85.0
81.0
75.0
96.0
67.0
72.0
83.0
81.0
76.0
92.0
85.0
86.0
66.0
78.0
79.0
97.0
73.0
93.0
84.0
81.0
77.0
77.0
85.0
76.0
50.0
71.0
70.0
78.0
73.0
77.0
68.0
94.0
82.0
71.0
60.0
74.0
64.0
75.0
91.0
74.0
72.0
75.0
78.0
76.0
84.0
70.0
73.0
68.0
76.0
90.0
75.0
71.0
65.0
84.0
70.0
64.0
66.0
78.0
76.0
68.0
82.0
57.0
66.0
67.0
64.0
67.0
70.0
61.0
71.0
72.0
73.0
75.0
71.0
62.0
65.0
62.0
55.0
67.0
69.0
74.0
56.0
57.0
72.0
65.0
59.0
63.0
71.0
73.0
71.0
75.0
64.0
70.0
57.0
62.0
59.0
44.0
56.0
56.0
69.0
66.0
54.0
65.0
69.0
76.0
54.0
73.0
80.0
76.0
76.0
80.0
86.0
122.0
167.0
201.0
263.0
333.0
426.0
544.0
679.0
922.0
1098.0
1332.0
1774.0
2302.0
2926.0
3684.0
4884.0
5633.0
6481.0
7050.0
7125.0
7229.0
6720.0
6197.0
5686.0
5066.0
4238.0
3437.0
2664.0
1711.0
977.0
537.0
324.0
248.0
227.0
206.0
177.0
146.0
164.0
121.0
141.0
121.0
103.0
108.0
89.0
76.0
78.0
75.0
61.0
67.0
43.0
51.0
34.0
29.0
34.0
32.0
27.0
21.0
15.0
16.0
17.0
13.0
14.0
21.0
16.0
11.0
17.0
12.0
20.0
14.0
10.0
6.0
15.0
18.0
12.0
15.0
9.0
11.0
10.0
10.0
13.0
16.0
10.0
15.0
17.0
14.0
12.0
8.0
9.0
11.0
11.0
11.0
6.0
13.0
12.0
12.0
10.0
18.0
7.0
14.0
15.0
15.0
14.0
7.0
17.0
15.0
9.0
12.0
12.0
5.0
13.0
12.0
12.0
16.0
9.0
22.0
6.0
14.0
14.0
9.0
15.0
15.0
18.0
9.0
8.0
6.0
11.0
14.0
14.0
10.0
6.0
11.0
10.0
15.0
11.0
7.0
16.0
6.0
10.0
12.0
15.0
7.0
16.0
12.0
15.0
13.0
8.0
5.0
12.0
17.0
11.0
9.0
7.0
11.0
6.0
9.0
8.0
3.0
7.0
12.0
12.0
10.0
8.0
9.0
9.0
9.0
9.0
11.0
6.0
6.0
13.0
11.0
14.0
8.0
10.0
14.0
8.0
5.0
9.0
9.0
9.0
7.0
14.0
7.0
13.0
15.0
9.0
14.0
4.0
11.0
7.0
19.0
13.0
20.0
13.0
20.0
18.0
15.0
17.0
18.0
18.0
19.0
15.0
12.0
18.0
13.0
20.0
14.0
10.0
14.0
9.0
13.0
7.0
8.0
12.0
4.0
5.0
10.0
8.0
8.0
8.0
8.0
10.0
8.0
12.0
11.0
5.0
12.0
5.0
8.0
11.0
11.0
8.0
9.0
9.0
6.0
11.0
15.0
14.0
10.0
10.0
7.0
11.0
4.0
7.0
13.0
4.0
10.0
9.0
11.0
12.0
9.0
5.0
14.0
7.0
13.0
7.0
6.0
11.0
11.0
13.0
12.0
12.0
14.0
5.0
15.0
5.0
9.0
9.0
10.0
12.0
7.0
8.0
5.0
12.0
15.0
6.0
5.0
13.0
5.0
7.0
11.0
12.0
13.0
6.0
6.0
7.0
5.0
10.0
9.0
9.0
7.0
11.0
7.0
6.0
5.0
12.0
9.0
3.0
5.0
11.0
4.0
10.0
4.0
8.0
12.0
10.0
7.0
4.0
8.0
12.0
5.0
11.0
3.0
9.0
8.0
13.0
5.0
9.0
10.0
11.0
8.0
8.0
11.0
9.0
8.0
11.0
13.0
9.0
13.0
7.0
9.0
6.0
10.0
14.0
16.0
7.0
8.0
10.0
6.0
7.0
9.0
6.0
9.0
10.0
6.0
8.0
9.0
5.0
10.0
4.0
11.0
5.0
9.0
6.0
8.0
5.0
8.0
6.0
3.0
3.0
2.0
10.0
6.0
3.0
12.0
11.0
6.0
4.0
8.0
8.0
7.0
6.0
7.0
8.0
7.0
8.0
6.0
8.0
5.0
8.0
6.0
6.0
8.0
7.0
8.0
8.0
9.0
16.0
10.0
5.0
9.0
6.0
7.0
7.0
11.0
8.0
5.0
7.0
6.0
12.0
2.0
9.0
4.0
13.0
11.0
1.0
8.0
8.0
9.0
7.0
5.0
9.0
10.0
6.0
7.0
5.0
6.0
7.0
3.0
10.0
6.0
10.0
4.0
13.0
10.0
8.0
5.0
11.0
5.0
9.0
5.0
8.0
6.0
12.0
6.0
8.0
8.0
7.0
10.0
6.0
6.0
6.0
6.0
4.0
5.0
10.0
4.0
8.0
4.0
5.0
5.0
6.0
5.0
8.0
8.0
2.0
8.0
5.0
4.0
9.0
2.0
3.0
4.0
12.0
5.0
7.0
3.0
11.0
9.0
14.0
10.0
4.0
7.0
17.0
4.0
8.0
19.0
13.0
8.0
18.0
15.0
12.0
13.0
17.0
13.0
13.0
13.0
9.0
7.0
8.0
8.0
4.0
11.0
7.0
11.0
1.0
6.0
8.0
5.0
5.0
4.0
5.0
6.0
7.0
5.0
1.0
7.0
3.0
5.0
5.0
3.0
4.0
2.0
6.0
2.0
2.0
4.0
3.0
5.0
7.0
5.0
4.0
3.0
5.0
5.0
9.0
8.0
5.0
1.0
6.0
4.0
8.0
5.0
5.0
9.0
6.0
7.0
7.0
4.0
7.0
8.0
4.0
2.0
7.0
3.0
5.0
2.0
5.0
4.0
5.0
3.0
6.0
3.0
6.0
6.0
5.0
2.0
5.0
3.0
5.0
4.0
8.0
6.0
5.0
4.0
5.0
4.0
8.0
4.0
8.0
6.0
4.0
4.0
3.0
6.0
6.0
3.0
3.0
1.0
5.0
11.0
3.0
2.0
8.0
4.0
3.0
4.0
6.0
3.0
5.0
8.0
7.0
6.0
6.0
9.0
3.0
3.0
7.0
4.0
5.0
5.0
8.0
4.0
8.0
5.0
3.0
3.0
9.0
2.0
5.0
8.0
4.0
4.0
4.0
4.0
6.0
1.0
3.0
3.0
6.0
6.0
3.0
4.0
5.0
5.0
5.0
5.0
4.0
1.0
1.0
2.0
4.0
2.0
4.0
5.0
6.0
9.0
1.0
4.0
2.0
7.0
5.0
6.0
2.0
5.0
8.0
7.0
6.0
3.0
2.0
4.0
7.0
4.0
4.0
3.0
6.0
7.0
5.0
3.0
7.0
6.0
8.0
6.0
9.0
11.0
8.0
9.0
9.0
5.0
4.0
8.0
12.0
7.0
8.0
11.0
7.0
5.0
7.0
9.0
9.0
2.0
8.0
11.0
6.0
10.0
5.0
8.0
4.0
7.0
3.0
5.0
7.0
7.0
11.0
2.0
8.0
4.0
6.0
10.0
9.0
9.0
4.0
11.0
10.0
9.0
12.0
12.0
9.0
9.0
10.0
11.0
11.0
18.0
9.0
11.0
10.0
11.0
15.0
7.0
14.0
6.0
7.0
14.0
4.0
0.0
7.0
7.0
1.0
6.0
6.0
6.0
3.0
6.0
7.0
6.0
0.0
1.0
6.0
6.0
3.0
4.0
4.0
6.0
3.0
6.0
4.0
2.0
5.0
10.0
4.0
5.0
3.0
4.0
3.0
3.0
4.0
1.0
2.0
0.0
5.0
2.0
9.0
3.0
4.0
8.0
7.0
4.0
4.0
5.0
5.0
3.0
2.0
2.0
4.0
2.0
7.0
2.0
5.0
5.0
4.0
3.0
7.0
2.0
2.0
5.0
4.0
6.0
5.0
6.0
4.0
5.0
5.0
7.0
7.0
14.0
10.0
4.0
5.0
6.0
11.0
8.0
6.0
13.0
4.0
6.0
13.0
6.0
6.0
7.0
6.0
8.0
6.0
12.0
2.0
4.0
5.0
3.0
5.0
3.0
2.0
4.0
1.0
3.0
4.0
2.0
4.0
2.0
7.0
4.0
2.0
3.0
6.0
3.0
1.0
3.0
9.0
3.0
5.0
3.0
4.0
3.0
2.0
1.0
10.0
1.0
4.0
4.0
0.0
3.0
3.0
3.0
5.0
2.0
3.0
4.0
1.0
3.0
4.0
1.0
3.0
4.0
6.0
6.0
5.0
3.0
6.0
2.0
3.0
3.0
2.0
4.0
7.0
4.0
3.0
6.0
8.0
3.0
5.0
3.0
5.0
4.0
8.0
2.0
2.0
5.0
2.0
1.0
6.0
2.0
3.0
1.0
3.0
5.0
3.0
4.0
7.0
3.0
2.0
3.0
0.0
3.0
3.0
1.0
2.0
6.0
8.0
3.0
1.0
1.0
5.0
4.0
2.0
0.0
4.0
3.0
2.0
4.0
2.0
2.0
2.0
5.0
2.0
4.0
2.0
2.0
1.0
2.0
5.0
2.0
3.0
0.0
2.0
0.0
4.0
3.0
4.0
5.0
4.0
3.0
3.0
3.0
2.0
0.0
6.0
2.0
2.0
1.0
7.0
4.0
4.0
6.0
5.0
8.0
7.0
4.0
7.0
4.0
10.0
4.0
6.0
9.0
5.0
3.0
2.0
2.0
3.0
2.0
3.0
4.0
2.0
3.0
4.0
0.0
1.0
1.0
2.0
1.0
2.0
2.0
3.0
2.0
0.0
1.0
3.0
3.0
2.0
3.0
3.0
1.0
0.0
1.0
2.0
4.0
2.0
3.0
2.0
4.0
3.0
3.0
2.0
2.0
4.0
0.0
1.0
3.0
1.0
2.0
3.0
2.0
1.0
2.0
0.0
0.0
1.0
1.0
0.0
2.0
1.0
1.0
0.0
2.0
1.0
4.0
3.0
2.0
3.0
5.0
0.0
0.0
2.0
4.0
4.0
2.0
2.0
3.0
8.0
6.0
2.0
5.0
2.0
1.0
3.0
2.0
5.0
3.0
7.0
3.0
6.0
7.0
7.0
2.0
3.0
4.0
2.0
4.0
2.0
5.0
1.0
0.0
0.0
2.0
3.0
3.0
1.0
1.0
2.0
0.0
1.0
2.0
1.0
0.0
2.0
3.0
3.0
1.0
0.0
1.0
1.0
2.0
0.0
1.0
0.0
0.0
0.0
1.0
3.0
0.0
2.0
1.0
2.0
1.0
0.0
0.0
1.0
1.0
2.0
0.0
0.0
1.0
0.0
3.0
0.0
0.0
1.0
0.0
0.0
0.0
3.0
1.0
1.0
3.0
5.0
3.0
0.0
0.0
1.0
0.0
0.0
0.0
0.0
1.0
0.0
2.0
0.0
3.0
1.0
2.0
0.0
0.0
2.0
1.0
3.0
3.0
0.0
1.0
1.0
1.0
0.0
5.0
1.0
2.0
3.0
3.0
4.0
3.0
4.0
2.0
5.0
8.0
5.0
3.0
3.0
3.0
11.0
4.0
5.0
8.0
8.0
3.0
7.0
6.0
8.0
6.0
7.0
4.0
3.0
4.0
3.0
4.0
5.0
4.0
4.0
0.0
0.0
1.0
0.0
0.0
3.0
1.0
1.0
2.0
0.0
1.0
0.0
1.0
1.0
1.0
0.0
1.0
1.0
1.0
0.0
0.0
0.0
0.0
2.0
0.0
2.0
0.0
0.0
1.0
1.0
0.0
2.0
2.0
1.0
1.0
3.0
1.0
0.0
3.0
0.0
1.0
3.0
4.0
5.0
1.0
3.0
0.0
3.0
5.0
5.0
0.0
4.0
10.0
5.0
4.0
10.0
5.0
8.0
6.0
9.0
15.0
14.0
6.0
18.0
8.0
18.0
6.0
8.0
18.0
11.0
5.0
11.0
8.0
8.0
7.0
4.0
3.0
4.0
5.0
10.0
9.0
2.0
3.0
5.0
1.0
0.0
2.0
1.0
1.0
1.0
1.0
1.0
3.0
0.0
3.0
1.0
5.0
0.0
0.0
1.0
0.0
1.0
0.0
0.0
3.0
1.0
0.0
0.0
0.0
0.0
1.0
0.0
0.0
0.0
2.0
0.0
0.0
0.0
1.0
0.0
1.0
0.0
0.0
3.0
1.0
0.0
1.0
2.0
0.0
0.0
0.0
1.0
1.0
0.0
0.0
0.0
1.0
1.0
1.0
0.0
1.0
1.0
1.0
0.0
3.0
1.0
0.0
0.0
0.0
0.0
0.0
1.0
0.0
0.0
0.0
0.0
1.0
3.0
0.0
0.0
1.0
0.0
1.0
0.0
0.0
0.0
2.0
2.0
0.0
0.0
0.0
1.0
1.0
0.0
0.0
0.0
2.0
0.0
3.0
1.0
0.0
0.0
0.0
1.0
0.0
0.0
0.0
1.0
1.0
0.0
2.0
0.0
1.0
1.0
1.0
0.0
1.0
2.0
0.0
2.0
0.0
0.0
0.0
0.0
1.0
1.0
0.0
0.0
2.0
0.0
1.0
0.0
0.0
0.0
0.0
3.0
1.0
0.0
1.0
0.0
1.0
0.0
0.0
0.0
1.0
1.0
0.0
0.0
1.0
1.0
0.0
1.0
0.0
1.0
0.0
0.0
0.0
0.0
0.0
2.0
1.0
0.0
0.0
1.0
2.0
2.0
0.0
1.0
0.0
0.0
1.0
0.0
0.0
2.0
2.0
0.0
0.0
0.0
2.0
3.0
1.0
0.0
1.0
1.0
2.0
0.0
0.0
0.0
1.0
0.0
1.0
0.0
1.0
0.0
2.0
0.0
1.0
1.0
0.0
0.0
0.0
1.0
0.0
1.0
2.0
0.0
0.0
0.0
0.0
0.0
0.0
0.0
2.0
0.0
0.0
0.0
0.0
1.0
0.0
0.0
0.0
0.0
2.0
0.0
1.0
1.0
0.0
1.0
1.0
0.0
0.0
0.0
0.0
0.0
0.0
0.0
1.0
0.0
0.0
1.0
0.0
3.0
2.0
0.0
1.0
0.0
0.0
0.0
0.0
1.0
2.0
0.0
0.0
0.0
1.0
0.0
0.0
1.0
0.0
0.0
0.0
0.0
0.0
0.0
0.0
1.0
1.0
1.0
0.0
0.0
0.0
0.0
0.0
0.0
0.0
0.0
1.0
1.0
0.0
1.0
0.0
2.0
3.0
0.0
1.0
1.0
0.0
0.0
1.0
1.0
0.0
0.0
1.0
0.0
0.0
0.0
0.0
0.0
0.0
0.0
0.0
0.0
0.0
0.0
0.0
0.0
2.0
1.0
0.0
1.0
0.0
2.0
0.0
0.0
0.0
0.0
0.0
0.0
1.0
2.0
0.0
0.0
0.0
0.0
1.0
0.0
1.0
0.0
0.0
1.0
1.0
0.0
0.0
0.0
0.0
0.0
0.0
2.0
0.0
1.0
1.0
0.0
0.0
0.0
0.0
0.0
0.0
0.0
0.0
0.0
0.0
1.0
1.0
0.0
0.0
1.0
1.0
1.0
0.0
0.0
0.0
0.0
0.0
0.0
0.0
0.0
0.0
0.0
0.0
0.0
1.0
0.0
0.0
0.0
0.0
1.0
1.0
0.0
0.0
0.0
0.0
0.0
0.0
1.0
1.0
0.0
3.0
0.0
1.0
2.0
0.0
0.0
0.0
1.0
0.0
0.0
0.0
2.0
2.0
0.0
0.0
0.0
2.0
0.0
0.0
0.0
0.0
1.0
1.0
0.0
0.0
0.0
1.0
0.0
1.0
0.0
0.0
1.0
0.0
0.0
1.0
1.0
0.0
0.0
1.0
0.0
0.0
1.0
1.0
1.0
0.0
0.0
0.0
0.0
0.0
0.0
0.0
0.0
1.0
1.0
1.0
0.0
1.0
0.0
0.0
0.0
1.0
2.0
0.0
1.0
2.0
2.0
0.0
1.0
1.0
1.0
0.0
1.0
0.0
0.0
0.0
1.0
1.0
0.0
2.0
0.0
2.0
2.0
0.0
0.0
0.0
0.0
1.0
0.0
1.0
2.0
0.0
0.0
0.0
1.0
0.0
0.0
0.0
0.0
2.0
0.0
2.0
1.0
0.0
0.0
0.0
0.0
0.0
3.0
0.0
0.0
0.0
0.0
2.0
0.0
1.0
1.0
0.0
0.0
0.0
0.0
0.0
0.0
1.0
0.0
0.0
0.0
0.0
0.0
1.0
0.0
0.0
0.0
0.0
0.0
0.0
1.0
0.0
0.0
0.0
0.0
1.0
0.0
0.0
0.0
2.0
0.0
0.0
1.0
0.0
2.0
0.0
3.0
0.0
1.0
0.0
0.0
0.0
1.0
0.0
1.0
0.0
0.0
1.0
0.0
0.0
0.0
0.0
0.0
0.0
0.0
0.0
0.0
0.0
1.0
0.0
1.0
1.0
0.0
0.0
2.0
1.0
0.0
0.0
0.0
0.0
1.0
0.0
0.0
1.0
0.0
1.0
0.0
0.0
0.0
0.0
0.0
0.0
1.0
0.0
1.0
0.0
1.0
1.0
0.0
1.0
0.0
0.0
1.0
0.0
1.0
0.0
0.0
1.0
0.0
0.0
0.0
0.0
1.0
0.0
1.0
0.0
0.0
0.0
1.0
0.0
0.0
0.0
0.0
0.0
0.0
0.0
0.0
0.0
1.0
2.0
1.0
1.0
0.0
0.0
0.0
0.0
0.0
1.0
1.0
1.0
1.0
0.0
1.0
0.0
0.0
0.0
1.0
0.0
0.0
1.0
0.0
1.0
0.0
0.0
1.0
0.0
0.0
0.0
0.0
0.0
0.0
0.0
0.0
1.0
0.0
0.0
0.0
0.0
1.0
1.0
0.0
0.0
0.0
0.0
0.0
1.0
0.0
1.0
0.0
1.0
0.0
0.0
0.0
0.0
0.0
0.0
0.0
0.0
0.0
1.0
0.0
1.0
0.0
1.0
0.0
0.0
0.0
0.0
1.0
1.0
0.0
0.0
0.0
0.0
0.0
1.0
0.0
0.0
0.0
0.0
0.0
1.0
0.0
0.0
1.0
0.0
0.0
0.0
0.0
0.0
1.0
0.0
0.0
0.0
0.0
0.0
0.0
0.0
0.0
1.0
2.0
0.0
0.0
1.0
0.0
0.0
0.0
0.0
0.0
0.0
0.0
3.0
0.0
0.0
0.0
0.0
0.0
1.0
0.0
0.0
0.0
1.0
0.0
1.0
1.0
0.0
0.0
0.0
0.0
0.0
0.0
0.0
2.0
0.0
1.0
0.0
1.0
0.0
0.0
0.0
0.0
0.0
0.0
0.0
0.0
0.0
0.0
1.0
1.0
0.0
0.0
0.0
0.0
0.0
0.0
0.0
0.0
0.0
0.0
1.0
0.0
0.0
0.0
1.0
0.0
0.0
1.0
0.0
0.0
0.0
2.0
0.0
1.0
0.0
0.0
0.0
1.0
0.0
0.0
0.0
0.0
0.0
1.0
0.0
0.0
0.0
0.0
0.0
0.0
0.0
0.0
1.0
1.0
0.0
0.0
0.0
2.0
1.0
0.0
0.0
0.0
0.0
0.0
1.0
0.0
0.0
0.0
1.0
0.0
0.0
0.0
0.0
0.0
1.0
0.0
1.0
0.0
0.0
0.0
0.0
0.0
0.0
0.0
0.0
0.0
0.0
0.0
0.0
0.0
0.0
1.0
0.0
0.0
0.0
1.0
0.0
0.0
0.0
0.0
1.0
0.0
0.0
0.0
0.0
0.0
0.0
0.0
0.0
0.0
0.0
2.0
0.0
1.0
1.0
0.0
0.0
0.0
0.0
0.0
1.0
0.0
0.0
0.0
0.0
0.0
0.0
1.0
0.0
0.0
0.0
0.0
0.0
0.0
0.0
1.0
0.0
2.0
0.0
0.0
1.0
0.0
1.0
0.0
0.0
0.0
1.0
0.0
0.0
0.0
0.0
0.0
0.0
1.0
0.0
0.0
0.0
0.0
0.0
0.0
0.0
1.0
0.0
0.0
0.0
0.0
1.0
1.0
0.0
0.0
0.0
0.0
0.0
0.0
0.0
0.0
0.0
0.0
0.0
0.0
1.0
0.0
2.0
1.0
0.0
0.0
0.0
0.0
0.0
0.0
1.0
2.0
0.0
0.0
0.0
1.0
1.0
1.0
0.0
0.0
0.0
1.0
2.0
0.0
1.0
1.0
0.0
0.0
0.0
0.0
0.0
0.0
0.0
0.0
0.0
2.0
0.0
0.0
2.0
0.0
1.0
0.0
0.0
0.0
0.0
0.0
0.0
0.0
0.0
0.0
0.0
0.0
0.0
0.0
1.0
0.0
1.0
0.0
0.0
2.0
0.0
1.0
0.0
0.0
1.0
0.0
0.0
0.0
0.0
0.0
1.0
0.0
2.0
0.0
2.0
0.0
0.0
0.0
0.0
0.0
0.0
3.0
0.0
0.0
0.0
1.0
0.0
0.0
0.0
1.0
1.0
1.0
0.0
0.0
0.0
1.0
0.0
0.0
1.0
0.0
1.0
0.0
0.0
0.0
0.0
0.0
0.0
1.0
1.0
0.0
1.0
0.0
0.0
0.0
0.0
0.0
1.0
0.0
0.0
0.0
0.0
0.0
0.0
0.0
0.0
0.0
0.0
0.0
0.0
0.0
1.0
0.0
0.0
0.0
0.0
0.0
0.0
1.0
0.0
0.0
0.0
0.0
0.0
1.0
0.0
1.0
0.0
0.0
0.0
0.0
0.0
1.0
0.0
1.0
0.0
0.0
0.0
1.0
1.0
0.0
0.0
0.0
0.0
0.0
0.0
0.0
0.0
0.0
1.0
1.0
0.0
0.0
0.0
1.0
0.0
0.0
0.0
0.0
0.0
2.0
0.0
0.0
0.0
0.0
2.0
0.0
0.0
0.0
1.0
0.0
1.0
0.0
0.0
0.0
1.0
0.0
1.0
0.0
1.0
0.0
1.0
0.0
0.0
0.0
0.0
0.0
2.0
0.0
1.0
0.0
0.0
1.0
1.0
0.0
0.0
0.0
0.0
0.0
1.0
0.0
0.0
1.0
1.0
0.0
2.0
0.0
0.0
0.0
0.0
0.0
1.0
0.0
0.0
0.0
0.0
0.0
0.0
1.0
0.0
0.0
0.0
0.0
0.0
1.0
0.0
1.0
0.0
0.0
1.0
0.0
0.0
1.0
0.0
0.0
0.0
0.0
0.0
0.0
0.0
0.0
1.0
0.0
0.0
0.0
1.0
1.0
0.0
0.0
1.0
0.0
0.0
0.0
0.0
0.0
0.0
0.0
0.0
0.0
0.0
0.0
0.0
0.0
0.0
0.0
2.0
4.0
0.0
1.0
0.0
0.0
0.0
2.0
0.0
0.0
0.0
1.0
0.0
1.0
0.0
1.0
0.0
0.0
1.0
0.0
0.0
0.0
0.0
0.0
1.0
0.0
0.0
1.0
0.0
1.0
0.0
1.0
1.0
2.0
1.0
0.0
0.0
0.0
2.0
1.0
0.0
0.0
0.0
1.0
0.0
0.0
0.0
0.0
0.0
0.0
0.0
0.0
0.0
0.0
1.0
1.0
0.0
0.0
0.0
1.0
0.0
1.0
0.0
0.0
1.0
0.0
0.0
0.0
0.0
0.0
1.0
0.0
0.0
0.0
0.0
0.0
0.0
0.0
0.0
1.0
0.0
0.0
0.0
0.0
1.0
0.0
1.0
1.0
1.0
0.0
0.0
1.0
0.0
0.0
0.0
0.0
1.0
0.0
1.0
0.0
0.0
0.0
0.0
0.0
0.0
0.0
0.0
1.0
0.0
0.0
1.0
1.0
0.0
0.0
0.0
0.0
0.0
0.0
1.0
0.0
0.0
1.0
0.0
0.0
0.0
0.0
0.0
0.0
0.0
0.0
1.0
0.0
1.0
0.0
0.0
0.0
1.0
0.0
0.0
1.0
0.0
0.0
0.0
0.0
1.0
2.0
0.0
1.0
0.0
0.0
0.0
2.0
0.0
0.0
0.0
0.0
0.0
1.0
0.0
1.0
1.0
0.0
0.0
0.0
0.0
0.0
0.0
1.0
0.0
1.0
0.0
0.0
0.0
0.0
0.0
0.0
0.0
0.0
0.0
0.0
0.0
0.0
0.0
0.0
0.0
0.0
0.0
0.0
0.0
0.0
0.0
0.0
0.0
0.0
0.0
0.0
0.0
0.0
1.0
0.0
0.0
0.0
0.0
0.0
0.0
0.0
0.0
0.0
0.0
0.0
0.0
0.0
0.0
0.0
0.0
0.0
1.0
0.0
0.0
0.0
1.0
0.0
1.0
0.0
2.0
1.0
0.0
1.0
1.0
0.0
0.0
0.0
0.0
0.0
0.0
0.0
1.0
1.0
0.0
0.0
0.0
0.0
0.0
0.0
0.0
0.0
0.0
1.0
0.0
0.0
0.0
0.0
0.0
0.0
0.0
0.0
0.0
0.0
0.0
0.0
1.0
2.0
0.0
0.0
1.0
0.0
0.0
0.0
0.0
0.0
1.0
0.0
0.0
1.0
0.0
0.0
0.0
0.0
0.0
0.0
0.0
0.0
1.0
1.0
0.0
0.0
0.0
0.0
0.0
0.0
1.0
0.0
0.0
0.0
0.0
0.0
0.0
1.0
0.0
0.0
0.0
0.0
0.0
1.0
0.0
0.0
0.0
0.0
0.0
0.0
0.0
0.0
0.0
0.0
0.0
0.0
0.0
0.0
0.0
0.0
0.0
0.0
0.0
0.0
1.0
0.0
0.0
0.0
0.0
0.0
0.0
0.0
0.0
0.0
0.0
0.0
0.0
0.0
0.0
0.0
0.0
0.0
0.0
0.0
0.0
0.0
0.0
0.0
0.0
0.0
1.0
0.0
0.0
0.0
1.0
0.0
0.0
1.0
0.0
0.0
0.0
0.0
0.0
0.0
0.0
0.0
0.0
0.0
0.0
0.0
0.0
0.0
0.0
0.0
0.0
0.0
0.0
0.0
0.0
0.0
0.0
0.0
0.0
0.0
0.0
1.0
0.0
0.0
0.0
0.0
0.0
0.0
1.0
0.0
0.0
1.0
0.0
0.0
0.0
0.0
0.0
0.0
0.0
0.0
0.0
0.0
0.0
0.0
0.0
0.0
0.0
0.0
0.0
0.0
0.0
0.0
0.0
0.0
0.0
0.0
0.0
0.0
0.0
0.0
0.0
0.0
0.0
0.0
0.0
0.0
0.0
0.0
0.0
1.0
1.0
0.0
0.0
0.0
0.0
0.0
0.0
0.0
0.0
0.0
0.0
0.0
0.0
0.0
0.0
0.0
0.0
0.0
0.0
0.0
0.0
0.0
1.0
0.0
0.0
0.0
0.0
0.0
0.0
0.0
0.0
0.0
0.0
0.0
0.0
0.0
0.0
0.0
0.0
0.0
0.0
0.0
0.0
0.0
0.0
0.0
0.0
0.0
0.0
0.0
0.0
1.0
0.0
1.0
0.0
0.0
0.0
0.0
0.0
0.0
0.0
0.0
3.0
1.0
0.0
2.0
0.0
1.0
0.0
0.0
1.0
0.0
1.0
0.0
1.0
1.0
3.0
0.0
1.0
0.0
0.0
0.0
1.0
2.0
1.0
0.0
0.0
2.0
1.0
0.0
1.0
1.0
1.0
1.0
1.0
0.0
2.0
1.0
0.0
1.0
0.0
0.0
2.0
3.0
0.0
3.0
0.0
0.0
0.0
0.0
0.0
0.0
1.0
1.0
0.0
0.0
0.0
1.0
1.0
0.0
0.0
0.0
0.0
0.0
0.0
0.0
1.0
0.0
0.0
0.0
0.0
0.0
0.0
0.0
0.0
0.0
0.0
0.0
0.0
0.0
0.0
1.0
0.0
0.0
0.0
0.0
0.0
0.0
0.0
0.0
0.0
0.0
0.0
0.0
0.0
0.0
1.0
0.0
0.0
0.0
0.0
0.0
0.0
0.0
0.0
0.0
0.0
0.0
0.0
0.0
0.0
0.0
0.0
0.0
0.0
0.0
0.0
0.0
0.0
0.0
0.0
0.0
0.0
0.0
0.0
0.0
1.0
0.0
0.0
0.0
0.0
0.0
0.0
0.0
0.0
0.0
0.0
0.0
0.0
0.0
1.0
0.0
0.0
0.0
0.0
0.0
0.0
1.0
0.0
0.0
0.0
0.0
0.0
0.0
0.0
0.0
0.0
0.0
0.0
0.0
0.0
0.0
0.0
0.0
0.0
0.0
0.0
0.0
0.0
0.0
0.0
1.0
0.0
0.0
0.0
0.0
0.0
0.0
0.0
0.0
0.0
0.0
0.0
0.0
0.0
0.0
0.0
0.0
0.0
0.0
0.0
0.0
0.0
0.0
0.0
0.0
0.0
0.0
0.0
0.0
0.0
0.0
0.0
0.0
0.0
0.0
0.0
0.0
0.0
0.0
0.0
0.0
0.0
0.0
0.0
0.0
0.0
0.0
0.0
0.0
0.0
0.0
0.0
0.0
0.0
0.0
0.0
0.0
0.0
0.0
0.0
0.0
0.0
0.0
0.0
0.0
0.0
0.0
0.0
0.0
0.0
0.0
0.0
0.0
0.0
0.0
0.0
0.0
0.0
0.0
0.0
0.0
0.0
0.0
0.0
0.0
0.0
0.0
0.0
0.0
0.0
0.0
0.0
0.0
0.0
0.0
0.0
0.0
0.0
0.0
0.0
0.0
0.0
0.0
0.0
0.0
0.0
0.0
0.0
0.0
0.0
0.0
0.0
0.0
0.0
0.0
0.0
0.0
0.0
0.0
0.0
0.0
0.0
0.0
0.0
0.0
1.0
1.0
0.0
0.0
0.0
0.0
0.0
0.0
0.0
0.0
0.0
0.0
0.0
0.0
0.0
0.0
0.0
0.0
0.0
0.0
0.0
0.0
0.0
0.0
0.0
0.0
0.0
0.0
0.0
0.0
0.0
0.0
0.0
0.0
0.0
0.0
0.0
0.0
0.0
0.0
0.0
0.0
0.0
0.0
0.0
0.0
0.0
0.0
0.0
0.0
0.0
0.0
0.0
0.0
0.0
0.0
0.0
0.0
0.0
0.0
0.0
0.0
0.0
0.0
0.0
0.0
0.0
0.0
0.0
0.0
0.0
0.0
0.0
0.0
0.0
0.0
0.0
0.0
0.0
0.0
0.0
0.0
0.0
0.0
0.0
0.0
0.0
0.0
0.0
0.0
0.0
0.0
0.0
0.0
0.0
0.0
0.0
0.0
0.0
0.0
0.0
0.0
0.0
0.0
0.0
0.0
0.0
0.0
0.0
0.0
1.0
0.0
0.0
0.0
0.0
0.0
0.0
0.0
0.0
0.0
0.0
0.0
0.0
0.0
0.0
0.0
0.0
0.0
0.0
1.0
0.0
0.0
0.0
0.0
0.0
0.0
0.0
0.0
0.0
0.0
0.0
0.0
0.0
0.0
0.0
0.0
0.0
0.0
0.0
0.0
0.0
0.0
0.0
0.0
0.0
0.0
0.0
0.0
0.0
0.0
0.0
0.0
0.0
0.0
0.0
0.0
0.0
0.0
0.0
0.0
0.0
0.0
0.0
0.0
0.0
0.0
0.0
0.0
0.0
0.0
0.0
0.0
0.0
0.0
0.0
0.0
1.0
0.0
0.0
0.0
0.0
0.0
0.0
0.0
0.0
0.0
0.0
0.0
0.0
0.0
0.0
0.0
0.0
0.0
0.0
0.0
0.0
0.0
0.0
0.0
0.0
0.0
0.0
0.0
0.0
0.0
0.0
0.0
0.0
0.0
0.0
0.0
0.0
1.0
0.0
0.0
0.0
0.0
0.0
0.0
0.0
0.0
0.0
0.0
0.0
0.0
0.0
0.0
0.0
0.0
0.0
0.0
0.0
0.0
0.0
0.0
0.0
0.0
0.0
0.0
0.0
0.0
0.0
0.0
0.0
0.0
0.0
0.0
0.0
0.0
0.0
0.0
0.0
0.0
0.0
0.0
0.0
0.0
0.0
0.0
0.0
0.0
0.0
0.0
0.0
0.0
0.0
0.0
0.0
0.0
1.0
1.0
0.0
0.0
0.0
0.0
0.0
0.0
0.0
0.0
0.0
0.0
1.0
0.0
0.0
0.0
0.0
0.0
0.0
0.0
0.0
0.0
0.0
0.0
0.0
0.0
0.0
0.0
0.0
0.0
0.0
0.0
0.0
0.0
0.0
0.0
0.0
0.0
0.0
0.0
0.0
0.0
0.0
0.0
0.0
0.0
0.0
0.0
0.0
0.0
0.0
0.0
0.0
0.0
0.0
0.0
0.0
0.0
0.0
0.0
1.0
0.0
0.0
0.0
0.0
0.0
0.0
0.0
0.0
0.0
0.0
0.0
0.0
0.0
0.0
0.0
0.0
0.0
0.0
0.0
0.0
0.0
0.0
0.0
0.0
0.0
0.0
0.0
0.0
0.0
0.0
0.0
0.0
0.0
0.0
0.0
0.0
0.0
0.0
0.0
0.0
0.0
0.0
0.0
0.0
0.0
0.0
0.0
0.0
0.0
0.0
0.0
0.0
0.0
0.0
0.0
0.0
0.0
0.0
0.0
0.0
0.0
0.0
0.0
0.0
0.0
0.0
0.0
0.0
0.0
0.0
0.0
0.0
0.0
0.0
0.0
0.0
0.0
0.0
0.0
0.0
0.0
0.0
0.0
0.0
0.0
0.0
0.0
0.0
0.0
0.0
0.0
0.0
0.0
0.0
0.0
0.0
0.0
0.0
0.0
0.0
0.0
0.0
0.0
0.0
0.0
0.0
0.0
0.0
0.0
0.0
0.0
0.0
0.0
0.0
0.0
0.0
0.0
0.0
0.0
0.0
0.0
0.0
0.0
0.0
0.0
0.0
0.0
0.0
0.0
0.0
0.0
0.0
0.0
0.0
0.0
0.0
0.0
0.0
0.0
0.0
0.0
0.0
0.0
0.0
0.0
0.0
0.0
0.0
0.0
0.0
0.0
0.0
0.0
0.0
0.0
0.0
0.0
0.0
0.0
0.0
0.0
0.0
0.0
0.0
0.0
0.0
0.0
0.0
0.0
0.0
0.0
0.0
0.0
0.0
0.0
0.0
0.0
0.0
0.0
1.0
0.0
0.0
0.0
0.0
0.0
0.0
0.0
0.0
0.0
0.0
0.0
0.0
0.0
0.0
0.0
0.0
0.0
0.0
0.0
0.0
0.0
0.0
0.0
0.0
0.0
0.0
0.0
0.0
0.0
0.0
0.0
0.0
0.0
0.0
0.0
0.0
0.0
0.0
0.0
0.0
0.0
0.0
0.0
0.0
0.0
0.0
0.0
0.0
0.0
0.0
0.0
0.0
0.0
0.0
0.0
0.0
0.0
0.0
1.0
1.0
0.0
0.0
0.0
0.0
0.0
0.0
0.0
0.0
0.0
0.0
0.0
0.0
0.0
0.0
0.0
0.0
0.0
0.0
0.0
0.0
0.0
0.0
0.0
0.0
0.0
0.0
0.0
0.0
0.0
0.0
0.0
0.0
0.0
0.0
0.0
0.0
0.0
1.0
0.0
0.0
0.0
0.0
0.0
0.0
0.0
0.0
0.0
0.0
0.0
0.0
0.0
0.0
0.0
0.0
0.0
0.0
0.0
0.0
0.0
1.0
0.0
0.0
1.0
0.0
0.0
0.0
0.0
0.0
0.0
0.0
0.0
0.0
0.0
0.0
0.0
0.0
0.0
0.0
0.0
0.0
0.0
0.0
0.0
0.0
0.0
0.0
0.0
0.0
0.0
0.0
0.0
0.0
0.0
0.0
0.0
0.0
0.0
0.0
0.0
0.0
0.0
0.0
0.0
0.0
0.0
0.0
0.0
0.0
0.0
0.0
0.0
0.0
0.0
0.0
0.0
0.0
0.0
0.0
0.0
0.0
0.0
0.0
0.0
0.0
0.0
0.0
0.0
0.0
0.0
0.0
0.0
0.0
0.0
0.0
0.0
0.0
0.0
0.0
0.0
0.0
0.0
0.0
0.0
0.0
0.0
0.0
0.0
0.0
0.0
0.0
0.0
0.0
0.0
0.0
0.0
0.0
0.0
0.0
0.0
0.0
0.0
0.0
0.0
0.0
0.0
0.0
0.0
1.0
0.0
0.0
0.0
0.0
0.0
0.0
0.0
0.0
0.0
0.0
0.0
0.0
0.0
0.0
0.0
0.0
0.0
0.0
0.0
0.0
0.0
0.0
0.0
0.0
0.0
0.0
0.0
0.0
0.0
0.0
0.0
0.0
0.0
0.0
0.0
0.0
0.0
0.0
0.0
0.0
0.0
0.0
0.0
0.0
0.0
0.0
0.0
0.0
0.0
0.0
0.0
0.0
0.0
0.0
0.0
0.0
0.0
0.0
0.0
0.0
0.0
0.0
0.0
0.0
0.0
0.0
0.0
0.0
0.0
0.0
0.0
0.0
0.0
0.0
0.0
0.0
0.0
0.0
0.0
0.0
0.0
0.0
0.0
0.0
0.0
1.0
0.0
0.0
0.0
0.0
0.0
0.0
0.0
0.0
0.0
0.0
0.0
0.0
0.0
0.0
0.0
0.0
0.0
0.0
0.0
0.0
0.0
0.0
0.0
0.0
0.0
0.0
0.0
0.0
0.0
0.0
0.0
0.0
0.0
0.0
0.0
0.0
0.0
0.0
0.0
0.0
0.0
0.0
0.0
0.0
0.0
1.0
0.0
0.0
0.0
0.0
0.0
0.0
0.0
0.0
0.0
0.0
0.0
0.0
0.0
0.0
0.0
0.0
0.0
0.0
0.0
0.0
0.0
0.0
0.0
0.0
0.0
0.0
0.0
0.0
0.0
0.0
0.0
0.0
0.0
0.0
0.0
0.0
0.0
0.0
0.0
0.0
0.0
0.0
0.0
0.0
0.0
0.0
0.0
0.0
0.0
0.0
0.0
0.0
1.0
0.0
0.0
0.0
0.0
0.0
0.0
0.0
0.0
0.0
0.0
1.0
0.0
0.0
0.0
0.0
0.0
0.0
0.0
0.0
0.0
0.0
0.0
0.0
0.0
0.0
0.0
0.0
0.0
0.0
0.0
0.0
0.0
0.0
0.0
0.0
0.0
0.0
0.0
0.0
0.0
0.0
0.0
0.0
0.0
0.0
0.0
0.0
0.0
0.0
0.0
0.0
0.0
0.0
0.0
0.0
0.0
0.0
0.0
0.0
0.0
0.0
0.0
0.0
0.0
0.0
0.0
0.0
0.0
0.0
0.0
0.0
0.0
0.0
0.0
0.0
0.0
0.0
0.0
0.0
0.0
0.0
0.0
0.0
0.0
0.0
0.0
0.0
0.0
0.0
0.0
0.0
0.0
0.0
0.0
0.0
0.0
0.0
0.0
0.0
0.0
0.0
0.0
0.0
0.0
0.0
0.0
0.0
0.0
0.0
0.0
0.0
0.0
0.0
0.0
0.0
0.0
0.0
0.0
0.0
0.0
0.0
0.0
0.0
0.0
0.0
0.0
0.0
0.0
0.0
0.0
0.0
0.0
0.0
1.0
0.0
0.0
0.0
0.0
0.0
0.0
0.0
0.0
0.0
0.0
0.0
0.0
0.0
0.0
0.0
0.0
0.0
0.0
1.0
0.0
0.0
0.0
0.0
0.0
0.0
0.0
0.0
0.0
0.0
0.0
0.0
0.0
0.0
0.0
0.0
0.0
0.0
0.0
0.0
0.0
0.0
0.0
0.0
0.0
0.0
0.0
0.0
0.0
0.0
0.0
0.0
0.0
0.0
0.0
0.0
0.0
0.0
0.0
0.0
0.0
0.0
0.0
0.0
0.0
0.0
0.0
0.0
0.0
0.0
0.0
0.0
0.0
0.0
0.0
0.0
0.0
0.0
0.0
0.0
0.0
0.0
0.0
0.0
0.0
0.0
0.0
0.0
0.0
0.0
0.0
0.0
0.0
0.0
0.0
0.0
0.0
0.0
0.0
0.0
0.0
0.0
0.0
0.0
0.0
0.0
0.0
0.0
0.0
0.0
0.0
0.0
0.0
0.0
0.0
0.0
0.0
0.0
0.0
0.0
0.0
0.0
0.0
0.0
0.0
0.0
0.0
0.0
0.0
0.0
0.0
0.0
0.0
0.0
0.0
0.0
0.0
0.0
0.0
0.0
0.0
0.0
0.0
0.0
0.0
0.0
0.0
0.0
0.0
0.0
0.0
0.0
0.0
0.0
0.0
0.0
0.0
0.0
0.0
0.0
0.0
0.0
0.0
0.0
0.0
0.0
0.0
0.0
0.0
0.0
0.0
0.0
0.0
0.0
0.0
0.0
0.0
0.0
0.0
0.0
0.0
0.0
0.0
0.0
0.0
0.0
0.0
0.0
0.0
0.0
0.0
0.0
0.0
0.0
0.0
0.0
0.0
0.0
0.0
0.0
0.0
0.0
0.0
0.0
0.0
0.0
0.0
0.0
0.0
0.0
0.0
0.0
0.0
0.0
0.0
0.0
0.0
0.0
0.0
0.0
0.0
0.0
0.0
0.0
0.0
0.0
0.0
0.0
0.0
0.0
0.0
0.0
0.0
0.0
0.0
0.0
0.0
0.0
0.0
0.0
0.0
0.0
0.0
0.0
0.0
0.0
0.0
1.0
0.0
0.0
0.0
0.0
0.0
0.0
0.0
0.0
0.0
0.0
0.0
0.0
0.0
0.0
0.0
0.0
0.0
0.0
0.0
0.0
0.0
0.0
0.0
0.0
0.0
0.0
0.0
0.0
0.0
0.0
0.0
0.0
1.0
0.0
0.0
0.0
0.0
0.0
0.0
0.0
0.0
0.0
0.0
0.0
0.0
0.0
0.0
0.0
0.0
0.0
0.0
0.0
0.0
0.0
0.0
0.0
0.0
0.0
0.0
0.0
0.0
0.0
0.0
0.0
0.0
0.0
0.0
0.0
0.0
0.0
0.0
0.0
0.0
0.0
0.0
0.0
0.0
0.0
0.0
0.0
0.0
0.0
0.0
0.0
0.0
0.0
0.0
0.0
0.0
0.0
0.0
0.0
0.0
0.0
0.0
0.0
0.0
0.0
0.0
0.0
0.0
0.0
0.0
0.0
0.0
0.0
0.0
0.0
0.0
0.0
0.0
0.0
0.0
0.0
0.0
0.0
0.0
0.0
0.0
0.0
0.0
0.0
0.0
0.0
0.0
0.0
0.0
0.0
0.0
0.0
0.0
0.0
0.0
0.0
0.0
0.0
0.0
0.0
0.0
0.0
0.0
1.0
0.0
0.0
0.0
0.0
0.0
0.0
0.0
0.0
0.0
0.0
0.0
0.0
0.0
0.0
0.0
0.0
0.0
0.0
0.0
0.0
0.0
0.0
0.0
0.0
0.0
0.0
0.0
0.0
0.0
0.0
0.0
0.0
0.0
0.0
0.0
0.0
0.0
0.0
0.0
0.0
0.0
0.0
0.0
0.0
0.0
0.0
0.0
0.0
0.0
0.0
0.0
0.0
0.0
0.0
0.0
0.0
0.0
0.0
0.0
0.0
0.0
0.0
0.0
0.0
0.0
0.0
0.0
0.0
0.0
0.0
0.0
0.0
0.0
0.0
0.0
0.0
0.0
0.0
0.0
0.0
0.0
0.0
0.0
0.0
0.0
0.0
0.0
0.0
0.0
0.0
0.0
0.0
0.0
0.0
0.0
0.0
0.0
0.0
0.0
0.0
0.0
0.0
0.0
0.0
0.0
0.0
0.0
0.0
0.0
0.0
0.0
0.0
0.0
0.0
0.0
0.0
0.0
0.0
0.0
0.0
0.0
1.0
0.0
0.0
0.0
0.0
0.0
0.0
0.0
0.0
0.0
0.0
0.0
0.0
0.0
0.0
0.0
0.0
0.0
0.0
0.0
0.0
0.0
0.0
0.0
0.0
0.0
0.0
0.0
0.0
0.0
0.0
0.0
0.0
0.0
0.0
0.0
0.0
0.0
0.0
0.0
0.0
0.0
0.0
0.0
0.0
0.0
0.0
0.0
0.0
0.0
0.0
0.0
0.0
0.0
1.0
0.0
0.0
0.0
0.0
0.0
0.0
0.0
0.0
0.0
0.0
0.0
0.0
0.0
0.0
0.0
0.0
0.0
0.0
0.0
0.0
0.0
0.0
0.0
0.0
0.0
0.0
0.0
0.0
0.0
0.0
0.0
0.0
0.0
0.0
0.0
1.0
0.0
0.0
0.0
0.0
0.0
0.0
0.0
0.0
0.0
0.0
0.0
0.0
0.0
0.0
0.0
0.0
0.0
0.0
0.0
0.0
0.0
0.0
0.0
0.0
0.0
0.0
1.0
0.0
0.0
0.0
0.0
0.0
0.0
0.0
0.0
0.0
0.0
0.0
0.0
0.0
0.0
0.0
1.0
0.0
0.0
0.0
0.0
1.0
0.0
0.0
0.0
0.0
0.0
0.0
0.0
0.0
0.0
0.0
0.0
0.0
0.0
0.0
0.0
0.0
0.0
0.0
0.0
0.0
0.0
0.0
0.0
0.0
0.0
0.0
0.0
0.0
0.0
0.0
0.0
0.0
0.0
0.0
0.0
0.0
0.0
0.0
0.0
0.0
0.0
0.0
0.0
0.0
0.0
0.0
1.0
0.0
0.0
0.0
0.0
0.0
0.0
0.0
0.0
0.0
0.0
0.0
0.0
0.0
0.0
0.0
0.0
0.0
0.0
0.0
0.0
0.0
0.0
0.0
0.0
0.0
0.0
0.0
0.0
0.0
0.0
0.0
0.0
0.0
0.0
0.0
0.0
0.0
0.0
0.0
0.0
0.0
0.0
0.0
0.0
0.0
0.0
0.0
0.0
0.0
0.0
0.0
0.0
0.0
0.0
0.0
0.0
0.0
0.0
0.0
0.0
0.0
0.0
0.0
0.0
0.0
0.0
0.0
0.0
0.0
0.0
0.0
0.0
0.0
0.0
0.0
0.0
0.0
0.0
0.0
0.0
0.0
0.0
0.0
0.0
0.0
1.0
0.0
0.0
0.0
0.0
0.0
0.0
0.0
0.0
0.0
0.0
0.0
0.0
0.0
0.0
0.0
0.0
0.0
1.0
0.0
0.0
0.0
0.0
0.0
1.0
0.0
0.0
1.0
0.0
0.0
0.0
0.0
0.0
0.0
0.0
0.0
0.0
0.0
0.0
0.0
0.0
0.0
0.0
0.0
0.0
0.0
0.0
0.0
0.0
0.0
0.0
0.0
0.0
0.0
0.0
0.0
0.0
0.0
0.0
0.0
0.0
0.0
0.0
0.0
0.0
0.0
0.0
0.0
0.0
0.0
0.0
0.0
0.0
0.0
0.0
0.0
0.0
0.0
0.0
0.0
0.0
0.0
0.0
0.0
0.0
0.0
0.0
0.0
0.0
0.0
0.0
0.0
0.0
0.0
0.0
0.0
0.0
0.0
0.0
0.0
0.0
0.0
0.0
0.0
0.0
0.0
0.0
0.0
0.0
0.0
0.0
0.0
0.0
0.0
0.0
0.0
0.0
0.0
0.0
0.0
0.0
0.0
0.0
0.0
0.0
0.0
0.0
0.0
0.0
0.0
0.0
0.0
0.0
0.0
0.0
0.0
0.0
0.0
0.0
0.0
0.0
0.0
0.0
0.0
0.0
0.0
0.0
0.0
0.0
0.0
0.0
1.0
0.0
0.0
0.0
0.0
0.0
0.0
0.0
0.0
0.0
0.0
0.0
0.0
0.0
0.0
0.0
0.0
0.0
0.0
0.0
0.0
0.0
1.0
0.0
0.0
0.0
0.0
0.0
0.0
0.0
0.0
0.0
0.0
0.0
0.0
0.0
0.0
0.0
0.0
0.0
0.0
0.0
0.0
0.0
0.0
0.0
0.0
0.0
0.0
0.0
0.0
0.0
0.0
0.0
0.0
0.0
0.0
0.0
0.0
0.0
0.0
0.0
0.0
0.0
0.0
0.0
0.0
0.0
0.0
0.0
0.0
0.0
0.0
0.0
0.0
0.0
0.0
0.0
0.0
0.0
0.0
0.0
0.0
0.0
0.0
0.0
0.0
0.0
0.0
0.0
0.0
0.0
0.0
0.0
0.0
0.0
0.0
0.0
0.0
0.0
0.0
0.0
0.0
0.0
0.0
0.0
0.0
0.0
0.0
0.0
0.0
0.0
0.0
0.0
0.0
0.0
0.0
0.0
0.0
0.0
0.0
0.0
0.0
0.0
0.0
0.0
0.0
0.0
0.0
0.0
0.0
0.0
0.0
0.0
0.0
0.0
0.0
0.0
0.0
0.0
0.0
0.0
0.0
0.0
0.0
0.0
0.0
0.0
0.0
0.0
0.0
0.0
0.0
0.0
0.0
0.0
0.0
0.0
0.0
0.0
0.0
0.0
0.0
1.0
0.0
0.0
0.0
0.0
0.0
0.0
0.0
0.0
0.0
0.0
0.0
0.0
0.0
0.0
0.0
0.0
0.0
0.0
0.0
0.0
0.0
0.0
0.0
0.0
0.0
0.0
0.0
0.0
0.0
0.0
0.0
0.0
0.0
0.0
0.0
0.0
0.0
0.0
0.0
0.0
0.0
0.0
0.0
0.0
0.0
0.0
0.0
0.0
0.0
0.0
0.0
0.0
0.0
0.0
0.0
0.0
0.0
0.0
1.0
0.0
0.0
0.0
0.0
0.0
0.0
0.0
0.0
0.0
0.0
0.0
0.0
0.0
0.0
0.0
0.0
0.0
0.0
0.0
0.0
0.0
0.0
0.0
0.0
0.0
0.0
0.0
0.0
0.0
0.0
0.0
0.0
0.0
0.0
0.0
0.0
0.0
0.0
0.0
0.0
0.0
0.0
0.0
0.0
0.0
0.0
0.0
0.0
0.0
0.0
0.0
0.0
0.0
0.0
0.0
0.0
0.0
0.0
0.0
0.0
0.0
0.0
0.0
0.0
0.0
0.0
0.0
0.0
0.0
0.0
0.0
0.0
0.0
0.0
0.0
0.0
0.0
0.0
0.0
0.0
0.0
0.0
0.0
0.0
0.0
0.0
0.0
0.0
0.0
0.0
0.0
0.0
0.0
0.0
0.0
0.0
0.0
0.0
0.0
0.0
0.0
0.0
0.0
0.0
0.0
0.0
0.0
0.0
0.0
0.0
0.0
0.0
0.0
0.0
0.0
0.0
0.0
0.0
0.0
0.0
0.0
0.0
0.0
0.0
0.0
0.0
0.0
0.0
0.0
0.0
0.0
0.0
0.0
0.0
0.0
0.0
0.0
0.0
0.0
0.0
0.0
0.0
0.0
0.0
0.0
0.0
0.0
0.0
0.0
0.0
0.0
0.0
0.0
0.0
0.0
0.0
0.0
0.0
0.0
0.0
0.0
0.0
0.0
0.0
0.0
0.0
0.0
0.0
0.0
0.0
0.0
0.0
0.0
0.0
0.0
0.0
0.0
0.0
0.0
0.0
0.0
0.0
0.0
0.0
0.0
0.0
0.0
0.0
0.0
0.0
0.0
0.0
0.0
0.0
0.0
0.0
0.0
0.0
0.0
0.0
0.0
0.0
0.0
0.0
0.0
0.0
0.0
0.0
0.0
0.0
0.0
0.0
0.0
0.0
0.0
0.0
0.0
0.0
0.0
0.0
0.0
0.0
0.0
0.0
0.0
0.0
0.0
0.0
0.0
0.0
0.0
0.0
0.0
0.0
0.0
0.0
0.0
0.0
0.0
0.0
0.0
0.0
0.0
0.0
0.0
1.0
0.0
0.0
0.0
0.0
0.0
0.0
0.0
1.0
0.0
0.0
0.0
0.0
0.0
0.0
0.0
0.0
0.0
0.0
0.0
0.0
1.0
0.0
0.0
0.0
0.0
0.0
0.0
0.0
0.0
0.0
0.0
1.0
0.0
0.0
0.0
0.0
0.0
0.0
0.0
0.0
0.0
0.0
0.0
0.0
0.0
0.0
0.0
0.0
0.0
0.0
0.0
0.0
0.0
0.0
0.0
0.0
0.0
0.0
0.0
0.0
0.0
0.0
0.0
0.0
0.0
0.0
0.0
0.0
0.0
0.0
0.0
0.0
0.0
1.0
0.0
0.0
0.0
0.0
0.0
0.0
0.0
0.0
0.0
0.0
0.0
0.0
0.0
0.0
0.0
0.0
0.0
0.0
0.0
0.0
0.0
0.0
0.0
0.0
0.0
0.0
0.0
0.0
0.0
0.0
0.0
0.0
0.0
0.0
0.0
0.0
0.0
0.0
0.0
0.0
0.0
0.0
0.0
0.0
0.0
0.0
0.0
0.0
0.0
0.0
0.0
0.0
0.0
0.0
0.0
0.0
0.0
0.0
0.0
0.0
0.0
0.0
0.0
0.0
0.0
0.0
0.0
0.0
0.0
0.0
0.0
0.0
0.0
0.0
1.0
0.0
0.0
0.0
0.0
0.0
0.0
0.0
0.0
0.0
0.0
1.0
0.0
0.0
0.0
0.0
0.0
0.0
0.0
0.0
0.0
0.0
0.0
0.0
0.0
0.0
0.0
0.0
0.0
0.0
0.0
0.0
0.0
0.0
0.0
0.0
0.0
0.0
0.0
0.0
0.0
0.0
0.0
0.0
0.0
0.0
0.0
0.0
0.0
0.0
0.0
0.0
0.0
1.0
0.0
0.0
0.0
0.0
0.0
0.0
0.0
0.0
1.0
0.0
0.0
0.0
0.0
0.0
0.0
0.0
0.0
0.0
0.0
0.0
0.0
0.0
0.0
0.0
0.0
0.0
0.0
0.0
0.0
0.0
0.0
0.0
0.0
0.0
0.0
0.0
0.0
0.0
0.0
0.0
0.0
0.0
0.0
0.0
0.0
0.0
0.0
0.0
0.0
0.0
0.0
0.0
1.0
0.0
0.0
0.0
0.0
0.0
0.0
0.0
0.0
0.0
0.0
0.0
0.0
0.0
0.0
0.0
0.0
0.0
0.0
0.0
0.0
0.0
0.0
0.0
0.0
0.0
0.0
0.0
0.0
0.0
1.0
0.0
0.0
0.0
0.0
0.0
0.0
0.0
0.0
0.0
0.0
0.0
0.0
0.0
0.0
0.0
0.0
0.0
0.0
0.0
0.0
0.0
0.0
0.0
1.0
0.0
0.0
0.0
0.0
0.0
0.0
0.0
0.0
0.0
0.0
0.0
0.0
0.0
0.0
0.0
0.0
0.0
0.0
0.0
0.0
0.0
0.0
0.0
0.0
0.0
0.0
0.0
0.0
0.0
0.0
0.0
0.0
0.0
0.0
0.0
0.0
0.0
0.0
0.0
0.0
0.0
0.0
0.0
0.0
0.0
0.0
0.0
0.0
0.0
0.0
0.0
0.0
0.0
0.0
0.0
0.0
0.0
0.0
0.0
0.0
0.0
0.0
0.0
0.0
0.0
0.0
0.0
0.0
0.0
0.0
0.0
0.0
0.0
0.0
0.0
1.0
0.0
0.0
0.0
0.0
0.0
0.0
0.0
0.0
0.0
0.0
0.0
0.0
0.0
0.0
0.0
0.0
0.0
0.0
0.0
0.0
0.0
0.0
0.0
0.0
0.0
0.0
0.0
0.0
0.0
0.0
0.0
0.0
0.0
1.0
0.0
0.0
0.0
0.0
1.0
0.0
0.0
0.0
0.0
0.0
0.0
0.0
0.0
0.0
0.0
0.0
0.0
0.0
0.0
0.0
0.0
0.0
0.0
0.0
0.0
0.0
0.0
0.0
0.0
0.0
0.0
0.0
0.0
0.0
0.0
0.0
0.0
0.0
0.0
0.0
0.0
0.0
0.0
0.0
0.0
0.0
0.0
0.0
0.0
0.0
0.0
0.0
0.0
0.0
0.0
0.0
0.0
0.0
0.0
0.0
0.0
0.0
0.0
0.0
0.0
0.0
0.0
0.0
0.0
0.0
0.0
0.0
0.0
0.0
0.0
0.0
0.0
0.0
0.0
0.0
0.0
0.0
0.0
0.0
0.0
0.0
0.0
0.0
0.0
0.0
0.0
0.0
0.0
0.0
0.0
0.0
0.0
0.0
0.0
0.0
0.0
0.0
0.0
0.0
0.0
0.0
0.0
0.0
0.0
0.0
0.0
0.0
0.0
0.0
0.0
0.0
0.0
0.0
0.0
0.0
0.0
0.0
0.0
0.0
0.0
0.0
0.0
0.0
0.0
0.0
0.0
0.0
0.0
0.0
0.0
0.0
0.0
0.0
0.0
0.0
0.0
0.0
0.0
0.0
0.0
0.0
0.0
0.0
0.0
0.0
0.0
1.0
0.0
0.0
0.0
0.0
0.0
0.0
0.0
0.0
0.0
0.0
0.0
0.0
0.0
0.0
0.0
0.0
0.0
0.0
0.0
0.0
0.0
0.0
0.0
0.0
0.0
0.0
0.0
0.0
0.0
0.0
0.0
0.0
0.0
0.0
0.0
0.0
0.0
0.0
0.0
0.0
0.0
0.0
0.0
0.0
0.0
0.0
0.0
0.0
0.0
0.0
0.0
0.0
0.0
0.0
0.0
0.0
0.0
0.0
0.0
0.0
0.0
0.0
0.0
0.0
0.0
0.0
0.0
0.0
0.0
0.0
0.0
0.0
0.0
0.0
0.0
0.0
0.0
0.0
0.0
0.0
0.0
0.0
0.0
0.0
0.0
0.0
0.0
0.0
0.0
0.0
0.0
0.0
0.0
0.0
0.0
0.0
0.0
0.0
0.0
0.0
0.0
0.0
0.0
0.0
0.0
0.0
0.0
0.0
0.0
0.0
0.0
0.0
0.0
0.0
0.0
0.0
0.0
0.0
0.0
0.0
0.0
0.0
0.0
0.0
0.0
0.0
0.0
0.0
0.0
0.0
1.0
0.0
0.0
0.0
0.0
0.0
0.0
0.0
0.0
0.0
0.0
0.0
0.0
0.0
0.0
0.0
0.0
0.0
0.0
0.0
0.0
0.0
0.0
0.0
0.0
0.0
0.0
0.0
0.0
0.0
0.0
0.0
0.0
0.0
0.0
0.0
0.0
0.0
0.0
0.0
0.0
0.0
0.0
0.0
0.0
0.0
0.0
0.0
0.0
0.0
0.0
0.0
0.0
0.0
0.0
0.0
0.0
0.0
0.0
0.0
0.0
0.0
0.0
0.0
0.0
0.0
0.0
0.0
0.0
0.0
0.0
0.0
0.0
0.0
0.0
0.0
0.0
0.0
0.0
0.0
0.0
0.0
0.0
0.0
0.0
0.0
0.0
0.0
1.0
0.0
0.0
0.0
0.0
0.0
0.0
0.0
0.0
0.0
0.0
0.0
0.0
0.0
0.0
0.0
0.0
0.0
0.0
0.0
0.0
0.0
0.0
1.0
0.0
0.0
0.0
0.0
0.0
0.0
0.0
0.0
0.0
0.0
0.0
0.0
0.0
0.0
0.0
0.0
0.0
0.0
0.0
0.0
0.0
0.0
0.0
0.0
0.0
0.0
0.0
0.0
0.0
0.0
0.0
0.0
0.0
0.0
0.0
0.0
0.0
0.0
0.0
0.0
0.0
0.0
0.0
0.0
0.0
0.0
0.0
0.0
0.0
0.0
0.0
0.0
0.0
0.0
0.0
0.0
0.0
0.0
0.0
0.0
0.0
0.0
0.0
0.0
0.0
0.0
0.0
0.0
0.0
0.0
0.0
0.0
0.0
0.0
0.0
0.0
0.0
0.0
0.0
0.0
0.0
0.0
0.0
0.0
0.0
0.0
0.0
0.0
0.0
0.0
0.0
0.0
0.0
0.0
0.0
0.0
0.0
0.0
0.0
0.0
0.0
0.0
0.0
0.0
0.0
0.0
0.0
0.0
0.0
0.0
0.0
0.0
0.0
0.0
0.0
0.0
0.0
0.0
0.0
0.0
0.0
0.0
0.0
0.0
0.0
0.0
0.0
0.0
0.0
0.0
0.0
0.0
0.0
0.0
0.0
0.0
0.0
0.0
0.0
0.0
0.0
0.0
0.0
0.0
0.0
0.0
0.0
0.0
0.0
0.0
0.0
0.0
0.0
0.0
0.0
0.0
0.0
0.0
0.0
1.0
0.0
0.0
0.0
0.0
0.0
0.0
0.0
0.0
0.0
0.0
0.0
0.0
0.0
0.0
0.0
0.0
0.0
0.0
0.0
0.0
0.0
0.0
0.0
0.0
0.0
0.0
0.0
0.0
0.0
0.0
0.0
0.0
0.0
0.0
0.0
0.0
0.0
0.0
0.0
0.0
1.0
0.0
0.0
0.0
0.0
0.0
0.0
0.0
0.0
0.0
0.0
0.0
0.0
0.0
0.0
0.0
0.0
0.0
0.0
0.0
0.0
0.0
0.0
0.0
0.0
0.0
0.0
0.0
0.0
0.0
0.0
0.0
0.0
0.0
0.0
0.0
0.0
0.0
0.0
0.0
0.0
0.0
0.0
0.0
0.0
0.0
0.0
0.0
0.0
0.0
0.0
0.0
0.0
0.0
0.0
0.0
0.0
0.0
0.0
0.0
0.0
0.0
0.0
0.0
0.0
0.0
0.0
0.0
0.0
0.0
0.0
0.0
0.0
0.0
0.0
0.0
0.0
0.0
0.0
0.0
0.0
0.0
0.0
0.0
0.0
0.0
0.0
0.0
0.0
0.0
0.0
0.0
0.0
0.0
0.0
0.0
0.0
0.0
0.0
0.0
0.0
0.0
0.0
0.0
0.0
0.0
0.0
0.0
0.0
0.0
0.0
0.0
0.0
0.0
0.0
0.0
0.0
0.0
0.0
0.0
0.0
0.0
0.0
0.0
0.0
0.0
0.0
0.0
0.0
0.0
0.0
0.0
0.0
0.0
0.0
0.0
0.0
0.0
0.0
0.0
0.0
0.0
0.0
0.0
0.0
0.0
0.0
0.0
0.0
0.0
0.0
0.0
0.0
0.0
0.0
0.0
0.0
0.0
0.0
0.0
0.0
0.0
0.0
0.0
0.0
0.0
0.0
0.0
0.0
0.0
0.0
0.0
0.0
0.0
0.0
0.0
0.0
0.0
0.0
0.0
0.0
0.0
0.0
0.0
0.0
0.0
0.0
0.0
0.0
0.0
0.0
0.0
0.0
1.0
0.0
0.0
0.0
0.0
0.0
0.0
0.0
0.0
0.0
0.0
0.0
0.0
0.0
0.0
0.0
0.0
0.0
0.0
0.0
0.0
0.0
0.0
0.0
0.0
0.0
0.0
0.0
0.0
0.0
0.0
0.0
0.0
0.0
0.0
0.0
0.0
0.0
0.0
0.0
0.0
0.0
0.0
0.0
0.0
0.0
0.0
0.0
0.0
0.0
0.0
0.0
0.0
0.0
0.0
0.0
0.0
0.0
0.0
0.0
0.0
0.0
0.0
0.0
0.0
0.0
0.0
0.0
0.0
0.0
0.0
0.0
0.0
0.0
0.0
0.0
0.0
0.0
0.0
0.0
0.0
0.0
0.0
0.0
0.0
0.0
0.0
0.0
0.0
0.0
0.0
0.0
0.0
0.0
0.0
0.0
0.0
0.0
0.0
0.0
0.0
0.0
0.0
0.0
0.0
0.0
0.0
0.0
0.0
0.0
0.0
0.0
0.0
0.0
0.0
0.0
0.0
0.0
0.0
0.0
0.0
0.0
0.0
0.0
0.0
0.0
0.0
0.0
0.0
0.0
0.0
0.0
0.0
0.0
0.0
0.0
0.0
0.0
0.0
0.0
0.0
0.0
0.0
0.0
0.0
0.0
0.0
0.0
0.0
0.0
0.0
0.0
0.0
0.0
0.0
0.0
0.0
0.0
0.0
0.0
0.0
1.0
0.0
0.0
0.0
0.0
0.0
0.0
0.0
0.0
0.0
0.0
0.0
0.0
0.0
1.0
0.0
0.0
0.0
0.0
0.0
0.0
0.0
0.0
0.0
0.0
0.0
0.0
0.0
0.0
0.0
0.0
0.0
0.0
0.0
0.0
0.0
0.0
0.0
0.0
0.0
0.0
0.0
0.0
0.0
0.0
0.0
0.0
0.0
0.0
0.0
0.0
0.0
0.0
0.0
0.0
0.0
0.0
0.0
0.0
0.0
0.0
0.0
0.0
0.0
0.0
0.0
0.0
0.0
0.0
0.0
0.0
0.0
0.0
0.0
0.0
0.0
0.0
0.0
0.0
0.0
0.0
0.0
0.0
0.0
0.0
0.0
0.0
0.0
0.0
0.0
0.0
0.0
0.0
0.0
0.0
0.0
0.0
0.0
0.0
0.0
0.0
0.0
0.0
0.0
$ROI:
$PRESETS:
Real Time
300
0
$ENER_FIT:
0.000000 0.000000
$MCA_CAL:
3
0.000000E+000 0.000000E+000 0.000000E+000 
$SHAPE_CAL:
3
0.000000E+000 0.000000E+000 0.000000E+000