$SPEC_ID:
No sample description was entered.
$SPEC_REM:
DET# 1
DETDESC# TL-101B-03 digiBASE-RH SN 16039579
AP# Maestro Version 7.01
$DATE_MEA:
03/06/2026 13:19:43
$MEAS_TIM:
600 000
$DATA:
0.0	8191
0.0
0.0
0.0
0.0
0.0
0.0
0.0
0.0
0.0
0.0
0.0
0.0
0.0
0.0
0.0
0.0
0.0
0.0
0.0
0.0
0.0
0.0
0.0
0.0
0.0
0.0
0.0
0.0
0.0
0.0
0.0
0.0
0.0
0.0
0.0
0.0
0.0
0.0
0.0
0.0
0.0
0.0
0.0
0.0
0.0
0.0
0.0
0.0
0.0
259.0
222.0
264.0
232.0
262.0
216.0
222.0
228.0
241.0
262.0
206.0
239.0
253.0
217.0
222.0
231.0
209.0
224.0
225.0
251.0
253.0
219.0
196.0
212.0
215.0
192.0
243.0
217.0
228.0
230.0
205.0
223.0
243.0
232.0
224.0
206.0
223.0
214.0
219.0
201.0
248.0
223.0
239.0
227.0
238.0
231.0
237.0
219.0
229.0
222.0
259.0
220.0
230.0
216.0
232.0
251.0
241.0
246.0
246.0
260.0
262.0
280.0
270.0
250.0
249.0
215.0
220.0
248.0
229.0
251.0
242.0
250.0
209.0
263.0
232.0
240.0
281.0
261.0
270.0
251.0
236.0
278.0
261.0
264.0
247.0
228.0
214.0
241.0
256.0
257.0
245.0
244.0
248.0
225.0
243.0
234.0
259.0
249.0
276.0
256.0
292.0
255.0
249.0
242.0
250.0
219.0
224.0
233.0
248.0
218.0
221.0
251.0
260.0
265.0
246.0
234.0
257.0
261.0
248.0
253.0
232.0
252.0
229.0
252.0
231.0
223.0
249.0
222.0
272.0
290.0
286.0
345.0
410.0
486.0
408.0
316.0
276.0
238.0
262.0
256.0
213.0
242.0
242.0
237.0
234.0
267.0
238.0
238.0
249.0
233.0
235.0
229.0
234.0
229.0
249.0
254.0
236.0
216.0
216.0
222.0
236.0
220.0
224.0
220.0
240.0
238.0
206.0
229.0
216.0
237.0
182.0
244.0
198.0
209.0
258.0
223.0
221.0
219.0
226.0
222.0
238.0
244.0
200.0
245.0
212.0
214.0
237.0
245.0
214.0
211.0
198.0
218.0
206.0
191.0
183.0
194.0
209.0
197.0
213.0
226.0
192.0
207.0
214.0
224.0
206.0
202.0
179.0
198.0
215.0
209.0
201.0
232.0
201.0
184.0
183.0
199.0
179.0
206.0
222.0
205.0
196.0
204.0
203.0
199.0
197.0
182.0
213.0
219.0
206.0
205.0
203.0
201.0
203.0
224.0
167.0
199.0
212.0
186.0
216.0
179.0
207.0
203.0
203.0
219.0
181.0
193.0
206.0
171.0
189.0
194.0
200.0
190.0
192.0
197.0
187.0
173.0
191.0
172.0
191.0
185.0
178.0
195.0
200.0
195.0
203.0
222.0
201.0
187.0
199.0
188.0
213.0
200.0
241.0
199.0
225.0
217.0
221.0
236.0
209.0
218.0
219.0
216.0
214.0
225.0
217.0
223.0
178.0
208.0
179.0
216.0
212.0
192.0
178.0
188.0
187.0
177.0
196.0
207.0
177.0
187.0
178.0
154.0
200.0
199.0
192.0
171.0
175.0
179.0
191.0
151.0
190.0
197.0
184.0
216.0
206.0
208.0
191.0
184.0
211.0
236.0
197.0
208.0
171.0
188.0
171.0
168.0
158.0
178.0
167.0
184.0
164.0
186.0
147.0
173.0
155.0
161.0
151.0
161.0
186.0
180.0
155.0
155.0
163.0
167.0
153.0
164.0
148.0
175.0
162.0
171.0
146.0
164.0
149.0
149.0
157.0
148.0
151.0
151.0
162.0
147.0
164.0
172.0
165.0
143.0
159.0
186.0
152.0
174.0
176.0
152.0
159.0
162.0
174.0
163.0
157.0
157.0
167.0
133.0
180.0
164.0
139.0
150.0
155.0
149.0
160.0
154.0
155.0
136.0
163.0
172.0
153.0
149.0
147.0
154.0
156.0
170.0
179.0
146.0
137.0
154.0
136.0
165.0
132.0
126.0
155.0
154.0
173.0
139.0
165.0
144.0
162.0
172.0
161.0
138.0
160.0
160.0
145.0
163.0
154.0
158.0
150.0
145.0
130.0
153.0
133.0
139.0
151.0
138.0
139.0
128.0
139.0
139.0
152.0
157.0
147.0
144.0
158.0
134.0
142.0
151.0
146.0
126.0
154.0
140.0
157.0
129.0
160.0
133.0
146.0
123.0
134.0
139.0
130.0
126.0
156.0
138.0
137.0
136.0
150.0
128.0
159.0
153.0
160.0
145.0
140.0
154.0
142.0
156.0
190.0
194.0
192.0
242.0
243.0
186.0
190.0
188.0
177.0
159.0
162.0
148.0
159.0
154.0
147.0
166.0
137.0
176.0
137.0
137.0
160.0
149.0
160.0
151.0
150.0
146.0
136.0
134.0
142.0
132.0
129.0
124.0
146.0
123.0
142.0
140.0
128.0
122.0
128.0
152.0
128.0
133.0
141.0
141.0
116.0
139.0
130.0
144.0
141.0
134.0
128.0
137.0
123.0
128.0
169.0
148.0
123.0
123.0
126.0
140.0
137.0
129.0
123.0
147.0
125.0
135.0
135.0
133.0
123.0
130.0
134.0
128.0
136.0
114.0
105.0
138.0
125.0
129.0
138.0
139.0
113.0
146.0
112.0
129.0
126.0
115.0
146.0
132.0
122.0
121.0
131.0
110.0
127.0
110.0
80.0
133.0
118.0
118.0
116.0
115.0
131.0
139.0
137.0
127.0
140.0
140.0
125.0
131.0
143.0
130.0
142.0
143.0
118.0
144.0
139.0
146.0
118.0
121.0
108.0
123.0
120.0
136.0
121.0
114.0
125.0
115.0
102.0
118.0
125.0
127.0
122.0
122.0
119.0
135.0
141.0
123.0
122.0
94.0
118.0
120.0
127.0
136.0
116.0
147.0
134.0
106.0
126.0
107.0
133.0
134.0
104.0
120.0
136.0
138.0
133.0
126.0
125.0
132.0
136.0
135.0
131.0
135.0
133.0
117.0
132.0
117.0
132.0
121.0
115.0
118.0
109.0
129.0
107.0
110.0
114.0
108.0
123.0
110.0
104.0
120.0
105.0
123.0
114.0
116.0
130.0
117.0
110.0
119.0
146.0
122.0
109.0
117.0
128.0
113.0
127.0
129.0
117.0
106.0
142.0
112.0
105.0
115.0
139.0
144.0
122.0
114.0
109.0
126.0
120.0
125.0
126.0
111.0
130.0
109.0
112.0
130.0
111.0
106.0
121.0
108.0
124.0
108.0
114.0
116.0
123.0
120.0
110.0
133.0
124.0
131.0
131.0
120.0
112.0
103.0
133.0
115.0
121.0
124.0
123.0
111.0
107.0
127.0
109.0
150.0
109.0
118.0
113.0
126.0
120.0
123.0
121.0
124.0
115.0
117.0
128.0
126.0
135.0
130.0
127.0
116.0
132.0
129.0
120.0
123.0
114.0
118.0
114.0
109.0
118.0
127.0
126.0
117.0
119.0
118.0
133.0
95.0
95.0
98.0
109.0
117.0
115.0
127.0
112.0
113.0
122.0
136.0
109.0
137.0
123.0
124.0
133.0
127.0
118.0
125.0
141.0
104.0
115.0
124.0
130.0
116.0
126.0
127.0
124.0
121.0
130.0
100.0
124.0
116.0
105.0
114.0
132.0
119.0
120.0
130.0
105.0
112.0
115.0
116.0
96.0
119.0
118.0
112.0
125.0
125.0
116.0
123.0
114.0
105.0
124.0
131.0
129.0
111.0
115.0
108.0
114.0
100.0
110.0
104.0
119.0
120.0
118.0
128.0
112.0
129.0
96.0
115.0
125.0
126.0
118.0
120.0
120.0
117.0
118.0
103.0
106.0
110.0
110.0
113.0
129.0
107.0
116.0
114.0
128.0
124.0
112.0
122.0
143.0
117.0
106.0
132.0
125.0
124.0
112.0
127.0
114.0
118.0
119.0
135.0
109.0
120.0
122.0
122.0
122.0
139.0
123.0
104.0
103.0
143.0
130.0
118.0
115.0
115.0
123.0
118.0
129.0
122.0
114.0
104.0
100.0
112.0
117.0
112.0
120.0
122.0
131.0
126.0
120.0
130.0
132.0
127.0
126.0
139.0
143.0
111.0
108.0
112.0
109.0
112.0
121.0
113.0
144.0
120.0
115.0
119.0
95.0
113.0
97.0
107.0
123.0
128.0
155.0
120.0
109.0
118.0
119.0
110.0
105.0
124.0
127.0
120.0
107.0
120.0
124.0
126.0
108.0
105.0
110.0
135.0
116.0
125.0
145.0
123.0
118.0
141.0
131.0
126.0
114.0
93.0
109.0
117.0
92.0
102.0
136.0
109.0
115.0
119.0
113.0
143.0
114.0
132.0
115.0
111.0
126.0
114.0
106.0
119.0
125.0
130.0
108.0
109.0
143.0
114.0
100.0
133.0
140.0
125.0
141.0
129.0
166.0
121.0
159.0
142.0
118.0
125.0
123.0
117.0
142.0
129.0
136.0
102.0
118.0
125.0
114.0
116.0
120.0
140.0
119.0
116.0
125.0
114.0
116.0
127.0
111.0
126.0
133.0
128.0
131.0
107.0
122.0
133.0
121.0
135.0
121.0
112.0
128.0
119.0
110.0
125.0
104.0
144.0
113.0
144.0
125.0
138.0
130.0
127.0
110.0
126.0
135.0
120.0
141.0
151.0
112.0
143.0
140.0
111.0
129.0
129.0
115.0
135.0
133.0
121.0
144.0
116.0
110.0
130.0
130.0
126.0
134.0
115.0
120.0
137.0
117.0
132.0
134.0
110.0
139.0
125.0
130.0
133.0
147.0
143.0
123.0
121.0
120.0
108.0
134.0
111.0
133.0
114.0
96.0
124.0
117.0
119.0
146.0
125.0
108.0
119.0
133.0
142.0
132.0
133.0
143.0
136.0
127.0
130.0
111.0
131.0
126.0
126.0
143.0
123.0
136.0
118.0
131.0
111.0
140.0
97.0
126.0
122.0
122.0
109.0
137.0
150.0
134.0
159.0
112.0
134.0
137.0
143.0
108.0
131.0
143.0
128.0
133.0
151.0
138.0
127.0
131.0
160.0
137.0
139.0
138.0
122.0
126.0
136.0
124.0
150.0
134.0
136.0
122.0
150.0
133.0
128.0
124.0
113.0
142.0
143.0
140.0
132.0
127.0
144.0
156.0
144.0
145.0
140.0
130.0
118.0
142.0
128.0
117.0
139.0
149.0
146.0
134.0
141.0
145.0
143.0
149.0
139.0
134.0
133.0
135.0
139.0
126.0
134.0
146.0
122.0
162.0
138.0
138.0
152.0
143.0
142.0
142.0
126.0
151.0
130.0
151.0
154.0
146.0
130.0
143.0
145.0
142.0
156.0
134.0
146.0
156.0
135.0
128.0
146.0
156.0
142.0
162.0
146.0
141.0
148.0
145.0
157.0
152.0
147.0
150.0
149.0
142.0
149.0
140.0
163.0
142.0
157.0
163.0
138.0
155.0
155.0
135.0
138.0
148.0
176.0
153.0
168.0
151.0
131.0
158.0
146.0
151.0
124.0
146.0
147.0
161.0
134.0
160.0
138.0
154.0
153.0
143.0
163.0
140.0
149.0
154.0
120.0
151.0
157.0
163.0
146.0
151.0
150.0
140.0
147.0
144.0
125.0
142.0
155.0
179.0
160.0
142.0
165.0
160.0
143.0
161.0
146.0
144.0
144.0
178.0
152.0
159.0
139.0
143.0
141.0
153.0
133.0
162.0
158.0
170.0
164.0
149.0
149.0
154.0
161.0
146.0
137.0
134.0
156.0
153.0
158.0
165.0
161.0
164.0
162.0
153.0
169.0
143.0
176.0
165.0
159.0
163.0
164.0
166.0
159.0
149.0
167.0
169.0
172.0
156.0
188.0
164.0
177.0
176.0
153.0
178.0
172.0
192.0
173.0
158.0
172.0
172.0
153.0
190.0
162.0
161.0
170.0
171.0
165.0
173.0
175.0
193.0
185.0
194.0
158.0
144.0
177.0
173.0
195.0
166.0
176.0
179.0
205.0
172.0
186.0
177.0
183.0
209.0
190.0
166.0
173.0
181.0
187.0
192.0
178.0
190.0
191.0
190.0
197.0
196.0
193.0
177.0
185.0
191.0
178.0
204.0
196.0
160.0
206.0
195.0
211.0
163.0
204.0
215.0
181.0
185.0
210.0
208.0
190.0
205.0
223.0
209.0
203.0
182.0
182.0
207.0
195.0
206.0
206.0
191.0
230.0
180.0
200.0
199.0
206.0
211.0
174.0
214.0
221.0
174.0
234.0
197.0
219.0
216.0
170.0
218.0
224.0
204.0
220.0
209.0
216.0
202.0
218.0
199.0
210.0
175.0
188.0
201.0
211.0
216.0
213.0
203.0
199.0
190.0
231.0
205.0
185.0
229.0
202.0
212.0
206.0
217.0
188.0
193.0
182.0
192.0
182.0
188.0
198.0
168.0
194.0
197.0
184.0
167.0
166.0
182.0
183.0
181.0
184.0
182.0
172.0
189.0
176.0
159.0
178.0
156.0
161.0
160.0
165.0
174.0
155.0
159.0
170.0
155.0
164.0
153.0
157.0
170.0
142.0
155.0
145.0
149.0
150.0
121.0
142.0
161.0
159.0
138.0
156.0
147.0
150.0
148.0
155.0
165.0
153.0
151.0
164.0
143.0
130.0
177.0
152.0
127.0
159.0
146.0
176.0
151.0
140.0
148.0
145.0
148.0
123.0
168.0
157.0
132.0
135.0
138.0
150.0
134.0
160.0
163.0
148.0
149.0
163.0
141.0
136.0
137.0
152.0
123.0
151.0
122.0
141.0
120.0
121.0
126.0
133.0
140.0
142.0
124.0
137.0
135.0
150.0
145.0
126.0
138.0
123.0
149.0
152.0
128.0
139.0
143.0
132.0
142.0
146.0
133.0
146.0
147.0
133.0
154.0
136.0
121.0
135.0
162.0
167.0
135.0
136.0
140.0
129.0
135.0
139.0
117.0
144.0
129.0
122.0
145.0
119.0
117.0
152.0
121.0
138.0
129.0
138.0
138.0
135.0
120.0
107.0
127.0
141.0
117.0
142.0
135.0
114.0
132.0
121.0
114.0
139.0
142.0
127.0
135.0
125.0
147.0
137.0
129.0
135.0
142.0
125.0
113.0
110.0
130.0
145.0
140.0
154.0
132.0
123.0
151.0
153.0
133.0
127.0
141.0
142.0
136.0
131.0
146.0
127.0
127.0
124.0
118.0
129.0
133.0
141.0
136.0
138.0
134.0
136.0
120.0
124.0
137.0
141.0
154.0
150.0
143.0
138.0
123.0
145.0
130.0
148.0
154.0
124.0
139.0
146.0
160.0
128.0
126.0
136.0
136.0
142.0
130.0
118.0
136.0
130.0
142.0
116.0
114.0
145.0
125.0
137.0
126.0
143.0
129.0
128.0
136.0
129.0
120.0
131.0
118.0
129.0
123.0
159.0
144.0
131.0
126.0
149.0
127.0
134.0
116.0
138.0
115.0
119.0
114.0
113.0
142.0
120.0
93.0
113.0
96.0
105.0
96.0
90.0
88.0
102.0
105.0
91.0
86.0
97.0
99.0
116.0
100.0
106.0
82.0
73.0
91.0
74.0
82.0
82.0
81.0
96.0
81.0
68.0
70.0
62.0
71.0
80.0
78.0
96.0
77.0
75.0
67.0
84.0
80.0
87.0
86.0
65.0
73.0
76.0
58.0
70.0
77.0
61.0
81.0
86.0
74.0
58.0
96.0
85.0
87.0
86.0
93.0
102.0
114.0
108.0
121.0
120.0
138.0
147.0
156.0
170.0
211.0
232.0
201.0
236.0
239.0
336.0
342.0
417.0
520.0
549.0
631.0
725.0
807.0
847.0
889.0
952.0
955.0
1043.0
972.0
947.0
954.0
920.0
934.0
864.0
843.0
755.0
763.0
726.0
652.0
577.0
527.0
466.0
384.0
337.0
243.0
167.0
117.0
93.0
84.0
74.0
70.0
75.0
64.0
67.0
58.0
72.0
63.0
61.0
63.0
61.0
51.0
43.0
66.0
45.0
59.0
57.0
46.0
43.0
33.0
52.0
34.0
55.0
38.0
42.0
40.0
38.0
38.0
40.0
40.0
46.0
38.0
38.0
39.0
32.0
32.0
25.0
34.0
32.0
33.0
31.0
26.0
33.0
28.0
22.0
34.0
24.0
21.0
27.0
35.0
25.0
40.0
24.0
24.0
26.0
18.0
21.0
27.0
26.0
19.0
18.0
26.0
25.0
22.0
16.0
20.0
25.0
15.0
25.0
21.0
19.0
15.0
33.0
23.0
21.0
13.0
19.0
17.0
21.0
22.0
18.0
21.0
15.0
23.0
24.0
19.0
22.0
20.0
27.0
16.0
17.0
19.0
8.0
16.0
13.0
15.0
17.0
13.0
18.0
10.0
10.0
21.0
21.0
10.0
23.0
16.0
18.0
17.0
17.0
12.0
15.0
13.0
15.0
10.0
13.0
17.0
14.0
16.0
18.0
16.0
17.0
11.0
21.0
12.0
13.0
14.0
17.0
14.0
13.0
19.0
20.0
12.0
21.0
12.0
12.0
11.0
19.0
19.0
22.0
15.0
13.0
15.0
20.0
9.0
13.0
19.0
10.0
12.0
11.0
9.0
16.0
14.0
13.0
8.0
8.0
10.0
11.0
11.0
16.0
14.0
16.0
13.0
12.0
11.0
12.0
11.0
16.0
12.0
17.0
11.0
12.0
18.0
13.0
8.0
14.0
6.0
7.0
11.0
19.0
7.0
9.0
19.0
15.0
17.0
25.0
19.0
25.0
21.0
22.0
23.0
27.0
28.0
33.0
53.0
54.0
65.0
67.0
72.0
79.0
89.0
86.0
82.0
107.0
135.0
157.0
166.0
194.0
224.0
247.0
287.0
327.0
374.0
476.0
487.0
516.0
585.0
682.0
728.0
719.0
736.0
728.0
713.0
767.0
732.0
653.0
724.0
688.0
621.0
650.0
614.0
561.0
530.0
518.0
499.0
488.0
441.0
367.0
302.0
269.0
194.0
150.0
109.0
69.0
40.0
20.0
28.0
25.0
14.0
28.0
14.0
24.0
15.0
11.0
8.0
13.0
15.0
19.0
18.0
8.0
12.0
8.0
16.0
13.0
9.0
8.0
13.0
10.0
8.0
5.0
12.0
4.0
7.0
11.0
11.0
7.0
6.0
11.0
6.0
6.0
9.0
4.0
6.0
5.0
5.0
4.0
3.0
5.0
6.0
2.0
4.0
5.0
7.0
4.0
4.0
4.0
7.0
3.0
8.0
1.0
2.0
7.0
0.0
4.0
3.0
3.0
4.0
5.0
4.0
4.0
4.0
6.0
5.0
5.0
3.0
2.0
6.0
2.0
4.0
2.0
11.0
3.0
2.0
4.0
6.0
6.0
3.0
6.0
9.0
7.0
2.0
5.0
12.0
9.0
12.0
16.0
15.0
8.0
11.0
7.0
6.0
11.0
9.0
3.0
4.0
7.0
9.0
11.0
6.0
4.0
10.0
7.0
3.0
6.0
3.0
6.0
4.0
5.0
4.0
7.0
2.0
6.0
0.0
2.0
5.0
4.0
2.0
5.0
1.0
4.0
3.0
2.0
7.0
2.0
2.0
6.0
3.0
1.0
4.0
3.0
3.0
0.0
7.0
4.0
0.0
3.0
1.0
1.0
1.0
1.0
2.0
5.0
3.0
5.0
6.0
6.0
3.0
2.0
2.0
4.0
2.0
6.0
5.0
11.0
6.0
9.0
10.0
9.0
6.0
8.0
17.0
12.0
8.0
13.0
13.0
10.0
14.0
12.0
3.0
13.0
17.0
9.0
13.0
10.0
10.0
12.0
13.0
6.0
10.0
5.0
8.0
14.0
7.0
6.0
4.0
7.0
7.0
3.0
3.0
4.0
4.0
3.0
3.0
3.0
2.0
2.0
2.0
4.0
3.0
2.0
3.0
5.0
3.0
3.0
3.0
3.0
3.0
3.0
4.0
0.0
2.0
1.0
1.0
7.0
2.0
4.0
4.0
3.0
5.0
0.0
3.0
0.0
0.0
5.0
6.0
1.0
2.0
0.0
1.0
6.0
1.0
6.0
1.0
2.0
4.0
2.0
3.0
5.0
3.0
4.0
3.0
4.0
3.0
2.0
1.0
3.0
1.0
2.0
1.0
0.0
4.0
4.0
3.0
1.0
5.0
1.0
4.0
6.0
3.0
5.0
1.0
0.0
1.0
2.0
1.0
2.0
3.0
0.0
2.0
2.0
0.0
5.0
1.0
1.0
3.0
2.0
3.0
1.0
3.0
2.0
2.0
0.0
0.0
4.0
6.0
4.0
2.0
4.0
3.0
1.0
3.0
0.0
3.0
5.0
3.0
1.0
5.0
7.0
1.0
2.0
3.0
5.0
3.0
2.0
3.0
3.0
1.0
2.0
3.0
4.0
4.0
2.0
2.0
1.0
3.0
3.0
4.0
3.0
4.0
1.0
2.0
2.0
1.0
0.0
5.0
1.0
3.0
2.0
5.0
3.0
2.0
3.0
4.0
4.0
1.0
2.0
3.0
1.0
0.0
1.0
2.0
3.0
4.0
2.0
4.0
1.0
2.0
1.0
2.0
4.0
1.0
2.0
1.0
2.0
2.0
1.0
2.0
2.0
5.0
1.0
1.0
1.0
4.0
6.0
2.0
2.0
0.0
0.0
2.0
1.0
1.0
2.0
4.0
2.0
2.0
2.0
4.0
2.0
4.0
2.0
4.0
2.0
4.0
3.0
3.0
2.0
2.0
5.0
0.0
0.0
1.0
1.0
3.0
2.0
2.0
3.0
1.0
3.0
5.0
1.0
4.0
4.0
1.0
0.0
3.0
3.0
2.0
4.0
2.0
2.0
3.0
4.0
3.0
0.0
1.0
3.0
2.0
0.0
2.0
3.0
1.0
3.0
3.0
4.0
1.0
3.0
3.0
3.0
4.0
6.0
2.0
1.0
1.0
4.0
1.0
0.0
1.0
0.0
1.0
3.0
1.0
1.0
1.0
2.0
1.0
0.0
3.0
0.0
0.0
2.0
2.0
2.0
2.0
4.0
3.0
3.0
2.0
2.0
4.0
3.0
1.0
3.0
2.0
1.0
3.0
2.0
3.0
1.0
2.0
2.0
3.0
4.0
4.0
1.0
2.0
3.0
2.0
0.0
4.0
3.0
2.0
0.0
1.0
3.0
3.0
0.0
2.0
3.0
2.0
1.0
2.0
2.0
1.0
2.0
2.0
3.0
0.0
1.0
1.0
0.0
1.0
1.0
0.0
4.0
1.0
1.0
2.0
2.0
1.0
1.0
0.0
1.0
4.0
0.0
1.0
0.0
0.0
1.0
1.0
3.0
2.0
2.0
0.0
0.0
0.0
4.0
4.0
1.0
2.0
0.0
1.0
1.0
1.0
3.0
2.0
2.0
1.0
1.0
5.0
1.0
3.0
1.0
0.0
0.0
0.0
0.0
0.0
1.0
2.0
3.0
1.0
0.0
1.0
1.0
3.0
4.0
2.0
2.0
2.0
4.0
3.0
3.0
1.0
1.0
1.0
1.0
1.0
4.0
2.0
0.0
3.0
0.0
2.0
0.0
2.0
4.0
4.0
5.0
3.0
0.0
1.0
3.0
3.0
2.0
4.0
2.0
0.0
2.0
0.0
3.0
1.0
2.0
2.0
3.0
2.0
0.0
1.0
1.0
1.0
1.0
1.0
2.0
2.0
1.0
1.0
0.0
2.0
3.0
1.0
3.0
0.0
1.0
2.0
2.0
1.0
5.0
1.0
3.0
2.0
3.0
1.0
1.0
1.0
3.0
5.0
2.0
2.0
2.0
1.0
1.0
4.0
2.0
4.0
5.0
3.0
4.0
2.0
2.0
1.0
3.0
3.0
2.0
1.0
2.0
3.0
5.0
1.0
4.0
2.0
1.0
2.0
4.0
3.0
1.0
0.0
0.0
2.0
5.0
2.0
4.0
1.0
3.0
3.0
2.0
1.0
3.0
5.0
0.0
2.0
1.0
2.0
2.0
3.0
3.0
2.0
0.0
2.0
0.0
0.0
2.0
1.0
0.0
1.0
0.0
3.0
0.0
0.0
1.0
0.0
1.0
0.0
1.0
3.0
2.0
2.0
3.0
1.0
2.0
3.0
1.0
3.0
0.0
1.0
0.0
1.0
2.0
1.0
4.0
2.0
1.0
1.0
1.0
0.0
1.0
3.0
0.0
1.0
1.0
1.0
1.0
1.0
3.0
0.0
4.0
3.0
1.0
1.0
0.0
0.0
1.0
2.0
3.0
1.0
1.0
1.0
0.0
5.0
1.0
2.0
0.0
1.0
2.0
4.0
2.0
0.0
2.0
0.0
2.0
1.0
3.0
2.0
4.0
0.0
1.0
2.0
1.0
3.0
4.0
0.0
2.0
1.0
0.0
1.0
0.0
1.0
2.0
1.0
2.0
1.0
3.0
0.0
0.0
4.0
1.0
1.0
1.0
3.0
3.0
3.0
3.0
0.0
1.0
4.0
1.0
0.0
1.0
1.0
3.0
3.0
2.0
1.0
3.0
1.0
1.0
0.0
1.0
2.0
0.0
7.0
1.0
2.0
0.0
0.0
2.0
0.0
1.0
0.0
4.0
2.0
2.0
2.0
3.0
2.0
1.0
3.0
1.0
0.0
2.0
1.0
0.0
3.0
0.0
1.0
3.0
0.0
1.0
1.0
4.0
1.0
2.0
0.0
1.0
2.0
2.0
4.0
2.0
3.0
1.0
0.0
2.0
2.0
0.0
0.0
1.0
1.0
0.0
2.0
2.0
0.0
3.0
0.0
1.0
2.0
0.0
2.0
3.0
1.0
4.0
1.0
1.0
3.0
1.0
2.0
0.0
2.0
0.0
0.0
1.0
0.0
5.0
0.0
2.0
1.0
0.0
1.0
2.0
2.0
4.0
5.0
2.0
3.0
1.0
3.0
3.0
2.0
1.0
0.0
1.0
1.0
1.0
1.0
3.0
1.0
1.0
0.0
1.0
3.0
0.0
4.0
3.0
5.0
0.0
0.0
3.0
1.0
3.0
5.0
0.0
2.0
0.0
3.0
2.0
2.0
2.0
4.0
1.0
3.0
1.0
1.0
2.0
4.0
1.0
0.0
0.0
0.0
0.0
0.0
2.0
1.0
1.0
1.0
3.0
2.0
2.0
2.0
0.0
1.0
1.0
1.0
3.0
1.0
2.0
4.0
3.0
2.0
3.0
0.0
1.0
2.0
3.0
4.0
0.0
4.0
0.0
2.0
2.0
3.0
2.0
1.0
1.0
3.0
0.0
4.0
0.0
1.0
0.0
1.0
1.0
3.0
2.0
0.0
1.0
1.0
1.0
2.0
0.0
3.0
2.0
0.0
1.0
0.0
2.0
1.0
1.0
0.0
0.0
2.0
4.0
0.0
1.0
2.0
0.0
3.0
2.0
1.0
2.0
0.0
2.0
1.0
1.0
2.0
0.0
1.0
1.0
1.0
3.0
4.0
1.0
1.0
2.0
0.0
1.0
0.0
1.0
3.0
0.0
2.0
4.0
0.0
1.0
0.0
1.0
4.0
0.0
1.0
1.0
2.0
0.0
1.0
1.0
0.0
1.0
1.0
0.0
2.0
0.0
1.0
2.0
2.0
2.0
2.0
1.0
0.0
1.0
1.0
2.0
1.0
1.0
2.0
1.0
2.0
0.0
3.0
0.0
1.0
0.0
2.0
1.0
1.0
2.0
1.0
3.0
1.0
1.0
2.0
3.0
0.0
2.0
0.0
1.0
2.0
3.0
1.0
1.0
2.0
0.0
2.0
0.0
3.0
2.0
1.0
0.0
2.0
0.0
0.0
2.0
3.0
2.0
0.0
1.0
1.0
1.0
3.0
0.0
4.0
1.0
0.0
2.0
1.0
2.0
3.0
2.0
0.0
1.0
1.0
1.0
2.0
1.0
0.0
0.0
0.0
4.0
0.0
0.0
3.0
0.0
2.0
1.0
1.0
0.0
1.0
2.0
0.0
0.0
1.0
3.0
2.0
2.0
1.0
0.0
1.0
1.0
0.0
0.0
1.0
1.0
0.0
1.0
1.0
3.0
3.0
1.0
0.0
2.0
0.0
0.0
1.0
1.0
4.0
1.0
2.0
1.0
1.0
1.0
0.0
0.0
0.0
0.0
1.0
0.0
2.0
1.0
3.0
0.0
3.0
0.0
4.0
2.0
1.0
1.0
1.0
0.0
2.0
1.0
2.0
2.0
5.0
0.0
5.0
1.0
2.0
0.0
0.0
2.0
1.0
4.0
0.0
4.0
2.0
0.0
1.0
3.0
1.0
1.0
2.0
1.0
4.0
1.0
1.0
2.0
0.0
1.0
3.0
1.0
4.0
2.0
0.0
2.0
2.0
1.0
4.0
1.0
1.0
2.0
1.0
0.0
0.0
2.0
0.0
1.0
0.0
1.0
1.0
0.0
3.0
1.0
3.0
2.0
1.0
5.0
1.0
0.0
1.0
0.0
0.0
1.0
1.0
1.0
2.0
0.0
1.0
2.0
1.0
1.0
0.0
3.0
0.0
1.0
2.0
2.0
2.0
1.0
2.0
1.0
0.0
0.0
3.0
1.0
0.0
1.0
1.0
1.0
0.0
2.0
1.0
2.0
2.0
0.0
0.0
3.0
1.0
2.0
3.0
1.0
1.0
2.0
0.0
0.0
3.0
0.0
0.0
2.0
2.0
2.0
2.0
0.0
2.0
3.0
1.0
2.0
1.0
2.0
2.0
1.0
0.0
2.0
2.0
2.0
0.0
3.0
1.0
0.0
1.0
2.0
0.0
2.0
1.0
1.0
4.0
3.0
1.0
1.0
2.0
0.0
1.0
2.0
1.0
1.0
2.0
0.0
0.0
0.0
1.0
4.0
2.0
2.0
2.0
1.0
2.0
0.0
1.0
1.0
1.0
1.0
1.0
1.0
2.0
1.0
2.0
1.0
0.0
1.0
2.0
0.0
2.0
1.0
1.0
0.0
2.0
2.0
0.0
1.0
3.0
2.0
6.0
1.0
0.0
0.0
1.0
5.0
0.0
1.0
2.0
3.0
0.0
0.0
1.0
1.0
1.0
1.0
3.0
0.0
1.0
0.0
0.0
0.0
2.0
1.0
1.0
1.0
0.0
2.0
3.0
0.0
1.0
1.0
1.0
1.0
1.0
1.0
2.0
2.0
1.0
0.0
0.0
2.0
1.0
3.0
1.0
0.0
1.0
1.0
1.0
1.0
2.0
2.0
0.0
1.0
2.0
3.0
0.0
1.0
3.0
0.0
2.0
1.0
2.0
1.0
2.0
2.0
4.0
2.0
2.0
0.0
0.0
0.0
0.0
2.0
3.0
2.0
0.0
0.0
1.0
0.0
0.0
2.0
1.0
1.0
1.0
1.0
1.0
0.0
3.0
0.0
1.0
0.0
0.0
1.0
1.0
1.0
0.0
0.0
1.0
0.0
0.0
2.0
1.0
1.0
1.0
1.0
2.0
2.0
1.0
1.0
0.0
1.0
2.0
0.0
1.0
1.0
1.0
1.0
0.0
0.0
0.0
0.0
1.0
0.0
1.0
2.0
1.0
0.0
2.0
1.0
1.0
0.0
1.0
0.0
1.0
1.0
1.0
1.0
0.0
0.0
3.0
0.0
0.0
1.0
0.0
0.0
1.0
1.0
0.0
2.0
2.0
1.0
0.0
1.0
2.0
0.0
1.0
0.0
0.0
0.0
0.0
1.0
0.0
1.0
2.0
1.0
0.0
0.0
0.0
0.0
0.0
0.0
0.0
1.0
0.0
0.0
0.0
2.0
1.0
0.0
2.0
2.0
0.0
2.0
0.0
1.0
1.0
2.0
0.0
0.0
0.0
0.0
1.0
1.0
0.0
1.0
0.0
0.0
0.0
0.0
0.0
1.0
1.0
0.0
0.0
0.0
2.0
0.0
0.0
0.0
2.0
0.0
0.0
0.0
0.0
0.0
1.0
0.0
1.0
1.0
0.0
0.0
1.0
1.0
1.0
0.0
1.0
1.0
0.0
1.0
0.0
0.0
0.0
2.0
1.0
1.0
0.0
0.0
0.0
0.0
1.0
1.0
3.0
0.0
0.0
1.0
0.0
0.0
0.0
0.0
0.0
0.0
0.0
0.0
0.0
0.0
0.0
0.0
0.0
0.0
0.0
0.0
0.0
0.0
0.0
0.0
0.0
0.0
0.0
0.0
1.0
0.0
0.0
0.0
0.0
0.0
0.0
0.0
0.0
0.0
0.0
0.0
0.0
0.0
0.0
1.0
0.0
1.0
0.0
1.0
0.0
1.0
0.0
0.0
0.0
2.0
0.0
0.0
0.0
0.0
0.0
1.0
1.0
0.0
0.0
0.0
0.0
0.0
0.0
1.0
0.0
0.0
2.0
0.0
1.0
1.0
0.0
0.0
1.0
0.0
0.0
0.0
0.0
0.0
0.0
0.0
1.0
0.0
1.0
1.0
0.0
1.0
1.0
0.0
0.0
0.0
1.0
0.0
0.0
0.0
1.0
0.0
0.0
0.0
1.0
0.0
0.0
0.0
1.0
0.0
0.0
0.0
1.0
0.0
0.0
0.0
0.0
0.0
0.0
1.0
0.0
0.0
0.0
0.0
1.0
0.0
0.0
0.0
0.0
0.0
0.0
0.0
1.0
0.0
0.0
0.0
1.0
0.0
0.0
1.0
2.0
1.0
2.0
2.0
0.0
2.0
2.0
1.0
1.0
0.0
0.0
0.0
0.0
2.0
1.0
0.0
1.0
2.0
2.0
2.0
2.0
3.0
5.0
2.0
4.0
1.0
7.0
0.0
3.0
3.0
5.0
4.0
5.0
1.0
1.0
1.0
0.0
3.0
0.0
0.0
1.0
1.0
2.0
1.0
2.0
0.0
0.0
0.0
3.0
2.0
0.0
1.0
0.0
0.0
1.0
0.0
0.0
0.0
0.0
0.0
0.0
0.0
0.0
0.0
0.0
1.0
0.0
0.0
0.0
0.0
0.0
0.0
0.0
0.0
0.0
0.0
0.0
0.0
0.0
0.0
0.0
0.0
0.0
0.0
0.0
0.0
0.0
0.0
0.0
0.0
0.0
0.0
0.0
0.0
1.0
0.0
0.0
0.0
0.0
0.0
0.0
0.0
0.0
0.0
0.0
0.0
0.0
0.0
0.0
0.0
0.0
0.0
0.0
0.0
0.0
0.0
0.0
0.0
0.0
0.0
1.0
0.0
0.0
0.0
0.0
0.0
0.0
0.0
0.0
0.0
0.0
0.0
0.0
0.0
0.0
0.0
0.0
0.0
1.0
0.0
0.0
0.0
0.0
0.0
0.0
0.0
1.0
0.0
0.0
0.0
0.0
0.0
0.0
0.0
0.0
0.0
0.0
0.0
0.0
0.0
0.0
0.0
0.0
0.0
0.0
1.0
1.0
0.0
1.0
0.0
0.0
0.0
0.0
0.0
1.0
1.0
1.0
1.0
1.0
4.0
0.0
1.0
0.0
2.0
2.0
4.0
2.0
1.0
3.0
0.0
4.0
1.0
0.0
2.0
0.0
2.0
3.0
2.0
1.0
0.0
1.0
0.0
0.0
0.0
2.0
1.0
1.0
0.0
0.0
1.0
1.0
2.0
1.0
0.0
2.0
1.0
0.0
0.0
0.0
2.0
1.0
1.0
0.0
1.0
0.0
1.0
0.0
0.0
0.0
1.0
0.0
0.0
0.0
0.0
0.0
0.0
0.0
0.0
0.0
0.0
0.0
0.0
0.0
0.0
0.0
0.0
0.0
0.0
0.0
0.0
0.0
0.0
0.0
0.0
0.0
0.0
0.0
0.0
1.0
0.0
1.0
0.0
0.0
0.0
0.0
0.0
0.0
0.0
0.0
0.0
0.0
0.0
0.0
0.0
0.0
0.0
0.0
0.0
0.0
0.0
0.0
0.0
0.0
0.0
0.0
0.0
0.0
0.0
0.0
0.0
0.0
0.0
1.0
0.0
0.0
0.0
0.0
0.0
0.0
0.0
0.0
0.0
0.0
0.0
0.0
0.0
0.0
0.0
0.0
0.0
0.0
0.0
0.0
0.0
0.0
0.0
0.0
0.0
0.0
0.0
0.0
0.0
0.0
0.0
0.0
0.0
0.0
0.0
0.0
0.0
0.0
0.0
0.0
0.0
0.0
0.0
0.0
0.0
0.0
0.0
0.0
0.0
0.0
0.0
0.0
0.0
0.0
0.0
0.0
0.0
0.0
0.0
0.0
0.0
0.0
0.0
0.0
0.0
0.0
0.0
0.0
0.0
0.0
0.0
0.0
0.0
1.0
0.0
1.0
0.0
0.0
0.0
0.0
0.0
0.0
0.0
0.0
0.0
0.0
0.0
0.0
0.0
0.0
0.0
0.0
0.0
0.0
0.0
0.0
0.0
1.0
0.0
0.0
0.0
0.0
0.0
0.0
0.0
0.0
0.0
0.0
0.0
0.0
0.0
0.0
0.0
0.0
0.0
0.0
0.0
0.0
0.0
0.0
0.0
0.0
1.0
0.0
0.0
0.0
0.0
0.0
0.0
0.0
0.0
0.0
0.0
0.0
0.0
0.0
0.0
0.0
0.0
0.0
0.0
0.0
0.0
0.0
0.0
0.0
0.0
0.0
0.0
0.0
0.0
0.0
0.0
0.0
0.0
0.0
0.0
0.0
0.0
0.0
0.0
0.0
0.0
0.0
0.0
0.0
0.0
0.0
0.0
0.0
0.0
0.0
0.0
0.0
0.0
0.0
0.0
0.0
0.0
0.0
0.0
0.0
0.0
0.0
0.0
0.0
0.0
0.0
0.0
0.0
0.0
0.0
0.0
0.0
0.0
0.0
1.0
0.0
0.0
0.0
0.0
0.0
0.0
0.0
0.0
0.0
0.0
0.0
0.0
0.0
0.0
0.0
0.0
0.0
0.0
0.0
0.0
0.0
0.0
0.0
0.0
0.0
0.0
0.0
0.0
0.0
0.0
0.0
0.0
0.0
0.0
0.0
0.0
0.0
0.0
0.0
0.0
0.0
0.0
0.0
0.0
0.0
0.0
0.0
0.0
0.0
0.0
0.0
0.0
0.0
0.0
0.0
0.0
0.0
0.0
0.0
0.0
0.0
0.0
0.0
0.0
0.0
0.0
0.0
0.0
0.0
0.0
0.0
0.0
0.0
0.0
0.0
0.0
0.0
0.0
0.0
0.0
0.0
0.0
0.0
0.0
0.0
0.0
0.0
0.0
0.0
0.0
0.0
0.0
0.0
0.0
0.0
0.0
0.0
0.0
0.0
0.0
0.0
0.0
0.0
0.0
0.0
0.0
0.0
0.0
0.0
0.0
0.0
0.0
0.0
0.0
0.0
0.0
0.0
0.0
0.0
0.0
0.0
0.0
0.0
0.0
0.0
0.0
0.0
0.0
0.0
0.0
1.0
0.0
0.0
0.0
0.0
0.0
0.0
0.0
1.0
0.0
0.0
0.0
0.0
0.0
0.0
0.0
1.0
0.0
0.0
0.0
0.0
0.0
0.0
0.0
0.0
0.0
0.0
0.0
0.0
0.0
0.0
0.0
0.0
0.0
0.0
0.0
0.0
0.0
0.0
0.0
0.0
0.0
0.0
0.0
0.0
0.0
0.0
0.0
0.0
0.0
0.0
0.0
0.0
0.0
0.0
0.0
0.0
0.0
0.0
0.0
0.0
0.0
0.0
0.0
0.0
0.0
0.0
0.0
0.0
0.0
0.0
0.0
0.0
0.0
0.0
0.0
0.0
0.0
0.0
0.0
0.0
0.0
0.0
0.0
0.0
0.0
0.0
0.0
0.0
0.0
0.0
0.0
0.0
0.0
0.0
0.0
0.0
0.0
0.0
0.0
0.0
0.0
0.0
0.0
0.0
0.0
0.0
0.0
0.0
0.0
0.0
0.0
0.0
0.0
0.0
0.0
0.0
0.0
0.0
0.0
0.0
0.0
0.0
0.0
0.0
0.0
0.0
0.0
0.0
0.0
0.0
0.0
0.0
0.0
0.0
0.0
0.0
0.0
0.0
0.0
0.0
0.0
0.0
0.0
0.0
0.0
0.0
0.0
0.0
0.0
0.0
0.0
0.0
0.0
0.0
0.0
0.0
0.0
0.0
0.0
0.0
0.0
0.0
1.0
0.0
0.0
0.0
0.0
1.0
0.0
0.0
0.0
0.0
0.0
0.0
0.0
0.0
0.0
0.0
0.0
0.0
0.0
0.0
0.0
1.0
0.0
0.0
0.0
0.0
0.0
0.0
0.0
0.0
0.0
0.0
0.0
0.0
0.0
0.0
0.0
0.0
0.0
0.0
0.0
0.0
0.0
0.0
0.0
0.0
0.0
0.0
0.0
0.0
0.0
0.0
0.0
0.0
0.0
0.0
0.0
0.0
0.0
0.0
0.0
0.0
0.0
0.0
0.0
0.0
0.0
0.0
0.0
0.0
0.0
0.0
0.0
0.0
0.0
0.0
0.0
0.0
0.0
0.0
0.0
0.0
0.0
0.0
0.0
0.0
0.0
0.0
0.0
0.0
0.0
0.0
0.0
0.0
0.0
0.0
0.0
0.0
0.0
0.0
0.0
0.0
0.0
0.0
0.0
0.0
0.0
0.0
0.0
0.0
0.0
0.0
0.0
0.0
0.0
0.0
0.0
0.0
0.0
1.0
0.0
0.0
0.0
0.0
0.0
0.0
0.0
0.0
0.0
0.0
0.0
0.0
0.0
0.0
0.0
0.0
0.0
0.0
0.0
0.0
0.0
0.0
0.0
0.0
0.0
0.0
0.0
0.0
0.0
0.0
0.0
0.0
0.0
0.0
0.0
0.0
0.0
0.0
0.0
0.0
0.0
0.0
0.0
0.0
0.0
0.0
0.0
0.0
0.0
0.0
0.0
0.0
0.0
0.0
0.0
0.0
0.0
0.0
0.0
0.0
0.0
0.0
0.0
0.0
0.0
0.0
0.0
0.0
0.0
0.0
0.0
0.0
0.0
0.0
1.0
0.0
0.0
0.0
0.0
0.0
0.0
0.0
0.0
0.0
0.0
0.0
1.0
0.0
1.0
0.0
0.0
0.0
0.0
0.0
0.0
0.0
0.0
0.0
0.0
0.0
0.0
0.0
0.0
0.0
0.0
0.0
0.0
0.0
0.0
0.0
0.0
0.0
0.0
0.0
0.0
0.0
0.0
0.0
0.0
0.0
0.0
0.0
0.0
0.0
0.0
0.0
0.0
0.0
0.0
0.0
0.0
0.0
0.0
0.0
0.0
0.0
0.0
0.0
0.0
0.0
0.0
1.0
0.0
0.0
0.0
0.0
0.0
0.0
0.0
0.0
0.0
0.0
0.0
0.0
0.0
0.0
0.0
0.0
0.0
0.0
0.0
0.0
0.0
0.0
0.0
0.0
0.0
0.0
0.0
0.0
0.0
0.0
0.0
0.0
0.0
0.0
0.0
0.0
0.0
0.0
0.0
0.0
0.0
0.0
0.0
0.0
0.0
1.0
0.0
0.0
0.0
0.0
0.0
0.0
0.0
0.0
0.0
0.0
0.0
0.0
0.0
0.0
0.0
0.0
0.0
0.0
0.0
0.0
0.0
0.0
0.0
0.0
0.0
0.0
0.0
0.0
0.0
0.0
0.0
0.0
0.0
0.0
0.0
0.0
0.0
0.0
0.0
0.0
0.0
0.0
0.0
0.0
0.0
0.0
0.0
0.0
0.0
0.0
0.0
0.0
0.0
0.0
0.0
0.0
0.0
0.0
0.0
0.0
0.0
0.0
0.0
0.0
0.0
0.0
0.0
0.0
0.0
0.0
0.0
0.0
0.0
0.0
0.0
0.0
0.0
0.0
0.0
0.0
0.0
0.0
0.0
0.0
0.0
0.0
0.0
0.0
0.0
0.0
0.0
0.0
0.0
0.0
0.0
0.0
0.0
0.0
0.0
0.0
0.0
0.0
0.0
0.0
0.0
0.0
0.0
0.0
0.0
0.0
0.0
0.0
0.0
0.0
0.0
0.0
0.0
0.0
0.0
0.0
0.0
0.0
0.0
0.0
0.0
0.0
0.0
0.0
0.0
0.0
0.0
0.0
0.0
0.0
0.0
0.0
0.0
0.0
0.0
0.0
0.0
0.0
0.0
0.0
0.0
0.0
0.0
0.0
0.0
0.0
0.0
0.0
0.0
0.0
0.0
0.0
0.0
0.0
0.0
0.0
0.0
0.0
0.0
0.0
0.0
0.0
0.0
0.0
0.0
0.0
0.0
0.0
0.0
0.0
0.0
0.0
0.0
0.0
0.0
0.0
0.0
0.0
0.0
0.0
0.0
0.0
0.0
0.0
0.0
0.0
0.0
0.0
0.0
0.0
0.0
0.0
0.0
0.0
0.0
0.0
0.0
0.0
0.0
0.0
0.0
0.0
0.0
0.0
0.0
0.0
0.0
0.0
1.0
0.0
0.0
0.0
0.0
0.0
0.0
0.0
0.0
0.0
0.0
0.0
0.0
0.0
0.0
0.0
0.0
0.0
0.0
0.0
0.0
0.0
0.0
0.0
0.0
0.0
0.0
0.0
0.0
0.0
0.0
0.0
0.0
0.0
0.0
0.0
0.0
0.0
0.0
0.0
0.0
0.0
0.0
0.0
0.0
0.0
0.0
0.0
0.0
0.0
0.0
0.0
0.0
0.0
0.0
0.0
0.0
0.0
0.0
0.0
0.0
0.0
0.0
0.0
0.0
0.0
0.0
0.0
0.0
0.0
0.0
0.0
0.0
0.0
0.0
0.0
0.0
0.0
0.0
0.0
0.0
0.0
0.0
0.0
0.0
0.0
0.0
0.0
0.0
0.0
0.0
0.0
0.0
0.0
0.0
0.0
0.0
0.0
0.0
0.0
0.0
0.0
0.0
0.0
0.0
0.0
0.0
0.0
0.0
0.0
0.0
0.0
0.0
0.0
0.0
0.0
0.0
0.0
0.0
0.0
0.0
0.0
0.0
0.0
0.0
0.0
0.0
0.0
0.0
0.0
0.0
0.0
0.0
0.0
0.0
0.0
0.0
0.0
0.0
0.0
0.0
0.0
0.0
0.0
0.0
0.0
0.0
0.0
0.0
0.0
0.0
0.0
0.0
0.0
0.0
0.0
0.0
0.0
0.0
0.0
0.0
0.0
0.0
0.0
0.0
0.0
0.0
0.0
0.0
0.0
0.0
0.0
0.0
0.0
0.0
0.0
0.0
0.0
0.0
0.0
0.0
0.0
0.0
0.0
0.0
0.0
0.0
0.0
0.0
0.0
0.0
0.0
0.0
0.0
0.0
0.0
0.0
0.0
0.0
0.0
0.0
0.0
0.0
0.0
0.0
0.0
0.0
0.0
0.0
0.0
0.0
0.0
0.0
0.0
0.0
0.0
0.0
0.0
0.0
0.0
0.0
0.0
0.0
0.0
0.0
0.0
0.0
0.0
0.0
0.0
0.0
0.0
0.0
0.0
0.0
0.0
0.0
0.0
0.0
0.0
0.0
0.0
0.0
0.0
0.0
0.0
0.0
0.0
0.0
0.0
0.0
0.0
0.0
0.0
0.0
0.0
0.0
0.0
0.0
0.0
0.0
0.0
0.0
0.0
0.0
0.0
0.0
0.0
0.0
0.0
0.0
0.0
0.0
0.0
0.0
0.0
0.0
0.0
0.0
0.0
0.0
0.0
0.0
0.0
0.0
0.0
0.0
0.0
0.0
0.0
0.0
0.0
0.0
0.0
0.0
0.0
0.0
0.0
0.0
0.0
0.0
0.0
0.0
0.0
0.0
0.0
0.0
1.0
0.0
0.0
0.0
0.0
0.0
0.0
0.0
0.0
0.0
0.0
0.0
0.0
0.0
0.0
0.0
0.0
0.0
0.0
0.0
0.0
0.0
0.0
1.0
0.0
0.0
0.0
0.0
0.0
0.0
0.0
0.0
0.0
0.0
0.0
0.0
0.0
0.0
0.0
0.0
0.0
0.0
0.0
0.0
0.0
0.0
1.0
0.0
0.0
0.0
0.0
0.0
0.0
0.0
0.0
0.0
0.0
0.0
0.0
0.0
0.0
1.0
0.0
0.0
0.0
0.0
0.0
0.0
0.0
0.0
0.0
0.0
0.0
0.0
0.0
0.0
0.0
0.0
0.0
0.0
0.0
0.0
0.0
0.0
0.0
0.0
0.0
0.0
0.0
0.0
0.0
0.0
0.0
1.0
0.0
0.0
0.0
0.0
0.0
0.0
0.0
0.0
0.0
0.0
0.0
0.0
0.0
0.0
0.0
0.0
0.0
0.0
0.0
0.0
0.0
0.0
0.0
0.0
0.0
0.0
0.0
0.0
0.0
0.0
0.0
0.0
0.0
0.0
0.0
0.0
0.0
0.0
0.0
0.0
0.0
0.0
0.0
0.0
0.0
0.0
0.0
0.0
0.0
0.0
0.0
0.0
0.0
0.0
0.0
0.0
0.0
0.0
0.0
0.0
0.0
0.0
0.0
0.0
0.0
0.0
0.0
0.0
0.0
0.0
0.0
0.0
0.0
0.0
0.0
0.0
0.0
0.0
0.0
0.0
0.0
0.0
0.0
0.0
0.0
0.0
0.0
0.0
0.0
0.0
0.0
0.0
0.0
0.0
0.0
0.0
0.0
0.0
0.0
0.0
0.0
0.0
0.0
0.0
0.0
0.0
0.0
0.0
0.0
0.0
0.0
0.0
0.0
0.0
0.0
0.0
0.0
0.0
0.0
0.0
0.0
0.0
0.0
0.0
0.0
0.0
0.0
0.0
0.0
0.0
0.0
0.0
0.0
0.0
0.0
0.0
0.0
0.0
0.0
0.0
0.0
0.0
0.0
0.0
0.0
0.0
0.0
0.0
0.0
0.0
0.0
0.0
0.0
0.0
0.0
0.0
0.0
0.0
0.0
0.0
0.0
0.0
1.0
0.0
0.0
0.0
0.0
0.0
0.0
0.0
0.0
0.0
0.0
0.0
0.0
0.0
0.0
0.0
0.0
0.0
0.0
0.0
0.0
0.0
0.0
0.0
0.0
0.0
0.0
0.0
0.0
0.0
0.0
0.0
0.0
1.0
0.0
0.0
0.0
0.0
0.0
0.0
0.0
0.0
0.0
0.0
0.0
0.0
0.0
0.0
0.0
0.0
0.0
0.0
0.0
0.0
0.0
0.0
0.0
0.0
0.0
0.0
0.0
0.0
0.0
0.0
0.0
0.0
0.0
0.0
0.0
0.0
0.0
0.0
0.0
0.0
0.0
0.0
0.0
0.0
0.0
0.0
0.0
0.0
0.0
0.0
0.0
0.0
0.0
0.0
0.0
0.0
0.0
0.0
0.0
0.0
0.0
0.0
0.0
0.0
0.0
0.0
0.0
0.0
0.0
0.0
0.0
0.0
0.0
0.0
0.0
0.0
0.0
0.0
0.0
0.0
0.0
0.0
0.0
0.0
0.0
0.0
0.0
0.0
0.0
0.0
1.0
0.0
0.0
1.0
0.0
0.0
0.0
0.0
0.0
0.0
0.0
0.0
0.0
0.0
0.0
0.0
0.0
0.0
0.0
0.0
0.0
0.0
1.0
0.0
0.0
0.0
0.0
0.0
0.0
0.0
0.0
0.0
0.0
0.0
0.0
0.0
0.0
0.0
0.0
0.0
0.0
0.0
0.0
0.0
0.0
0.0
0.0
0.0
0.0
0.0
0.0
0.0
0.0
0.0
0.0
0.0
0.0
0.0
0.0
0.0
0.0
1.0
0.0
0.0
0.0
0.0
0.0
0.0
0.0
0.0
0.0
0.0
0.0
1.0
0.0
0.0
0.0
0.0
0.0
0.0
0.0
0.0
0.0
0.0
0.0
1.0
0.0
0.0
0.0
0.0
0.0
0.0
0.0
0.0
1.0
0.0
0.0
0.0
0.0
0.0
0.0
0.0
0.0
0.0
0.0
0.0
0.0
0.0
0.0
0.0
0.0
0.0
0.0
0.0
0.0
0.0
0.0
0.0
0.0
0.0
0.0
0.0
0.0
0.0
0.0
0.0
0.0
0.0
0.0
0.0
0.0
0.0
0.0
0.0
0.0
0.0
0.0
0.0
0.0
0.0
0.0
0.0
0.0
0.0
0.0
0.0
0.0
0.0
0.0
0.0
0.0
0.0
0.0
0.0
0.0
0.0
0.0
0.0
0.0
0.0
0.0
0.0
0.0
0.0
0.0
0.0
0.0
0.0
0.0
0.0
0.0
0.0
0.0
0.0
0.0
0.0
0.0
0.0
0.0
0.0
0.0
0.0
0.0
0.0
0.0
0.0
1.0
0.0
1.0
0.0
0.0
0.0
0.0
0.0
0.0
0.0
0.0
0.0
0.0
0.0
0.0
0.0
0.0
0.0
0.0
0.0
0.0
0.0
0.0
1.0
0.0
0.0
0.0
0.0
0.0
0.0
0.0
0.0
0.0
0.0
0.0
0.0
0.0
0.0
0.0
0.0
0.0
0.0
0.0
0.0
0.0
0.0
0.0
0.0
0.0
0.0
1.0
0.0
0.0
0.0
0.0
0.0
0.0
0.0
0.0
0.0
0.0
0.0
0.0
0.0
0.0
0.0
0.0
0.0
0.0
0.0
1.0
0.0
0.0
0.0
0.0
0.0
0.0
0.0
0.0
0.0
0.0
0.0
0.0
0.0
0.0
0.0
0.0
0.0
0.0
0.0
0.0
0.0
0.0
0.0
0.0
0.0
0.0
0.0
0.0
0.0
0.0
0.0
0.0
0.0
0.0
0.0
0.0
0.0
0.0
0.0
0.0
0.0
0.0
0.0
0.0
0.0
0.0
0.0
0.0
0.0
0.0
0.0
0.0
0.0
0.0
0.0
0.0
0.0
0.0
0.0
0.0
0.0
0.0
0.0
0.0
0.0
0.0
0.0
0.0
0.0
0.0
0.0
0.0
0.0
0.0
0.0
0.0
0.0
0.0
0.0
0.0
0.0
0.0
0.0
0.0
0.0
0.0
1.0
0.0
0.0
0.0
0.0
0.0
0.0
0.0
0.0
0.0
0.0
0.0
0.0
0.0
0.0
0.0
0.0
0.0
0.0
0.0
0.0
0.0
0.0
0.0
0.0
0.0
0.0
0.0
0.0
0.0
0.0
0.0
0.0
0.0
0.0
0.0
0.0
0.0
0.0
0.0
0.0
0.0
0.0
0.0
0.0
0.0
0.0
0.0
0.0
0.0
0.0
0.0
0.0
0.0
0.0
0.0
0.0
0.0
0.0
0.0
0.0
0.0
0.0
0.0
0.0
0.0
0.0
0.0
0.0
0.0
0.0
0.0
0.0
0.0
0.0
0.0
0.0
0.0
0.0
1.0
0.0
0.0
0.0
0.0
0.0
0.0
0.0
0.0
0.0
0.0
0.0
0.0
0.0
0.0
0.0
0.0
0.0
1.0
0.0
0.0
0.0
0.0
0.0
0.0
0.0
0.0
0.0
0.0
0.0
0.0
0.0
1.0
0.0
0.0
0.0
0.0
0.0
0.0
0.0
0.0
0.0
0.0
0.0
0.0
0.0
0.0
0.0
0.0
0.0
0.0
0.0
0.0
0.0
0.0
0.0
0.0
0.0
0.0
0.0
0.0
0.0
0.0
0.0
0.0
0.0
0.0
0.0
0.0
0.0
0.0
0.0
0.0
0.0
0.0
0.0
0.0
0.0
0.0
0.0
0.0
0.0
0.0
0.0
0.0
0.0
0.0
1.0
0.0
0.0
0.0
0.0
0.0
0.0
0.0
0.0
0.0
0.0
0.0
0.0
0.0
0.0
0.0
0.0
0.0
0.0
0.0
0.0
0.0
0.0
0.0
0.0
0.0
0.0
0.0
0.0
0.0
0.0
0.0
0.0
0.0
0.0
0.0
0.0
0.0
0.0
0.0
0.0
0.0
0.0
0.0
0.0
0.0
0.0
1.0
0.0
0.0
0.0
0.0
1.0
0.0
0.0
0.0
0.0
0.0
0.0
0.0
0.0
0.0
0.0
0.0
0.0
0.0
0.0
0.0
0.0
0.0
0.0
0.0
0.0
0.0
0.0
0.0
0.0
0.0
0.0
0.0
0.0
0.0
0.0
0.0
0.0
0.0
0.0
0.0
0.0
0.0
0.0
0.0
0.0
0.0
0.0
0.0
0.0
0.0
0.0
0.0
0.0
0.0
0.0
0.0
0.0
0.0
0.0
0.0
0.0
0.0
0.0
0.0
0.0
0.0
0.0
0.0
0.0
0.0
0.0
1.0
0.0
0.0
0.0
0.0
0.0
0.0
0.0
0.0
0.0
0.0
0.0
0.0
0.0
0.0
0.0
0.0
0.0
0.0
0.0
0.0
0.0
0.0
0.0
0.0
0.0
0.0
0.0
0.0
0.0
0.0
0.0
0.0
0.0
0.0
0.0
0.0
0.0
0.0
0.0
0.0
0.0
0.0
0.0
0.0
1.0
0.0
0.0
0.0
0.0
0.0
0.0
0.0
0.0
0.0
1.0
0.0
1.0
0.0
0.0
0.0
0.0
0.0
0.0
0.0
0.0
0.0
0.0
0.0
0.0
0.0
0.0
0.0
0.0
0.0
0.0
0.0
0.0
0.0
0.0
0.0
0.0
0.0
0.0
0.0
0.0
0.0
0.0
0.0
0.0
0.0
0.0
0.0
0.0
0.0
1.0
0.0
0.0
0.0
0.0
0.0
0.0
0.0
0.0
0.0
0.0
0.0
0.0
0.0
0.0
0.0
0.0
0.0
0.0
0.0
0.0
0.0
0.0
0.0
0.0
0.0
0.0
0.0
0.0
0.0
0.0
0.0
0.0
0.0
0.0
0.0
0.0
0.0
0.0
0.0
0.0
0.0
0.0
0.0
0.0
0.0
0.0
0.0
0.0
1.0
0.0
0.0
0.0
0.0
0.0
0.0
0.0
0.0
0.0
0.0
0.0
0.0
0.0
0.0
0.0
0.0
0.0
0.0
0.0
0.0
0.0
0.0
0.0
0.0
1.0
0.0
0.0
0.0
0.0
0.0
0.0
0.0
0.0
0.0
0.0
0.0
0.0
0.0
0.0
0.0
0.0
0.0
0.0
0.0
0.0
0.0
0.0
0.0
0.0
0.0
0.0
0.0
1.0
0.0
0.0
0.0
0.0
0.0
0.0
0.0
0.0
1.0
0.0
0.0
0.0
0.0
0.0
0.0
0.0
0.0
0.0
0.0
0.0
0.0
0.0
0.0
0.0
0.0
0.0
0.0
0.0
0.0
0.0
0.0
0.0
0.0
0.0
0.0
0.0
0.0
0.0
0.0
0.0
0.0
0.0
0.0
0.0
0.0
1.0
0.0
0.0
0.0
0.0
0.0
0.0
0.0
0.0
0.0
0.0
0.0
0.0
0.0
0.0
0.0
0.0
0.0
0.0
0.0
0.0
0.0
0.0
0.0
0.0
0.0
0.0
0.0
0.0
0.0
0.0
0.0
0.0
0.0
0.0
0.0
0.0
1.0
0.0
0.0
0.0
0.0
0.0
0.0
0.0
0.0
0.0
0.0
0.0
0.0
0.0
0.0
0.0
0.0
0.0
0.0
0.0
0.0
0.0
0.0
0.0
0.0
0.0
0.0
0.0
0.0
0.0
0.0
0.0
0.0
0.0
0.0
0.0
0.0
0.0
0.0
0.0
0.0
0.0
0.0
0.0
0.0
0.0
0.0
0.0
0.0
0.0
0.0
0.0
0.0
0.0
0.0
0.0
0.0
0.0
0.0
0.0
0.0
0.0
0.0
0.0
0.0
0.0
0.0
0.0
0.0
0.0
0.0
0.0
0.0
0.0
0.0
0.0
0.0
0.0
0.0
0.0
0.0
0.0
0.0
0.0
0.0
0.0
0.0
0.0
0.0
0.0
0.0
0.0
0.0
0.0
0.0
0.0
1.0
0.0
0.0
0.0
0.0
0.0
0.0
0.0
0.0
0.0
0.0
0.0
0.0
0.0
0.0
0.0
0.0
0.0
0.0
0.0
0.0
0.0
0.0
0.0
0.0
0.0
0.0
0.0
0.0
0.0
0.0
0.0
0.0
0.0
0.0
0.0
0.0
1.0
0.0
0.0
0.0
0.0
0.0
0.0
0.0
0.0
0.0
0.0
0.0
0.0
0.0
0.0
0.0
0.0
0.0
0.0
0.0
0.0
0.0
0.0
0.0
0.0
0.0
0.0
0.0
0.0
0.0
0.0
0.0
0.0
0.0
0.0
0.0
0.0
0.0
0.0
0.0
0.0
0.0
0.0
0.0
0.0
0.0
0.0
0.0
0.0
0.0
0.0
0.0
0.0
0.0
0.0
0.0
0.0
0.0
0.0
0.0
0.0
0.0
0.0
0.0
0.0
0.0
0.0
0.0
0.0
1.0
0.0
0.0
0.0
0.0
0.0
0.0
0.0
0.0
0.0
0.0
0.0
0.0
0.0
0.0
0.0
0.0
0.0
0.0
0.0
0.0
0.0
0.0
0.0
0.0
0.0
0.0
0.0
0.0
0.0
0.0
0.0
0.0
0.0
0.0
0.0
0.0
0.0
0.0
0.0
0.0
0.0
0.0
0.0
0.0
0.0
0.0
0.0
0.0
0.0
0.0
0.0
0.0
0.0
0.0
0.0
0.0
0.0
0.0
0.0
0.0
0.0
0.0
0.0
0.0
0.0
0.0
0.0
0.0
0.0
0.0
0.0
0.0
0.0
0.0
0.0
0.0
0.0
0.0
0.0
0.0
0.0
0.0
0.0
0.0
0.0
0.0
0.0
0.0
0.0
0.0
0.0
0.0
0.0
0.0
0.0
0.0
0.0
0.0
0.0
1.0
0.0
0.0
0.0
0.0
0.0
0.0
0.0
0.0
0.0
0.0
0.0
0.0
0.0
0.0
0.0
0.0
0.0
0.0
0.0
0.0
0.0
0.0
0.0
0.0
0.0
0.0
0.0
0.0
0.0
0.0
0.0
0.0
0.0
0.0
0.0
0.0
0.0
0.0
0.0
0.0
0.0
0.0
0.0
0.0
0.0
0.0
0.0
0.0
0.0
0.0
0.0
0.0
0.0
0.0
0.0
0.0
0.0
0.0
0.0
0.0
0.0
0.0
0.0
0.0
0.0
0.0
0.0
0.0
0.0
0.0
0.0
0.0
0.0
0.0
0.0
0.0
0.0
0.0
0.0
0.0
0.0
0.0
0.0
0.0
0.0
0.0
0.0
0.0
0.0
0.0
0.0
0.0
0.0
0.0
0.0
0.0
0.0
0.0
0.0
0.0
0.0
0.0
0.0
0.0
0.0
0.0
0.0
0.0
0.0
0.0
0.0
0.0
0.0
0.0
0.0
0.0
0.0
0.0
0.0
0.0
0.0
0.0
0.0
0.0
0.0
0.0
0.0
0.0
0.0
0.0
0.0
0.0
0.0
0.0
0.0
0.0
0.0
0.0
0.0
0.0
0.0
0.0
0.0
0.0
0.0
0.0
0.0
0.0
0.0
0.0
0.0
0.0
0.0
0.0
0.0
0.0
0.0
0.0
0.0
0.0
0.0
0.0
0.0
0.0
0.0
0.0
0.0
0.0
0.0
0.0
0.0
0.0
0.0
1.0
0.0
0.0
0.0
0.0
0.0
0.0
0.0
0.0
0.0
0.0
0.0
0.0
0.0
0.0
0.0
0.0
0.0
0.0
0.0
0.0
0.0
0.0
0.0
0.0
0.0
0.0
0.0
0.0
0.0
0.0
0.0
0.0
0.0
0.0
0.0
0.0
0.0
0.0
0.0
0.0
0.0
0.0
0.0
0.0
0.0
0.0
0.0
0.0
0.0
0.0
0.0
0.0
0.0
0.0
0.0
0.0
0.0
0.0
0.0
0.0
0.0
0.0
0.0
0.0
0.0
0.0
0.0
0.0
0.0
0.0
0.0
0.0
0.0
0.0
0.0
0.0
0.0
0.0
0.0
0.0
0.0
0.0
0.0
0.0
0.0
0.0
0.0
0.0
0.0
0.0
0.0
0.0
1.0
0.0
0.0
0.0
0.0
0.0
0.0
0.0
0.0
0.0
1.0
0.0
0.0
0.0
0.0
0.0
0.0
0.0
0.0
0.0
0.0
0.0
0.0
0.0
0.0
0.0
0.0
0.0
0.0
0.0
0.0
0.0
0.0
0.0
0.0
0.0
0.0
0.0
0.0
0.0
0.0
0.0
0.0
0.0
0.0
0.0
0.0
0.0
0.0
0.0
0.0
0.0
0.0
0.0
0.0
0.0
0.0
0.0
0.0
0.0
0.0
0.0
0.0
0.0
0.0
0.0
0.0
1.0
0.0
0.0
0.0
0.0
0.0
0.0
0.0
0.0
0.0
0.0
0.0
0.0
0.0
0.0
0.0
0.0
0.0
0.0
0.0
0.0
0.0
0.0
0.0
0.0
0.0
0.0
0.0
0.0
0.0
0.0
0.0
0.0
0.0
0.0
0.0
0.0
0.0
0.0
0.0
0.0
0.0
0.0
0.0
0.0
0.0
0.0
0.0
0.0
0.0
0.0
0.0
0.0
0.0
0.0
0.0
0.0
0.0
0.0
0.0
0.0
0.0
0.0
0.0
0.0
0.0
0.0
0.0
0.0
0.0
0.0
0.0
0.0
0.0
0.0
0.0
0.0
0.0
0.0
0.0
0.0
0.0
0.0
0.0
0.0
0.0
0.0
0.0
0.0
0.0
0.0
0.0
0.0
0.0
0.0
0.0
0.0
0.0
0.0
0.0
0.0
0.0
0.0
0.0
0.0
0.0
0.0
0.0
0.0
0.0
0.0
0.0
0.0
0.0
0.0
0.0
0.0
0.0
0.0
0.0
0.0
0.0
0.0
0.0
0.0
0.0
0.0
0.0
0.0
0.0
0.0
0.0
0.0
0.0
0.0
0.0
0.0
0.0
1.0
0.0
0.0
0.0
0.0
0.0
0.0
0.0
0.0
0.0
0.0
0.0
0.0
0.0
0.0
0.0
0.0
0.0
0.0
0.0
0.0
0.0
0.0
0.0
0.0
0.0
0.0
0.0
0.0
0.0
0.0
0.0
0.0
0.0
0.0
0.0
0.0
0.0
0.0
0.0
0.0
0.0
0.0
0.0
0.0
0.0
0.0
0.0
0.0
0.0
0.0
0.0
0.0
1.0
0.0
0.0
0.0
0.0
0.0
0.0
0.0
0.0
0.0
0.0
0.0
0.0
0.0
0.0
0.0
0.0
0.0
0.0
0.0
0.0
0.0
0.0
0.0
0.0
0.0
0.0
0.0
0.0
0.0
0.0
0.0
0.0
0.0
0.0
0.0
0.0
0.0
0.0
0.0
0.0
0.0
0.0
0.0
0.0
0.0
0.0
0.0
0.0
0.0
1.0
0.0
0.0
0.0
0.0
0.0
0.0
0.0
0.0
0.0
0.0
0.0
0.0
0.0
0.0
0.0
0.0
0.0
0.0
0.0
0.0
0.0
0.0
0.0
0.0
0.0
0.0
0.0
0.0
1.0
0.0
0.0
0.0
0.0
0.0
0.0
0.0
0.0
0.0
0.0
0.0
0.0
0.0
0.0
0.0
0.0
0.0
1.0
0.0
0.0
0.0
0.0
0.0
0.0
0.0
0.0
0.0
0.0
0.0
0.0
0.0
0.0
0.0
0.0
0.0
0.0
0.0
0.0
0.0
0.0
0.0
0.0
0.0
0.0
0.0
0.0
0.0
0.0
0.0
0.0
0.0
0.0
0.0
0.0
0.0
0.0
0.0
0.0
0.0
0.0
0.0
0.0
0.0
0.0
0.0
0.0
0.0
0.0
0.0
0.0
0.0
0.0
0.0
0.0
0.0
1.0
0.0
0.0
0.0
0.0
0.0
0.0
0.0
0.0
0.0
0.0
0.0
0.0
0.0
0.0
0.0
0.0
0.0
0.0
0.0
0.0
0.0
0.0
0.0
0.0
0.0
0.0
0.0
0.0
0.0
0.0
0.0
0.0
0.0
0.0
0.0
0.0
0.0
0.0
0.0
0.0
0.0
0.0
0.0
0.0
0.0
0.0
0.0
0.0
0.0
0.0
0.0
0.0
0.0
0.0
1.0
0.0
0.0
0.0
0.0
0.0
0.0
0.0
0.0
0.0
0.0
0.0
0.0
0.0
0.0
0.0
0.0
0.0
0.0
0.0
0.0
0.0
0.0
0.0
0.0
0.0
0.0
0.0
0.0
0.0
0.0
0.0
0.0
0.0
0.0
0.0
0.0
0.0
0.0
0.0
0.0
0.0
0.0
1.0
0.0
0.0
0.0
0.0
0.0
0.0
0.0
0.0
0.0
0.0
0.0
0.0
0.0
0.0
0.0
0.0
0.0
0.0
0.0
0.0
0.0
0.0
0.0
0.0
0.0
0.0
0.0
0.0
0.0
0.0
0.0
0.0
0.0
0.0
0.0
0.0
0.0
0.0
0.0
0.0
1.0
0.0
0.0
0.0
0.0
0.0
0.0
0.0
0.0
0.0
0.0
0.0
0.0
0.0
0.0
0.0
0.0
0.0
0.0
0.0
0.0
0.0
0.0
0.0
0.0
0.0
0.0
0.0
0.0
0.0
0.0
0.0
0.0
0.0
0.0
0.0
0.0
0.0
0.0
0.0
0.0
0.0
0.0
0.0
0.0
0.0
0.0
0.0
0.0
0.0
0.0
0.0
0.0
0.0
0.0
0.0
0.0
0.0
0.0
0.0
0.0
0.0
0.0
0.0
0.0
0.0
0.0
0.0
0.0
0.0
0.0
0.0
0.0
0.0
0.0
0.0
0.0
0.0
0.0
0.0
0.0
0.0
0.0
0.0
0.0
0.0
0.0
0.0
0.0
0.0
0.0
0.0
0.0
0.0
1.0
0.0
0.0
0.0
0.0
0.0
0.0
0.0
0.0
0.0
0.0
0.0
0.0
0.0
0.0
0.0
0.0
0.0
0.0
0.0
0.0
0.0
0.0
0.0
0.0
0.0
0.0
0.0
0.0
0.0
0.0
0.0
0.0
0.0
0.0
0.0
0.0
0.0
0.0
0.0
0.0
0.0
0.0
0.0
0.0
0.0
0.0
0.0
0.0
0.0
0.0
0.0
0.0
0.0
0.0
0.0
0.0
0.0
0.0
0.0
0.0
0.0
0.0
0.0
0.0
0.0
0.0
0.0
0.0
0.0
0.0
0.0
0.0
0.0
0.0
0.0
0.0
0.0
0.0
0.0
0.0
0.0
0.0
0.0
1.0
0.0
0.0
0.0
0.0
0.0
0.0
0.0
0.0
0.0
0.0
0.0
0.0
0.0
0.0
0.0
0.0
0.0
0.0
0.0
0.0
0.0
0.0
0.0
1.0
0.0
0.0
0.0
0.0
0.0
0.0
0.0
0.0
0.0
0.0
0.0
0.0
0.0
0.0
0.0
0.0
0.0
0.0
1.0
0.0
0.0
0.0
0.0
0.0
0.0
0.0
0.0
0.0
0.0
0.0
0.0
0.0
0.0
0.0
0.0
0.0
0.0
0.0
0.0
0.0
0.0
0.0
0.0
0.0
0.0
0.0
0.0
0.0
0.0
0.0
0.0
0.0
0.0
0.0
0.0
0.0
0.0
0.0
0.0
0.0
0.0
0.0
0.0
0.0
0.0
0.0
0.0
0.0
0.0
0.0
0.0
0.0
0.0
0.0
0.0
0.0
0.0
0.0
0.0
0.0
0.0
0.0
0.0
0.0
0.0
0.0
0.0
0.0
0.0
0.0
0.0
0.0
0.0
0.0
0.0
0.0
0.0
0.0
0.0
0.0
0.0
0.0
0.0
0.0
0.0
0.0
0.0
0.0
0.0
0.0
0.0
0.0
0.0
0.0
0.0
0.0
0.0
0.0
0.0
0.0
0.0
0.0
0.0
0.0
0.0
0.0
0.0
0.0
0.0
0.0
0.0
0.0
0.0
0.0
0.0
0.0
0.0
0.0
0.0
0.0
0.0
0.0
0.0
0.0
0.0
0.0
0.0
0.0
0.0
0.0
0.0
0.0
0.0
0.0
0.0
0.0
0.0
0.0
0.0
0.0
0.0
0.0
0.0
0.0
0.0
0.0
1.0
0.0
0.0
0.0
0.0
0.0
0.0
0.0
0.0
0.0
0.0
0.0
0.0
0.0
0.0
0.0
$ROI:
$PRESETS:
Real Time
300
0
$ENER_FIT:
0.000000 0.000000
$MCA_CAL:
3
0.000000E+000 0.000000E+000 0.000000E+000 
$SHAPE_CAL:
3
0.000000E+000 0.000000E+000 0.000000E+000