$SPEC_ID:
No sample description was entered.
$SPEC_REM:
DET# 1
DETDESC# TL-101B-03 digiBASE-RH SN 16039579
AP# Maestro Version 7.01
$DATE_MEA:
03/06/2026 13:19:43
$MEAS_TIM:
300 000
$DATA:
0.0	8191
0.0
0.0
0.0
0.0
0.0
0.0
0.0
0.0
0.0
0.0
0.0
0.0
0.0
0.0
0.0
0.0
0.0
0.0
0.0
0.0
0.0
0.0
0.0
0.0
0.0
0.0
0.0
0.0
0.0
0.0
0.0
0.0
0.0
0.0
0.0
0.0
0.0
0.0
0.0
0.0
0.0
0.0
0.0
0.0
0.0
0.0
0.0
0.0
0.0
986.0
1117.0
1239.0
1215.0
1253.0
1287.0
1374.0
1475.0
1741.0
1939.0
1846.0
1664.0
1560.0
1399.0
1384.0
1397.0
1560.0
1913.0
1989.0
1839.0
1571.0
1445.0
1307.0
1318.0
1268.0
1222.0
1215.0
1243.0
1194.0
1232.0
1154.0
1160.0
1144.0
1169.0
1153.0
1151.0
1133.0
1096.0
1112.0
1132.0
1134.0
1138.0
1070.0
1117.0
1105.0
1103.0
1058.0
1106.0
1173.0
1180.0
1140.0
1076.0
1045.0
1056.0
1075.0
1114.0
1127.0
1136.0
1267.0
1286.0
1369.0
1430.0
1391.0
1305.0
1232.0
1231.0
1181.0
1152.0
1157.0
1188.0
1154.0
1121.0
1207.0
1240.0
1347.0
1441.0
1508.0
1445.0
1339.0
1405.0
1379.0
1375.0
1334.0
1320.0
1329.0
1340.0
1395.0
1397.0
1311.0
1417.0
1388.0
1415.0
1358.0
1432.0
1429.0
1404.0
1455.0
1469.0
1481.0
1464.0
1506.0
1500.0
1573.0
1427.0
1451.0
1561.0
1452.0
1532.0
1472.0
1494.0
1455.0
1513.0
1574.0
1531.0
1639.0
1564.0
1561.0
1558.0
1664.0
1591.0
1572.0
1602.0
1606.0
1667.0
1612.0
1720.0
1798.0
2138.0
3170.0
6459.0
12513.0
20291.0
26528.0
28205.0
24570.0
17109.0
10801.0
7310.0
5737.0
4815.0
4395.0
3918.0
3598.0
3179.0
3132.0
2924.0
2693.0
2555.0
2449.0
2228.0
2175.0
2115.0
1921.0
1854.0
1805.0
1721.0
1739.0
1679.0
1642.0
1510.0
1489.0
1483.0
1446.0
1402.0
1451.0
1418.0
1338.0
1361.0
1332.0
1383.0
1344.0
1416.0
1249.0
1358.0
1273.0
1279.0
1279.0
1150.0
1253.0
1171.0
1211.0
1172.0
1155.0
1110.0
1158.0
1129.0
1060.0
1102.0
1091.0
1135.0
1166.0
1075.0
1044.0
1100.0
1089.0
1054.0
1120.0
1052.0
1083.0
1034.0
1058.0
1047.0
1014.0
1061.0
1068.0
1060.0
1034.0
1073.0
1023.0
1055.0
1041.0
1074.0
1053.0
1028.0
1024.0
1094.0
1012.0
1043.0
1078.0
1058.0
1063.0
1123.0
1138.0
1124.0
1039.0
1067.0
1070.0
1071.0
1006.0
1117.0
1079.0
1153.0
1106.0
1103.0
1127.0
1140.0
1146.0
1152.0
1072.0
1138.0
1068.0
1081.0
1080.0
1041.0
1100.0
1027.0
1081.0
999.0
998.0
1043.0
978.0
984.0
950.0
971.0
954.0
1010.0
889.0
940.0
913.0
932.0
983.0
925.0
909.0
923.0
861.0
910.0
877.0
911.0
971.0
850.0
913.0
924.0
896.0
854.0
895.0
830.0
798.0
851.0
856.0
837.0
855.0
807.0
838.0
827.0
799.0
846.0
758.0
781.0
780.0
784.0
774.0
808.0
800.0
850.0
748.0
764.0
779.0
792.0
809.0
768.0
756.0
743.0
757.0
743.0
781.0
794.0
733.0
762.0
709.0
751.0
716.0
755.0
828.0
903.0
1146.0
1473.0
2039.0
2702.0
3504.0
4094.0
4428.0
4144.0
3839.0
3073.0
2291.0
1722.0
1431.0
1312.0
1241.0
1263.0
1101.0
998.0
1044.0
934.0
920.0
964.0
855.0
860.0
797.0
812.0
835.0
762.0
795.0
743.0
762.0
770.0
744.0
727.0
701.0
743.0
696.0
674.0
701.0
693.0
616.0
673.0
668.0
658.0
694.0
648.0
664.0
692.0
632.0
662.0
651.0
640.0
613.0
666.0
631.0
603.0
643.0
578.0
615.0
566.0
601.0
618.0
593.0
570.0
629.0
572.0
605.0
565.0
557.0
583.0
559.0
564.0
610.0
506.0
539.0
584.0
549.0
551.0
591.0
580.0
620.0
638.0
629.0
733.0
751.0
706.0
625.0
688.0
623.0
615.0
605.0
585.0
555.0
582.0
553.0
554.0
550.0
560.0
487.0
518.0
465.0
501.0
551.0
477.0
522.0
568.0
492.0
507.0
568.0
514.0
498.0
530.0
546.0
543.0
548.0
520.0
508.0
524.0
514.0
518.0
493.0
535.0
502.0
466.0
521.0
571.0
497.0
508.0
596.0
520.0
514.0
545.0
512.0
545.0
512.0
565.0
541.0
547.0
522.0
531.0
514.0
511.0
503.0
506.0
513.0
547.0
525.0
576.0
738.0
943.0
1225.0
1755.0
2309.0
3112.0
4492.0
5839.0
7511.0
8319.0
8572.0
8268.0
7477.0
6466.0
4915.0
3551.0
2680.0
2211.0
1814.0
1640.0
1514.0
1397.0
1289.0
1270.0
1170.0
1084.0
1056.0
987.0
977.0
924.0
811.0
845.0
765.0
762.0
732.0
754.0
714.0
743.0
746.0
684.0
705.0
740.0
786.0
790.0
809.0
804.0
840.0
761.0
745.0
734.0
682.0
622.0
611.0
562.0
545.0
583.0
510.0
455.0
502.0
519.0
461.0
494.0
458.0
470.0
400.0
453.0
463.0
437.0
450.0
457.0
462.0
432.0
450.0
469.0
433.0
411.0
388.0
436.0
430.0
425.0
421.0
433.0
434.0
439.0
404.0
376.0
429.0
416.0
382.0
428.0
392.0
406.0
366.0
378.0
388.0
400.0
393.0
414.0
419.0
393.0
426.0
390.0
396.0
458.0
470.0
429.0
514.0
558.0
655.0
743.0
846.0
860.0
865.0
877.0
881.0
836.0
706.0
666.0
575.0
558.0
512.0
469.0
460.0
489.0
476.0
456.0
429.0
472.0
413.0
396.0
437.0
454.0
381.0
405.0
421.0
428.0
441.0
405.0
379.0
424.0
386.0
390.0
398.0
374.0
357.0
427.0
406.0
387.0
409.0
395.0
401.0
402.0
453.0
457.0
511.0
563.0
539.0
646.0
740.0
850.0
928.0
998.0
997.0
974.0
972.0
876.0
812.0
757.0
601.0
540.0
468.0
496.0
501.0
459.0
484.0
410.0
486.0
451.0
438.0
428.0
450.0
458.0
391.0
414.0
428.0
373.0
418.0
429.0
401.0
373.0
459.0
411.0
347.0
397.0
393.0
389.0
402.0
365.0
366.0
361.0
395.0
376.0
443.0
343.0
375.0
354.0
386.0
373.0
369.0
368.0
398.0
343.0
392.0
374.0
353.0
385.0
382.0
391.0
382.0
424.0
403.0
388.0
415.0
406.0
385.0
391.0
418.0
433.0
431.0
474.0
439.0
457.0
404.0
415.0
454.0
416.0
421.0
421.0
395.0
396.0
425.0
363.0
414.0
394.0
382.0
400.0
389.0
405.0
407.0
414.0
376.0
430.0
432.0
346.0
415.0
424.0
438.0
394.0
397.0
389.0
394.0
397.0
352.0
386.0
371.0
377.0
389.0
383.0
396.0
382.0
412.0
366.0
390.0
385.0
382.0
375.0
416.0
375.0
397.0
410.0
394.0
373.0
348.0
376.0
409.0
352.0
377.0
395.0
378.0
389.0
397.0
382.0
393.0
390.0
401.0
379.0
357.0
400.0
387.0
371.0
377.0
377.0
367.0
365.0
394.0
404.0
393.0
365.0
372.0
414.0
388.0
405.0
405.0
386.0
390.0
340.0
378.0
372.0
393.0
414.0
382.0
388.0
346.0
411.0
411.0
398.0
377.0
398.0
374.0
424.0
454.0
393.0
390.0
434.0
411.0
404.0
393.0
394.0
443.0
479.0
427.0
438.0
450.0
488.0
510.0
454.0
476.0
496.0
445.0
451.0
488.0
418.0
437.0
442.0
451.0
417.0
404.0
402.0
422.0
412.0
393.0
410.0
418.0
465.0
408.0
388.0
385.0
426.0
415.0
428.0
394.0
418.0
421.0
415.0
439.0
440.0
450.0
455.0
482.0
436.0
435.0
397.0
416.0
435.0
455.0
401.0
413.0
397.0
361.0
405.0
381.0
371.0
377.0
408.0
349.0
360.0
384.0
399.0
357.0
337.0
350.0
372.0
378.0
360.0
384.0
366.0
344.0
339.0
386.0
350.0
364.0
354.0
369.0
307.0
309.0
329.0
355.0
386.0
374.0
377.0
363.0
307.0
333.0
345.0
361.0
345.0
337.0
341.0
342.0
344.0
344.0
363.0
336.0
372.0
367.0
342.0
348.0
360.0
339.0
374.0
333.0
386.0
351.0
318.0
355.0
360.0
310.0
345.0
349.0
331.0
320.0
366.0
350.0
341.0
362.0
333.0
338.0
354.0
356.0
332.0
322.0
339.0
294.0
373.0
339.0
314.0
334.0
333.0
317.0
334.0
309.0
343.0
318.0
349.0
306.0
351.0
367.0
335.0
320.0
366.0
344.0
316.0
363.0
350.0
332.0
325.0
357.0
334.0
351.0
321.0
367.0
385.0
337.0
378.0
349.0
334.0
397.0
327.0
372.0
329.0
335.0
300.0
308.0
354.0
342.0
351.0
373.0
333.0
367.0
385.0
341.0
395.0
403.0
348.0
395.0
383.0
393.0
387.0
396.0
403.0
380.0
392.0
390.0
405.0
375.0
412.0
392.0
370.0
391.0
389.0
424.0
384.0
440.0
422.0
412.0
437.0
441.0
391.0
433.0
385.0
382.0
398.0
390.0
361.0
356.0
338.0
347.0
329.0
363.0
358.0
329.0
340.0
370.0
306.0
327.0
371.0
324.0
321.0
300.0
305.0
352.0
367.0
317.0
324.0
361.0
344.0
334.0
327.0
330.0
357.0
370.0
336.0
319.0
321.0
347.0
358.0
351.0
373.0
335.0
339.0
368.0
377.0
360.0
370.0
385.0
374.0
415.0
353.0
348.0
418.0
341.0
360.0
346.0
376.0
353.0
342.0
316.0
377.0
341.0
337.0
348.0
329.0
330.0
333.0
308.0
327.0
340.0
332.0
340.0
350.0
366.0
348.0
334.0
333.0
349.0
365.0
350.0
323.0
325.0
350.0
338.0
352.0
324.0
355.0
359.0
332.0
331.0
334.0
342.0
339.0
322.0
330.0
337.0
329.0
335.0
363.0
337.0
355.0
330.0
350.0
346.0
340.0
342.0
337.0
336.0
347.0
339.0
346.0
346.0
332.0
361.0
334.0
337.0
338.0
326.0
399.0
411.0
372.0
435.0
451.0
466.0
501.0
619.0
609.0
726.0
775.0
956.0
983.0
1156.0
1237.0
1261.0
1333.0
1391.0
1306.0
1350.0
1326.0
1268.0
1099.0
1036.0
1005.0
915.0
824.0
711.0
651.0
544.0
462.0
462.0
453.0
439.0
429.0
409.0
400.0
391.0
391.0
403.0
363.0
372.0
359.0
333.0
362.0
354.0
315.0
336.0
364.0
365.0
335.0
340.0
362.0
322.0
349.0
323.0
350.0
321.0
341.0
340.0
342.0
340.0
341.0
328.0
343.0
322.0
324.0
285.0
327.0
318.0
316.0
309.0
341.0
287.0
311.0
298.0
287.0
292.0
305.0
301.0
270.0
286.0
268.0
286.0
287.0
290.0
287.0
294.0
291.0
294.0
272.0
318.0
293.0
297.0
282.0
294.0
316.0
309.0
296.0
279.0
291.0
323.0
284.0
282.0
272.0
294.0
306.0
303.0
326.0
297.0
286.0
330.0
317.0
323.0
303.0
319.0
315.0
297.0
276.0
286.0
288.0
294.0
286.0
311.0
345.0
286.0
284.0
283.0
330.0
288.0
327.0
273.0
310.0
290.0
318.0
299.0
266.0
348.0
336.0
340.0
375.0
359.0
407.0
386.0
415.0
481.0
468.0
508.0
514.0
551.0
569.0
642.0
566.0
585.0
607.0
567.0
543.0
502.0
515.0
530.0
534.0
438.0
429.0
403.0
382.0
342.0
335.0
342.0
339.0
330.0
337.0
323.0
320.0
306.0
309.0
304.0
305.0
327.0
306.0
258.0
274.0
284.0
297.0
276.0
274.0
255.0
285.0
303.0
270.0
296.0
279.0
265.0
245.0
270.0
265.0
277.0
263.0
267.0
245.0
244.0
290.0
273.0
274.0
250.0
260.0
286.0
261.0
232.0
267.0
251.0
243.0
226.0
232.0
248.0
242.0
221.0
245.0
231.0
251.0
239.0
206.0
239.0
259.0
223.0
264.0
222.0
258.0
241.0
230.0
250.0
260.0
216.0
225.0
250.0
235.0
223.0
224.0
247.0
257.0
243.0
227.0
250.0
241.0
228.0
237.0
219.0
232.0
218.0
232.0
214.0
222.0
237.0
218.0
207.0
200.0
232.0
222.0
212.0
201.0
213.0
160.0
201.0
190.0
163.0
203.0
204.0
179.0
225.0
169.0
180.0
172.0
198.0
181.0
185.0
184.0
206.0
191.0
216.0
226.0
194.0
218.0
225.0
259.0
264.0
265.0
325.0
341.0
369.0
411.0
451.0
524.0
599.0
659.0
733.0
835.0
858.0
893.0
1005.0
1000.0
974.0
988.0
974.0
974.0
897.0
897.0
893.0
793.0
744.0
695.0
671.0
560.0
513.0
459.0
418.0
344.0
298.0
284.0
292.0
295.0
239.0
263.0
206.0
254.0
213.0
237.0
216.0
212.0
214.0
212.0
206.0
191.0
222.0
195.0
201.0
191.0
206.0
199.0
191.0
194.0
180.0
170.0
195.0
135.0
162.0
159.0
161.0
163.0
162.0
196.0
170.0
167.0
177.0
186.0
172.0
171.0
169.0
182.0
208.0
185.0
186.0
194.0
184.0
178.0
183.0
185.0
161.0
179.0
185.0
209.0
164.0
162.0
171.0
156.0
154.0
162.0
143.0
140.0
145.0
137.0
150.0
133.0
154.0
131.0
144.0
139.0
136.0
129.0
151.0
144.0
143.0
137.0
150.0
134.0
158.0
147.0
117.0
148.0
137.0
153.0
133.0
126.0
127.0
123.0
130.0
144.0
128.0
144.0
118.0
152.0
152.0
114.0
119.0
119.0
149.0
148.0
151.0
155.0
120.0
137.0
144.0
133.0
130.0
127.0
123.0
139.0
146.0
117.0
124.0
131.0
124.0
139.0
140.0
134.0
128.0
121.0
114.0
126.0
153.0
150.0
133.0
150.0
128.0
132.0
103.0
130.0
120.0
123.0
148.0
117.0
131.0
149.0
128.0
141.0
148.0
136.0
128.0
135.0
155.0
149.0
153.0
148.0
151.0
163.0
150.0
149.0
183.0
181.0
189.0
200.0
244.0
246.0
238.0
244.0
316.0
299.0
371.0
396.0
483.0
499.0
568.0
558.0
642.0
589.0
684.0
678.0
645.0
625.0
669.0
689.0
649.0
658.0
619.0
624.0
610.0
557.0
564.0
467.0
451.0
443.0
388.0
375.0
328.0
328.0
277.0
268.0
279.0
260.0
288.0
312.0
293.0
316.0
354.0
376.0
380.0
400.0
455.0
539.0
559.0
632.0
667.0
718.0
754.0
766.0
724.0
767.0
800.0
748.0
760.0
776.0
749.0
734.0
700.0
664.0
585.0
553.0
534.0
527.0
526.0
418.0
392.0
332.0
326.0
267.0
252.0
245.0
240.0
232.0
208.0
204.0
209.0
209.0
234.0
199.0
189.0
191.0
172.0
209.0
208.0
201.0
178.0
159.0
149.0
208.0
172.0
172.0
189.0
200.0
141.0
164.0
174.0
174.0
154.0
167.0
168.0
149.0
159.0
158.0
152.0
140.0
164.0
143.0
157.0
137.0
159.0
156.0
156.0
159.0
139.0
161.0
156.0
144.0
157.0
139.0
163.0
156.0
144.0
160.0
143.0
147.0
162.0
154.0
148.0
158.0
150.0
133.0
143.0
165.0
146.0
167.0
161.0
142.0
138.0
167.0
172.0
165.0
138.0
144.0
170.0
155.0
145.0
143.0
144.0
159.0
154.0
153.0
136.0
130.0
144.0
132.0
160.0
156.0
139.0
130.0
112.0
143.0
131.0
106.0
148.0
123.0
125.0
129.0
139.0
131.0
140.0
134.0
143.0
121.0
121.0
112.0
119.0
117.0
120.0
130.0
117.0
112.0
111.0
140.0
121.0
110.0
119.0
105.0
116.0
111.0
107.0
128.0
115.0
111.0
137.0
119.0
119.0
101.0
135.0
127.0
135.0
138.0
126.0
146.0
133.0
156.0
159.0
137.0
113.0
139.0
143.0
142.0
122.0
131.0
146.0
129.0
125.0
126.0
125.0
135.0
116.0
101.0
109.0
108.0
95.0
83.0
110.0
82.0
98.0
95.0
95.0
79.0
88.0
93.0
91.0
91.0
88.0
104.0
94.0
94.0
84.0
80.0
81.0
93.0
73.0
81.0
88.0
93.0
98.0
100.0
91.0
95.0
69.0
96.0
79.0
67.0
94.0
79.0
79.0
77.0
86.0
63.0
80.0
62.0
92.0
81.0
73.0
77.0
83.0
67.0
72.0
70.0
58.0
81.0
85.0
75.0
64.0
79.0
71.0
80.0
63.0
72.0
57.0
69.0
66.0
67.0
62.0
70.0
71.0
53.0
57.0
62.0
63.0
62.0
78.0
59.0
67.0
56.0
50.0
78.0
54.0
57.0
51.0
40.0
48.0
55.0
66.0
68.0
66.0
65.0
66.0
48.0
50.0
83.0
60.0
58.0
58.0
59.0
69.0
49.0
71.0
54.0
58.0
73.0
63.0
80.0
84.0
84.0
83.0
86.0
90.0
102.0
86.0
92.0
89.0
96.0
98.0
106.0
89.0
85.0
97.0
98.0
98.0
94.0
79.0
85.0
75.0
75.0
89.0
80.0
66.0
67.0
54.0
50.0
64.0
32.0
39.0
45.0
47.0
48.0
48.0
37.0
38.0
33.0
37.0
30.0
26.0
41.0
32.0
26.0
23.0
36.0
20.0
31.0
36.0
24.0
33.0
35.0
31.0
30.0
37.0
27.0
28.0
20.0
23.0
20.0
24.0
26.0
29.0
29.0
20.0
25.0
31.0
22.0
43.0
26.0
24.0
29.0
34.0
20.0
29.0
27.0
17.0
27.0
24.0
11.0
15.0
22.0
25.0
25.0
20.0
25.0
23.0
28.0
20.0
15.0
17.0
18.0
28.0
28.0
31.0
32.0
22.0
21.0
26.0
26.0
24.0
20.0
21.0
15.0
19.0
30.0
30.0
16.0
23.0
21.0
16.0
19.0
26.0
21.0
20.0
15.0
22.0
20.0
24.0
23.0
18.0
23.0
17.0
14.0
26.0
13.0
19.0
12.0
29.0
21.0
23.0
23.0
18.0
29.0
17.0
23.0
15.0
21.0
24.0
34.0
20.0
26.0
28.0
45.0
33.0
33.0
46.0
38.0
42.0
60.0
55.0
77.0
58.0
75.0
92.0
86.0
128.0
125.0
128.0
139.0
170.0
187.0
185.0
250.0
272.0
330.0
360.0
384.0
457.0
482.0
521.0
548.0
596.0
614.0
645.0
636.0
655.0
606.0
617.0
625.0
585.0
557.0
595.0
590.0
580.0
559.0
558.0
537.0
497.0
457.0
440.0
399.0
325.0
299.0
279.0
225.0
206.0
187.0
130.0
111.0
112.0
102.0
92.0
95.0
77.0
71.0
75.0
73.0
74.0
57.0
59.0
47.0
42.0
60.0
50.0
51.0
34.0
50.0
43.0
51.0
49.0
35.0
35.0
21.0
34.0
38.0
29.0
32.0
19.0
34.0
25.0
21.0
29.0
29.0
24.0
23.0
19.0
25.0
30.0
40.0
34.0
23.0
35.0
28.0
28.0
29.0
29.0
25.0
19.0
26.0
23.0
24.0
40.0
29.0
34.0
27.0
35.0
35.0
27.0
41.0
29.0
20.0
26.0
33.0
21.0
19.0
24.0
17.0
29.0
22.0
22.0
14.0
15.0
19.0
22.0
25.0
15.0
15.0
18.0
15.0
11.0
16.0
10.0
13.0
10.0
15.0
17.0
13.0
8.0
14.0
14.0
13.0
11.0
10.0
11.0
10.0
15.0
5.0
6.0
15.0
14.0
13.0
12.0
11.0
4.0
12.0
20.0
7.0
8.0
11.0
16.0
11.0
9.0
15.0
12.0
7.0
8.0
6.0
12.0
14.0
9.0
11.0
6.0
12.0
10.0
7.0
13.0
9.0
11.0
13.0
18.0
11.0
12.0
7.0
11.0
10.0
9.0
13.0
8.0
14.0
10.0
13.0
12.0
16.0
17.0
9.0
19.0
16.0
21.0
23.0
22.0
21.0
19.0
26.0
25.0
25.0
19.0
22.0
18.0
16.0
26.0
31.0
27.0
25.0
26.0
20.0
22.0
21.0
14.0
20.0
20.0
22.0
24.0
22.0
14.0
21.0
21.0
12.0
17.0
11.0
10.0
18.0
6.0
7.0
8.0
11.0
7.0
4.0
8.0
6.0
9.0
9.0
8.0
7.0
7.0
8.0
15.0
6.0
8.0
7.0
7.0
3.0
9.0
6.0
6.0
7.0
6.0
10.0
10.0
6.0
5.0
2.0
8.0
8.0
6.0
14.0
6.0
4.0
1.0
5.0
8.0
7.0
7.0
6.0
6.0
5.0
6.0
5.0
2.0
1.0
5.0
3.0
13.0
6.0
6.0
7.0
7.0
6.0
4.0
7.0
5.0
7.0
6.0
4.0
4.0
1.0
4.0
8.0
6.0
3.0
8.0
7.0
2.0
5.0
5.0
6.0
6.0
6.0
3.0
3.0
6.0
4.0
4.0
8.0
4.0
5.0
7.0
7.0
5.0
5.0
3.0
5.0
3.0
7.0
5.0
6.0
8.0
3.0
5.0
7.0
11.0
6.0
1.0
3.0
5.0
5.0
6.0
8.0
7.0
4.0
7.0
8.0
4.0
4.0
6.0
2.0
4.0
8.0
7.0
6.0
9.0
7.0
1.0
3.0
2.0
5.0
6.0
6.0
4.0
4.0
5.0
9.0
3.0
5.0
3.0
4.0
5.0
4.0
6.0
3.0
2.0
6.0
7.0
2.0
6.0
7.0
4.0
7.0
6.0
5.0
6.0
8.0
6.0
4.0
3.0
6.0
3.0
3.0
9.0
6.0
5.0
8.0
6.0
6.0
5.0
7.0
7.0
5.0
4.0
12.0
9.0
5.0
5.0
2.0
3.0
5.0
2.0
3.0
4.0
0.0
6.0
4.0
3.0
2.0
3.0
5.0
4.0
2.0
3.0
5.0
3.0
3.0
3.0
3.0
6.0
2.0
1.0
1.0
5.0
4.0
4.0
5.0
3.0
0.0
3.0
3.0
5.0
5.0
7.0
1.0
3.0
7.0
7.0
5.0
1.0
3.0
2.0
6.0
4.0
2.0
4.0
4.0
4.0
3.0
4.0
7.0
1.0
2.0
5.0
4.0
4.0
3.0
5.0
6.0
2.0
2.0
8.0
1.0
2.0
7.0
4.0
1.0
4.0
3.0
3.0
3.0
8.0
1.0
5.0
1.0
1.0
5.0
1.0
3.0
4.0
0.0
4.0
5.0
2.0
3.0
0.0
5.0
2.0
2.0
4.0
6.0
4.0
6.0
3.0
2.0
3.0
7.0
7.0
1.0
1.0
4.0
2.0
2.0
1.0
4.0
1.0
4.0
5.0
3.0
2.0
4.0
6.0
4.0
4.0
5.0
1.0
3.0
2.0
2.0
2.0
3.0
3.0
5.0
4.0
6.0
0.0
3.0
3.0
4.0
4.0
3.0
4.0
4.0
0.0
4.0
3.0
1.0
2.0
6.0
6.0
4.0
2.0
2.0
2.0
4.0
2.0
4.0
1.0
5.0
2.0
3.0
5.0
2.0
4.0
2.0
2.0
5.0
3.0
1.0
4.0
3.0
5.0
1.0
3.0
3.0
3.0
2.0
2.0
2.0
4.0
2.0
4.0
3.0
6.0
1.0
2.0
2.0
1.0
3.0
5.0
5.0
3.0
1.0
3.0
0.0
0.0
3.0
1.0
2.0
3.0
0.0
1.0
0.0
4.0
2.0
3.0
4.0
2.0
1.0
0.0
2.0
3.0
1.0
3.0
2.0
2.0
4.0
1.0
3.0
2.0
0.0
3.0
1.0
4.0
3.0
2.0
1.0
2.0
3.0
1.0
2.0
0.0
2.0
3.0
1.0
0.0
3.0
4.0
2.0
1.0
0.0
4.0
0.0
3.0
2.0
1.0
1.0
0.0
1.0
3.0
2.0
1.0
0.0
2.0
4.0
2.0
3.0
1.0
2.0
1.0
6.0
2.0
1.0
3.0
1.0
1.0
1.0
3.0
1.0
0.0
2.0
1.0
0.0
3.0
1.0
0.0
1.0
0.0
3.0
0.0
5.0
3.0
1.0
0.0
3.0
0.0
2.0
3.0
5.0
2.0
2.0
1.0
2.0
3.0
1.0
1.0
0.0
6.0
4.0
3.0
4.0
2.0
3.0
2.0
2.0
1.0
0.0
1.0
6.0
2.0
3.0
6.0
1.0
0.0
1.0
2.0
5.0
2.0
0.0
0.0
3.0
0.0
2.0
0.0
2.0
5.0
2.0
3.0
0.0
3.0
3.0
0.0
2.0
1.0
1.0
0.0
1.0
0.0
0.0
2.0
0.0
1.0
3.0
3.0
3.0
1.0
2.0
0.0
3.0
0.0
1.0
0.0
0.0
2.0
0.0
3.0
0.0
0.0
1.0
4.0
4.0
1.0
1.0
2.0
3.0
2.0
0.0
1.0
0.0
3.0
0.0
1.0
4.0
2.0
2.0
1.0
3.0
1.0
1.0
1.0
4.0
3.0
4.0
3.0
1.0
4.0
3.0
2.0
2.0
3.0
1.0
3.0
4.0
2.0
1.0
2.0
4.0
1.0
0.0
3.0
3.0
1.0
3.0
1.0
1.0
1.0
1.0
0.0
2.0
0.0
1.0
0.0
1.0
3.0
1.0
1.0
0.0
0.0
2.0
4.0
4.0
4.0
2.0
1.0
2.0
1.0
0.0
1.0
2.0
2.0
0.0
0.0
3.0
0.0
1.0
2.0
1.0
1.0
0.0
0.0
1.0
1.0
3.0
2.0
2.0
1.0
1.0
1.0
2.0
2.0
2.0
0.0
0.0
0.0
6.0
1.0
1.0
0.0
2.0
1.0
2.0
2.0
1.0
1.0
1.0
0.0
1.0
2.0
1.0
2.0
0.0
1.0
2.0
0.0
2.0
0.0
2.0
0.0
1.0
3.0
3.0
0.0
1.0
0.0
0.0
1.0
1.0
1.0
2.0
0.0
0.0
1.0
1.0
1.0
2.0
1.0
5.0
0.0
1.0
0.0
0.0
0.0
0.0
0.0
1.0
0.0
2.0
1.0
3.0
2.0
3.0
2.0
0.0
0.0
0.0
0.0
1.0
1.0
0.0
0.0
2.0
2.0
2.0
1.0
2.0
0.0
0.0
2.0
3.0
0.0
1.0
1.0
3.0
0.0
1.0
0.0
1.0
0.0
0.0
1.0
1.0
1.0
0.0
1.0
2.0
0.0
1.0
2.0
1.0
0.0
0.0
1.0
0.0
2.0
0.0
3.0
0.0
1.0
0.0
0.0
2.0
1.0
1.0
0.0
2.0
0.0
0.0
2.0
0.0
0.0
0.0
1.0
1.0
1.0
0.0
0.0
5.0
1.0
1.0
1.0
0.0
0.0
0.0
0.0
1.0
1.0
1.0
1.0
0.0
2.0
2.0
0.0
0.0
3.0
2.0
0.0
0.0
1.0
0.0
2.0
1.0
1.0
0.0
0.0
1.0
1.0
2.0
1.0
1.0
1.0
2.0
1.0
1.0
0.0
0.0
2.0
0.0
0.0
0.0
0.0
2.0
0.0
1.0
0.0
1.0
1.0
1.0
1.0
1.0
0.0
1.0
1.0
1.0
2.0
0.0
0.0
2.0
1.0
1.0
2.0
1.0
1.0
2.0
1.0
1.0
2.0
0.0
1.0
0.0
2.0
0.0
0.0
0.0
0.0
1.0
2.0
0.0
0.0
1.0
1.0
1.0
0.0
0.0
2.0
0.0
1.0
0.0
1.0
0.0
0.0
1.0
1.0
2.0
1.0
2.0
1.0
0.0
2.0
1.0
1.0
1.0
0.0
1.0
1.0
0.0
0.0
1.0
2.0
1.0
2.0
0.0
1.0
1.0
0.0
1.0
1.0
0.0
0.0
2.0
1.0
1.0
0.0
0.0
0.0
0.0
0.0
0.0
0.0
0.0
0.0
0.0
0.0
1.0
0.0
1.0
0.0
1.0
1.0
0.0
1.0
1.0
0.0
0.0
2.0
0.0
0.0
1.0
1.0
1.0
0.0
0.0
1.0
1.0
1.0
0.0
1.0
0.0
0.0
1.0
0.0
1.0
1.0
1.0
0.0
0.0
0.0
1.0
2.0
1.0
0.0
0.0
3.0
0.0
2.0
0.0
2.0
0.0
0.0
0.0
1.0
0.0
0.0
0.0
0.0
0.0
1.0
0.0
1.0
2.0
0.0
1.0
1.0
0.0
0.0
0.0
1.0
1.0
2.0
0.0
1.0
3.0
1.0
0.0
0.0
1.0
0.0
0.0
0.0
0.0
1.0
0.0
0.0
0.0
0.0
0.0
0.0
0.0
0.0
0.0
1.0
0.0
0.0
1.0
0.0
0.0
1.0
0.0
2.0
0.0
1.0
0.0
0.0
1.0
0.0
1.0
0.0
1.0
0.0
0.0
0.0
0.0
0.0
1.0
0.0
0.0
0.0
0.0
2.0
0.0
1.0
0.0
0.0
0.0
1.0
1.0
0.0
1.0
0.0
0.0
2.0
0.0
1.0
0.0
0.0
1.0
0.0
0.0
2.0
0.0
0.0
2.0
0.0
0.0
2.0
0.0
0.0
0.0
0.0
1.0
1.0
0.0
0.0
0.0
0.0
0.0
0.0
0.0
1.0
0.0
0.0
0.0
1.0
1.0
0.0
1.0
0.0
0.0
0.0
1.0
0.0
0.0
0.0
2.0
0.0
0.0
0.0
0.0
0.0
0.0
0.0
2.0
1.0
0.0
0.0
0.0
0.0
1.0
1.0
0.0
1.0
0.0
1.0
1.0
1.0
0.0
2.0
0.0
1.0
0.0
0.0
0.0
0.0
0.0
1.0
0.0
1.0
2.0
0.0
1.0
0.0
2.0
1.0
0.0
1.0
0.0
0.0
0.0
0.0
0.0
0.0
1.0
0.0
1.0
0.0
1.0
0.0
0.0
0.0
1.0
0.0
0.0
0.0
0.0
1.0
1.0
0.0
0.0
0.0
0.0
0.0
2.0
1.0
0.0
0.0
1.0
1.0
1.0
0.0
0.0
0.0
0.0
1.0
0.0
1.0
0.0
0.0
0.0
0.0
2.0
0.0
1.0
0.0
0.0
1.0
1.0
0.0
0.0
1.0
0.0
2.0
0.0
0.0
0.0
1.0
0.0
0.0
0.0
0.0
0.0
0.0
1.0
0.0
0.0
0.0
0.0
0.0
0.0
0.0
0.0
0.0
0.0
1.0
1.0
0.0
0.0
0.0
0.0
0.0
0.0
0.0
0.0
0.0
0.0
0.0
0.0
0.0
0.0
0.0
0.0
0.0
0.0
0.0
1.0
1.0
1.0
0.0
0.0
1.0
0.0
0.0
0.0
0.0
0.0
2.0
0.0
0.0
1.0
0.0
0.0
0.0
0.0
1.0
0.0
0.0
3.0
1.0
2.0
0.0
1.0
1.0
0.0
0.0
0.0
1.0
0.0
1.0
0.0
0.0
0.0
1.0
0.0
0.0
0.0
0.0
0.0
0.0
0.0
0.0
1.0
0.0
0.0
0.0
0.0
0.0
1.0
1.0
0.0
1.0
2.0
0.0
0.0
0.0
1.0
0.0
0.0
0.0
0.0
0.0
0.0
0.0
0.0
1.0
0.0
0.0
0.0
0.0
0.0
0.0
1.0
0.0
0.0
0.0
0.0
3.0
1.0
0.0
0.0
0.0
0.0
2.0
0.0
1.0
0.0
1.0
0.0
0.0
0.0
1.0
0.0
1.0
1.0
0.0
0.0
0.0
0.0
0.0
1.0
0.0
1.0
0.0
1.0
0.0
0.0
0.0
0.0
0.0
0.0
1.0
0.0
0.0
1.0
0.0
0.0
0.0
0.0
0.0
0.0
1.0
0.0
0.0
0.0
0.0
1.0
0.0
0.0
0.0
0.0
1.0
0.0
0.0
0.0
0.0
0.0
0.0
0.0
0.0
1.0
0.0
0.0
0.0
0.0
0.0
0.0
0.0
1.0
0.0
0.0
1.0
0.0
0.0
0.0
1.0
0.0
1.0
0.0
0.0
0.0
0.0
0.0
0.0
1.0
0.0
0.0
0.0
0.0
2.0
0.0
0.0
0.0
0.0
1.0
0.0
0.0
0.0
0.0
0.0
0.0
1.0
0.0
0.0
0.0
2.0
1.0
0.0
0.0
1.0
0.0
0.0
0.0
0.0
0.0
0.0
0.0
0.0
0.0
0.0
0.0
1.0
0.0
0.0
0.0
0.0
0.0
0.0
0.0
0.0
1.0
0.0
0.0
0.0
0.0
1.0
0.0
0.0
0.0
1.0
0.0
0.0
1.0
0.0
0.0
0.0
1.0
0.0
0.0
1.0
0.0
0.0
0.0
0.0
0.0
1.0
2.0
0.0
0.0
0.0
0.0
1.0
0.0
0.0
0.0
0.0
0.0
0.0
1.0
0.0
0.0
0.0
1.0
0.0
0.0
0.0
0.0
0.0
0.0
0.0
0.0
0.0
0.0
0.0
0.0
0.0
0.0
0.0
0.0
0.0
0.0
0.0
1.0
0.0
0.0
0.0
0.0
0.0
0.0
0.0
0.0
0.0
0.0
0.0
0.0
0.0
1.0
0.0
0.0
1.0
0.0
0.0
0.0
0.0
0.0
0.0
0.0
0.0
0.0
0.0
1.0
1.0
0.0
0.0
0.0
0.0
0.0
0.0
0.0
0.0
0.0
0.0
0.0
1.0
0.0
0.0
0.0
0.0
0.0
0.0
0.0
1.0
0.0
0.0
0.0
0.0
1.0
0.0
0.0
0.0
0.0
1.0
0.0
0.0
0.0
0.0
0.0
0.0
0.0
0.0
0.0
0.0
0.0
0.0
0.0
0.0
0.0
0.0
0.0
0.0
0.0
0.0
0.0
0.0
0.0
0.0
1.0
0.0
0.0
0.0
0.0
0.0
0.0
0.0
0.0
0.0
0.0
0.0
0.0
0.0
0.0
0.0
0.0
0.0
0.0
0.0
0.0
0.0
0.0
0.0
0.0
0.0
0.0
0.0
0.0
0.0
1.0
0.0
0.0
0.0
0.0
0.0
0.0
0.0
0.0
0.0
1.0
0.0
0.0
0.0
0.0
0.0
0.0
0.0
0.0
1.0
0.0
0.0
0.0
0.0
0.0
1.0
0.0
0.0
1.0
0.0
0.0
0.0
0.0
0.0
1.0
0.0
0.0
0.0
1.0
0.0
0.0
2.0
1.0
0.0
1.0
1.0
1.0
0.0
0.0
1.0
0.0
0.0
0.0
2.0
1.0
0.0
0.0
0.0
0.0
0.0
0.0
0.0
0.0
0.0
0.0
1.0
0.0
0.0
1.0
0.0
0.0
1.0
0.0
0.0
0.0
0.0
0.0
0.0
0.0
0.0
0.0
0.0
0.0
0.0
0.0
0.0
0.0
0.0
0.0
0.0
0.0
1.0
0.0
0.0
1.0
0.0
0.0
0.0
0.0
0.0
0.0
0.0
0.0
0.0
0.0
0.0
0.0
0.0
0.0
0.0
0.0
0.0
0.0
0.0
0.0
0.0
0.0
0.0
0.0
0.0
0.0
0.0
0.0
0.0
1.0
0.0
0.0
0.0
0.0
1.0
0.0
0.0
0.0
0.0
0.0
0.0
0.0
0.0
0.0
0.0
0.0
0.0
0.0
0.0
0.0
0.0
0.0
0.0
0.0
1.0
0.0
0.0
0.0
0.0
0.0
0.0
0.0
0.0
0.0
0.0
0.0
0.0
0.0
0.0
0.0
0.0
0.0
0.0
0.0
0.0
0.0
0.0
0.0
0.0
0.0
0.0
0.0
0.0
0.0
0.0
1.0
0.0
0.0
0.0
0.0
0.0
0.0
0.0
0.0
0.0
0.0
1.0
0.0
0.0
0.0
0.0
0.0
0.0
0.0
0.0
0.0
0.0
0.0
0.0
0.0
0.0
0.0
0.0
0.0
0.0
0.0
0.0
0.0
0.0
0.0
0.0
0.0
0.0
0.0
0.0
0.0
0.0
0.0
0.0
0.0
0.0
0.0
0.0
0.0
0.0
0.0
1.0
0.0
0.0
0.0
0.0
0.0
0.0
0.0
0.0
0.0
0.0
0.0
0.0
1.0
0.0
0.0
0.0
0.0
0.0
0.0
0.0
0.0
0.0
0.0
0.0
0.0
1.0
0.0
0.0
0.0
0.0
0.0
0.0
0.0
0.0
0.0
0.0
0.0
1.0
0.0
0.0
1.0
0.0
0.0
0.0
0.0
0.0
0.0
1.0
0.0
0.0
0.0
0.0
0.0
0.0
0.0
0.0
0.0
0.0
0.0
0.0
0.0
0.0
0.0
0.0
0.0
0.0
0.0
0.0
0.0
0.0
0.0
0.0
0.0
0.0
0.0
0.0
0.0
0.0
0.0
0.0
0.0
0.0
0.0
0.0
0.0
0.0
0.0
0.0
0.0
0.0
0.0
0.0
0.0
0.0
0.0
0.0
0.0
0.0
0.0
0.0
0.0
0.0
0.0
0.0
0.0
0.0
0.0
0.0
0.0
0.0
0.0
0.0
0.0
0.0
0.0
0.0
0.0
0.0
0.0
0.0
0.0
0.0
1.0
1.0
0.0
0.0
0.0
1.0
0.0
0.0
0.0
0.0
0.0
0.0
0.0
0.0
0.0
0.0
0.0
0.0
0.0
0.0
0.0
0.0
0.0
0.0
0.0
0.0
0.0
0.0
0.0
0.0
0.0
0.0
0.0
0.0
0.0
0.0
0.0
0.0
0.0
0.0
0.0
0.0
0.0
1.0
0.0
0.0
0.0
0.0
0.0
0.0
0.0
0.0
0.0
0.0
0.0
0.0
0.0
0.0
0.0
0.0
0.0
0.0
0.0
0.0
0.0
0.0
0.0
0.0
0.0
0.0
0.0
0.0
0.0
0.0
0.0
0.0
0.0
0.0
0.0
0.0
0.0
0.0
0.0
0.0
1.0
0.0
0.0
0.0
0.0
0.0
0.0
0.0
1.0
0.0
0.0
0.0
1.0
0.0
0.0
0.0
0.0
0.0
0.0
0.0
0.0
0.0
1.0
0.0
0.0
0.0
0.0
0.0
0.0
0.0
0.0
0.0
0.0
0.0
0.0
0.0
0.0
0.0
0.0
0.0
0.0
0.0
0.0
0.0
0.0
0.0
0.0
0.0
0.0
0.0
0.0
0.0
0.0
0.0
0.0
0.0
0.0
0.0
0.0
0.0
0.0
0.0
0.0
0.0
0.0
0.0
0.0
0.0
0.0
0.0
0.0
0.0
0.0
0.0
0.0
0.0
0.0
0.0
0.0
0.0
0.0
0.0
1.0
0.0
0.0
0.0
0.0
0.0
0.0
0.0
0.0
0.0
0.0
0.0
0.0
0.0
0.0
0.0
0.0
0.0
0.0
0.0
0.0
0.0
0.0
0.0
0.0
0.0
0.0
0.0
0.0
0.0
0.0
0.0
0.0
0.0
0.0
0.0
0.0
0.0
0.0
0.0
0.0
0.0
0.0
0.0
0.0
0.0
0.0
0.0
0.0
0.0
0.0
0.0
0.0
0.0
0.0
0.0
0.0
0.0
0.0
0.0
0.0
0.0
0.0
0.0
0.0
0.0
0.0
0.0
0.0
0.0
0.0
0.0
0.0
0.0
0.0
0.0
0.0
0.0
0.0
0.0
0.0
0.0
0.0
0.0
0.0
0.0
0.0
0.0
0.0
0.0
0.0
0.0
0.0
0.0
0.0
0.0
0.0
0.0
0.0
0.0
0.0
0.0
0.0
0.0
0.0
0.0
0.0
0.0
0.0
0.0
0.0
0.0
0.0
0.0
0.0
0.0
0.0
0.0
0.0
0.0
0.0
0.0
0.0
0.0
0.0
0.0
0.0
0.0
0.0
0.0
0.0
0.0
0.0
0.0
0.0
0.0
0.0
0.0
0.0
0.0
0.0
0.0
0.0
0.0
0.0
0.0
0.0
0.0
0.0
0.0
0.0
0.0
0.0
0.0
0.0
0.0
0.0
0.0
0.0
0.0
0.0
0.0
0.0
0.0
0.0
0.0
0.0
0.0
0.0
0.0
0.0
0.0
0.0
0.0
0.0
0.0
0.0
0.0
0.0
0.0
0.0
0.0
1.0
0.0
0.0
0.0
0.0
0.0
0.0
0.0
0.0
0.0
0.0
0.0
0.0
0.0
0.0
0.0
0.0
0.0
0.0
0.0
0.0
0.0
0.0
0.0
0.0
0.0
0.0
0.0
0.0
0.0
0.0
0.0
0.0
0.0
0.0
0.0
0.0
0.0
0.0
0.0
0.0
0.0
0.0
0.0
0.0
0.0
0.0
0.0
0.0
0.0
0.0
0.0
0.0
0.0
0.0
0.0
0.0
0.0
0.0
0.0
0.0
0.0
0.0
0.0
0.0
0.0
0.0
0.0
0.0
0.0
0.0
0.0
0.0
0.0
0.0
0.0
0.0
0.0
0.0
0.0
0.0
0.0
0.0
0.0
0.0
0.0
0.0
0.0
0.0
0.0
0.0
0.0
0.0
0.0
0.0
0.0
0.0
0.0
0.0
0.0
0.0
0.0
0.0
0.0
0.0
0.0
0.0
0.0
0.0
0.0
0.0
0.0
0.0
0.0
0.0
0.0
1.0
0.0
0.0
0.0
0.0
0.0
0.0
0.0
0.0
0.0
0.0
0.0
0.0
0.0
0.0
0.0
0.0
0.0
0.0
0.0
0.0
0.0
0.0
0.0
0.0
0.0
0.0
0.0
0.0
0.0
0.0
0.0
0.0
0.0
0.0
0.0
0.0
0.0
0.0
0.0
0.0
0.0
0.0
0.0
0.0
0.0
0.0
0.0
0.0
0.0
0.0
0.0
0.0
0.0
0.0
0.0
0.0
0.0
0.0
0.0
0.0
0.0
0.0
0.0
0.0
0.0
0.0
0.0
0.0
0.0
0.0
0.0
0.0
0.0
0.0
0.0
0.0
0.0
0.0
0.0
0.0
0.0
0.0
0.0
0.0
0.0
0.0
0.0
0.0
0.0
0.0
0.0
0.0
0.0
0.0
0.0
0.0
0.0
0.0
0.0
0.0
0.0
0.0
0.0
0.0
0.0
0.0
0.0
0.0
0.0
0.0
0.0
0.0
0.0
1.0
0.0
0.0
0.0
0.0
0.0
1.0
0.0
0.0
0.0
0.0
0.0
0.0
0.0
0.0
0.0
0.0
1.0
0.0
0.0
0.0
0.0
0.0
0.0
0.0
0.0
0.0
0.0
0.0
0.0
0.0
0.0
0.0
0.0
0.0
0.0
0.0
0.0
0.0
0.0
0.0
0.0
0.0
0.0
0.0
0.0
0.0
0.0
0.0
0.0
0.0
0.0
0.0
0.0
0.0
0.0
0.0
0.0
0.0
0.0
0.0
0.0
0.0
0.0
0.0
0.0
0.0
0.0
0.0
0.0
0.0
0.0
0.0
0.0
0.0
0.0
0.0
0.0
0.0
0.0
0.0
0.0
0.0
0.0
0.0
0.0
0.0
0.0
0.0
0.0
0.0
0.0
0.0
0.0
0.0
0.0
0.0
0.0
0.0
0.0
0.0
0.0
0.0
0.0
0.0
0.0
0.0
0.0
0.0
0.0
0.0
0.0
0.0
0.0
0.0
0.0
0.0
0.0
0.0
0.0
0.0
0.0
0.0
0.0
0.0
0.0
0.0
0.0
0.0
0.0
0.0
0.0
0.0
0.0
0.0
0.0
0.0
0.0
0.0
0.0
0.0
0.0
0.0
0.0
0.0
1.0
0.0
0.0
0.0
0.0
0.0
0.0
0.0
0.0
0.0
0.0
0.0
0.0
0.0
0.0
0.0
0.0
0.0
0.0
0.0
0.0
0.0
0.0
0.0
0.0
0.0
0.0
0.0
0.0
0.0
0.0
0.0
0.0
0.0
0.0
0.0
0.0
0.0
0.0
0.0
0.0
0.0
0.0
0.0
0.0
0.0
0.0
0.0
0.0
0.0
0.0
0.0
0.0
0.0
0.0
0.0
0.0
0.0
0.0
0.0
0.0
0.0
0.0
0.0
0.0
0.0
0.0
0.0
0.0
0.0
0.0
0.0
0.0
0.0
0.0
0.0
0.0
0.0
0.0
0.0
0.0
0.0
0.0
0.0
0.0
0.0
0.0
0.0
0.0
0.0
0.0
0.0
0.0
0.0
0.0
0.0
0.0
0.0
0.0
0.0
0.0
0.0
0.0
0.0
0.0
0.0
0.0
0.0
0.0
0.0
0.0
0.0
0.0
0.0
0.0
0.0
0.0
0.0
0.0
0.0
0.0
0.0
0.0
0.0
0.0
0.0
0.0
0.0
0.0
0.0
0.0
0.0
0.0
0.0
0.0
0.0
0.0
0.0
0.0
0.0
0.0
0.0
0.0
0.0
0.0
0.0
0.0
0.0
0.0
0.0
0.0
0.0
0.0
0.0
0.0
0.0
0.0
0.0
0.0
0.0
0.0
0.0
0.0
0.0
0.0
0.0
0.0
0.0
0.0
0.0
0.0
0.0
0.0
0.0
0.0
0.0
0.0
0.0
1.0
0.0
0.0
0.0
0.0
0.0
0.0
0.0
0.0
0.0
0.0
0.0
0.0
0.0
0.0
0.0
0.0
0.0
0.0
0.0
0.0
0.0
0.0
0.0
0.0
0.0
0.0
0.0
0.0
0.0
0.0
0.0
0.0
0.0
0.0
0.0
0.0
0.0
0.0
0.0
0.0
0.0
0.0
0.0
0.0
0.0
0.0
0.0
0.0
0.0
0.0
0.0
0.0
0.0
0.0
0.0
0.0
0.0
0.0
0.0
0.0
0.0
0.0
0.0
0.0
0.0
0.0
0.0
0.0
0.0
0.0
0.0
0.0
0.0
0.0
0.0
0.0
0.0
0.0
0.0
0.0
0.0
0.0
0.0
0.0
0.0
0.0
0.0
0.0
0.0
0.0
0.0
0.0
0.0
0.0
0.0
0.0
0.0
0.0
0.0
0.0
0.0
0.0
0.0
0.0
0.0
0.0
0.0
0.0
0.0
0.0
0.0
0.0
0.0
0.0
0.0
0.0
0.0
0.0
0.0
0.0
0.0
0.0
0.0
0.0
0.0
0.0
0.0
0.0
0.0
0.0
0.0
0.0
0.0
0.0
0.0
0.0
0.0
0.0
0.0
0.0
0.0
0.0
0.0
0.0
0.0
0.0
0.0
0.0
0.0
0.0
0.0
0.0
0.0
0.0
0.0
0.0
0.0
0.0
0.0
0.0
0.0
0.0
0.0
0.0
0.0
0.0
0.0
0.0
0.0
0.0
0.0
0.0
0.0
0.0
0.0
0.0
0.0
0.0
0.0
0.0
0.0
0.0
0.0
0.0
0.0
0.0
0.0
0.0
0.0
0.0
0.0
0.0
0.0
0.0
0.0
0.0
0.0
0.0
0.0
0.0
0.0
0.0
0.0
0.0
0.0
0.0
0.0
0.0
0.0
0.0
0.0
0.0
0.0
0.0
0.0
0.0
0.0
0.0
0.0
0.0
0.0
0.0
0.0
0.0
0.0
0.0
0.0
0.0
0.0
0.0
0.0
0.0
0.0
0.0
0.0
0.0
0.0
0.0
0.0
0.0
0.0
0.0
0.0
0.0
0.0
0.0
0.0
0.0
0.0
0.0
0.0
0.0
0.0
0.0
0.0
0.0
0.0
0.0
0.0
0.0
0.0
0.0
0.0
0.0
0.0
0.0
0.0
0.0
0.0
0.0
0.0
0.0
0.0
0.0
1.0
0.0
0.0
0.0
0.0
0.0
0.0
0.0
0.0
0.0
0.0
0.0
0.0
0.0
0.0
0.0
0.0
0.0
0.0
0.0
0.0
0.0
0.0
0.0
0.0
0.0
0.0
0.0
0.0
0.0
0.0
0.0
0.0
0.0
0.0
0.0
0.0
0.0
0.0
0.0
0.0
0.0
0.0
0.0
0.0
0.0
0.0
0.0
0.0
0.0
0.0
0.0
0.0
0.0
0.0
0.0
0.0
0.0
0.0
0.0
0.0
0.0
0.0
0.0
1.0
0.0
0.0
0.0
0.0
0.0
0.0
0.0
0.0
0.0
0.0
0.0
0.0
0.0
0.0
0.0
0.0
0.0
0.0
0.0
0.0
0.0
0.0
0.0
0.0
0.0
0.0
0.0
0.0
0.0
0.0
0.0
0.0
0.0
0.0
0.0
0.0
0.0
0.0
0.0
0.0
0.0
0.0
0.0
0.0
0.0
0.0
0.0
0.0
0.0
0.0
0.0
0.0
0.0
0.0
0.0
0.0
0.0
0.0
0.0
0.0
0.0
0.0
0.0
0.0
0.0
0.0
0.0
0.0
0.0
0.0
0.0
0.0
0.0
0.0
0.0
0.0
0.0
0.0
0.0
0.0
0.0
0.0
0.0
0.0
0.0
0.0
0.0
0.0
0.0
0.0
0.0
0.0
0.0
0.0
0.0
0.0
0.0
0.0
0.0
0.0
0.0
0.0
0.0
0.0
0.0
0.0
0.0
0.0
0.0
0.0
0.0
0.0
0.0
0.0
0.0
0.0
0.0
0.0
0.0
0.0
1.0
0.0
0.0
0.0
0.0
0.0
0.0
0.0
0.0
0.0
0.0
0.0
0.0
0.0
0.0
0.0
0.0
0.0
0.0
0.0
0.0
0.0
0.0
0.0
0.0
0.0
0.0
0.0
0.0
0.0
0.0
0.0
0.0
0.0
0.0
0.0
0.0
0.0
0.0
0.0
0.0
0.0
0.0
0.0
0.0
0.0
0.0
0.0
0.0
0.0
0.0
0.0
0.0
0.0
0.0
0.0
0.0
0.0
0.0
0.0
0.0
0.0
0.0
0.0
0.0
0.0
0.0
0.0
0.0
0.0
0.0
0.0
0.0
0.0
0.0
0.0
0.0
0.0
0.0
0.0
0.0
0.0
0.0
0.0
0.0
0.0
0.0
0.0
0.0
0.0
0.0
0.0
0.0
0.0
0.0
0.0
0.0
0.0
0.0
0.0
0.0
0.0
0.0
0.0
0.0
0.0
0.0
0.0
0.0
0.0
0.0
0.0
0.0
0.0
0.0
0.0
0.0
0.0
0.0
0.0
0.0
0.0
0.0
0.0
0.0
0.0
0.0
0.0
0.0
0.0
0.0
0.0
0.0
0.0
0.0
0.0
0.0
0.0
1.0
0.0
0.0
0.0
0.0
0.0
0.0
0.0
0.0
0.0
0.0
0.0
0.0
0.0
0.0
0.0
0.0
0.0
0.0
0.0
0.0
0.0
0.0
0.0
0.0
0.0
0.0
0.0
0.0
0.0
0.0
0.0
0.0
0.0
0.0
0.0
0.0
0.0
0.0
0.0
0.0
0.0
0.0
0.0
0.0
0.0
0.0
0.0
0.0
0.0
0.0
0.0
0.0
0.0
0.0
0.0
0.0
0.0
0.0
0.0
0.0
0.0
0.0
0.0
0.0
0.0
0.0
0.0
0.0
0.0
0.0
0.0
0.0
0.0
0.0
0.0
0.0
0.0
0.0
0.0
0.0
0.0
0.0
0.0
0.0
0.0
0.0
0.0
0.0
0.0
0.0
0.0
0.0
0.0
0.0
0.0
0.0
0.0
0.0
0.0
0.0
0.0
0.0
0.0
0.0
0.0
0.0
0.0
0.0
0.0
0.0
0.0
0.0
0.0
0.0
0.0
0.0
0.0
0.0
0.0
0.0
0.0
0.0
0.0
0.0
0.0
0.0
0.0
0.0
0.0
0.0
0.0
0.0
0.0
0.0
0.0
0.0
0.0
0.0
0.0
0.0
0.0
0.0
0.0
0.0
0.0
0.0
0.0
0.0
0.0
0.0
0.0
0.0
0.0
0.0
0.0
0.0
0.0
0.0
0.0
0.0
0.0
0.0
0.0
0.0
0.0
0.0
0.0
0.0
0.0
0.0
0.0
0.0
0.0
0.0
0.0
0.0
0.0
0.0
0.0
0.0
0.0
0.0
0.0
0.0
0.0
0.0
0.0
0.0
0.0
0.0
0.0
0.0
0.0
0.0
0.0
0.0
0.0
0.0
0.0
0.0
0.0
0.0
0.0
0.0
0.0
0.0
0.0
0.0
0.0
0.0
0.0
0.0
0.0
0.0
0.0
0.0
0.0
0.0
0.0
0.0
0.0
0.0
0.0
0.0
0.0
0.0
0.0
0.0
0.0
0.0
0.0
0.0
0.0
0.0
0.0
0.0
0.0
0.0
0.0
0.0
0.0
0.0
0.0
0.0
0.0
0.0
0.0
0.0
0.0
0.0
0.0
0.0
0.0
0.0
0.0
0.0
0.0
0.0
0.0
0.0
0.0
0.0
0.0
0.0
0.0
0.0
0.0
0.0
0.0
0.0
0.0
0.0
0.0
0.0
0.0
0.0
0.0
0.0
0.0
0.0
0.0
0.0
0.0
0.0
0.0
0.0
0.0
0.0
0.0
0.0
0.0
0.0
0.0
0.0
0.0
0.0
0.0
0.0
0.0
0.0
0.0
0.0
0.0
0.0
0.0
0.0
0.0
0.0
0.0
0.0
0.0
0.0
0.0
0.0
0.0
0.0
0.0
0.0
0.0
0.0
0.0
0.0
0.0
0.0
0.0
0.0
0.0
0.0
0.0
0.0
0.0
0.0
0.0
0.0
0.0
0.0
0.0
0.0
0.0
0.0
0.0
0.0
0.0
0.0
0.0
0.0
0.0
0.0
0.0
0.0
0.0
0.0
0.0
0.0
0.0
0.0
0.0
0.0
0.0
0.0
0.0
0.0
0.0
0.0
0.0
0.0
0.0
0.0
0.0
0.0
0.0
0.0
0.0
0.0
0.0
0.0
0.0
0.0
0.0
0.0
0.0
0.0
0.0
0.0
0.0
0.0
0.0
0.0
0.0
0.0
0.0
0.0
0.0
0.0
0.0
0.0
0.0
0.0
0.0
0.0
0.0
0.0
0.0
0.0
0.0
0.0
0.0
0.0
0.0
0.0
0.0
0.0
0.0
0.0
0.0
0.0
0.0
0.0
0.0
0.0
0.0
0.0
0.0
0.0
0.0
0.0
0.0
0.0
0.0
0.0
0.0
0.0
0.0
0.0
0.0
0.0
0.0
0.0
0.0
0.0
0.0
0.0
0.0
0.0
0.0
0.0
0.0
0.0
0.0
0.0
0.0
0.0
0.0
0.0
0.0
0.0
0.0
0.0
0.0
0.0
0.0
0.0
0.0
0.0
0.0
0.0
0.0
0.0
0.0
0.0
0.0
0.0
0.0
0.0
0.0
0.0
0.0
0.0
0.0
0.0
0.0
0.0
0.0
0.0
0.0
0.0
0.0
0.0
0.0
0.0
0.0
0.0
0.0
0.0
0.0
0.0
0.0
0.0
0.0
0.0
0.0
0.0
0.0
0.0
0.0
0.0
0.0
0.0
0.0
0.0
0.0
0.0
0.0
0.0
0.0
0.0
0.0
0.0
0.0
0.0
0.0
0.0
1.0
0.0
0.0
0.0
0.0
0.0
0.0
0.0
0.0
0.0
0.0
0.0
0.0
0.0
0.0
0.0
0.0
0.0
0.0
0.0
0.0
0.0
0.0
0.0
0.0
0.0
0.0
0.0
0.0
0.0
0.0
0.0
0.0
0.0
0.0
0.0
0.0
0.0
0.0
0.0
0.0
0.0
0.0
0.0
0.0
0.0
0.0
0.0
0.0
0.0
0.0
0.0
0.0
0.0
0.0
0.0
0.0
0.0
0.0
0.0
0.0
0.0
1.0
0.0
0.0
0.0
0.0
0.0
0.0
0.0
0.0
0.0
0.0
0.0
0.0
0.0
0.0
0.0
0.0
0.0
0.0
0.0
0.0
0.0
0.0
0.0
0.0
0.0
0.0
0.0
0.0
0.0
0.0
0.0
0.0
0.0
0.0
0.0
0.0
0.0
0.0
0.0
0.0
0.0
0.0
0.0
0.0
0.0
0.0
0.0
0.0
0.0
0.0
0.0
0.0
0.0
0.0
0.0
0.0
0.0
0.0
0.0
0.0
0.0
0.0
0.0
0.0
0.0
0.0
0.0
0.0
0.0
0.0
0.0
0.0
0.0
0.0
0.0
0.0
0.0
0.0
0.0
0.0
0.0
0.0
0.0
0.0
0.0
0.0
0.0
0.0
0.0
0.0
0.0
0.0
0.0
0.0
0.0
0.0
0.0
0.0
0.0
0.0
0.0
0.0
0.0
0.0
0.0
0.0
0.0
0.0
0.0
0.0
0.0
0.0
0.0
0.0
0.0
0.0
0.0
0.0
0.0
0.0
0.0
0.0
0.0
0.0
0.0
0.0
0.0
0.0
0.0
0.0
0.0
0.0
0.0
0.0
0.0
0.0
0.0
0.0
0.0
0.0
0.0
0.0
0.0
0.0
0.0
0.0
0.0
0.0
0.0
0.0
0.0
0.0
0.0
0.0
0.0
0.0
0.0
0.0
0.0
0.0
0.0
0.0
0.0
0.0
0.0
0.0
0.0
0.0
0.0
0.0
0.0
0.0
0.0
0.0
0.0
0.0
0.0
0.0
0.0
0.0
0.0
0.0
0.0
0.0
0.0
0.0
0.0
0.0
0.0
0.0
0.0
0.0
0.0
0.0
0.0
0.0
0.0
0.0
0.0
0.0
0.0
0.0
0.0
0.0
0.0
0.0
0.0
0.0
0.0
0.0
0.0
0.0
0.0
0.0
0.0
0.0
0.0
0.0
0.0
0.0
0.0
0.0
0.0
0.0
0.0
0.0
0.0
0.0
0.0
0.0
0.0
0.0
0.0
0.0
0.0
0.0
0.0
0.0
0.0
0.0
0.0
0.0
0.0
0.0
0.0
0.0
0.0
0.0
0.0
0.0
0.0
0.0
0.0
0.0
0.0
0.0
0.0
0.0
0.0
0.0
0.0
0.0
0.0
0.0
0.0
0.0
0.0
0.0
0.0
0.0
0.0
0.0
0.0
0.0
0.0
0.0
0.0
0.0
0.0
0.0
0.0
0.0
0.0
0.0
0.0
0.0
0.0
0.0
0.0
0.0
0.0
0.0
0.0
0.0
0.0
0.0
0.0
0.0
0.0
0.0
0.0
0.0
0.0
0.0
0.0
0.0
0.0
0.0
0.0
0.0
0.0
0.0
0.0
0.0
0.0
0.0
0.0
0.0
0.0
0.0
0.0
0.0
0.0
0.0
0.0
0.0
0.0
0.0
0.0
0.0
0.0
0.0
0.0
0.0
0.0
0.0
0.0
0.0
0.0
0.0
0.0
0.0
0.0
0.0
0.0
0.0
0.0
0.0
0.0
0.0
0.0
0.0
0.0
0.0
0.0
1.0
0.0
0.0
0.0
0.0
0.0
0.0
0.0
0.0
0.0
0.0
0.0
0.0
0.0
0.0
0.0
0.0
0.0
0.0
0.0
0.0
0.0
0.0
0.0
0.0
0.0
0.0
0.0
0.0
0.0
0.0
0.0
0.0
0.0
0.0
0.0
0.0
0.0
0.0
0.0
0.0
0.0
0.0
0.0
0.0
0.0
0.0
0.0
0.0
0.0
0.0
0.0
0.0
0.0
0.0
0.0
0.0
0.0
0.0
0.0
0.0
0.0
0.0
0.0
0.0
0.0
0.0
0.0
0.0
0.0
0.0
0.0
0.0
0.0
0.0
0.0
0.0
0.0
0.0
0.0
0.0
0.0
0.0
0.0
0.0
0.0
0.0
0.0
0.0
0.0
0.0
0.0
0.0
1.0
0.0
0.0
0.0
0.0
0.0
0.0
0.0
0.0
0.0
0.0
0.0
0.0
0.0
0.0
0.0
0.0
0.0
0.0
0.0
0.0
0.0
0.0
0.0
1.0
0.0
0.0
0.0
0.0
0.0
0.0
0.0
0.0
0.0
0.0
0.0
0.0
0.0
0.0
0.0
0.0
0.0
0.0
0.0
0.0
0.0
0.0
0.0
0.0
0.0
0.0
0.0
0.0
0.0
0.0
0.0
0.0
0.0
0.0
0.0
0.0
0.0
0.0
0.0
0.0
0.0
0.0
0.0
0.0
0.0
0.0
0.0
0.0
0.0
0.0
0.0
0.0
0.0
0.0
0.0
0.0
0.0
0.0
0.0
0.0
0.0
0.0
0.0
0.0
0.0
0.0
0.0
0.0
0.0
0.0
0.0
0.0
0.0
0.0
0.0
0.0
0.0
0.0
0.0
0.0
0.0
0.0
0.0
0.0
0.0
0.0
0.0
0.0
0.0
0.0
0.0
0.0
0.0
0.0
0.0
0.0
0.0
0.0
0.0
0.0
0.0
0.0
0.0
0.0
0.0
0.0
0.0
0.0
0.0
0.0
0.0
0.0
0.0
0.0
0.0
0.0
0.0
0.0
0.0
0.0
0.0
0.0
0.0
0.0
0.0
0.0
0.0
0.0
0.0
0.0
0.0
0.0
0.0
0.0
0.0
0.0
0.0
0.0
0.0
0.0
0.0
0.0
0.0
0.0
0.0
0.0
0.0
0.0
0.0
0.0
0.0
0.0
0.0
0.0
0.0
0.0
0.0
0.0
0.0
0.0
0.0
0.0
0.0
0.0
0.0
0.0
0.0
0.0
0.0
0.0
0.0
0.0
0.0
0.0
0.0
0.0
0.0
0.0
0.0
0.0
0.0
0.0
0.0
0.0
0.0
0.0
0.0
0.0
0.0
1.0
0.0
0.0
0.0
0.0
0.0
0.0
0.0
0.0
0.0
0.0
0.0
0.0
0.0
0.0
0.0
0.0
0.0
0.0
0.0
0.0
0.0
0.0
0.0
0.0
0.0
0.0
0.0
0.0
0.0
0.0
0.0
0.0
0.0
0.0
0.0
0.0
0.0
0.0
0.0
0.0
0.0
0.0
0.0
0.0
0.0
0.0
0.0
0.0
0.0
0.0
0.0
0.0
0.0
0.0
0.0
0.0
0.0
0.0
0.0
0.0
0.0
0.0
0.0
0.0
0.0
0.0
0.0
0.0
0.0
0.0
0.0
0.0
0.0
0.0
0.0
0.0
0.0
0.0
0.0
0.0
0.0
0.0
0.0
0.0
0.0
0.0
0.0
0.0
0.0
0.0
0.0
0.0
0.0
0.0
0.0
0.0
0.0
0.0
0.0
0.0
0.0
0.0
0.0
0.0
0.0
0.0
0.0
0.0
0.0
0.0
0.0
0.0
0.0
0.0
0.0
0.0
0.0
0.0
0.0
0.0
0.0
0.0
0.0
0.0
0.0
0.0
0.0
0.0
0.0
0.0
0.0
0.0
0.0
0.0
0.0
0.0
0.0
0.0
0.0
0.0
0.0
0.0
0.0
0.0
0.0
0.0
0.0
0.0
0.0
0.0
0.0
0.0
0.0
0.0
0.0
0.0
0.0
0.0
0.0
0.0
0.0
0.0
0.0
0.0
0.0
0.0
0.0
0.0
0.0
0.0
0.0
0.0
0.0
0.0
1.0
0.0
0.0
0.0
0.0
0.0
0.0
0.0
0.0
0.0
0.0
0.0
0.0
0.0
0.0
0.0
0.0
0.0
0.0
0.0
0.0
0.0
0.0
0.0
0.0
0.0
0.0
0.0
0.0
0.0
0.0
0.0
0.0
0.0
0.0
0.0
0.0
0.0
0.0
0.0
0.0
0.0
0.0
0.0
0.0
0.0
0.0
0.0
0.0
0.0
0.0
0.0
0.0
0.0
0.0
0.0
0.0
0.0
0.0
0.0
0.0
0.0
0.0
0.0
0.0
0.0
0.0
0.0
0.0
0.0
0.0
0.0
0.0
0.0
0.0
0.0
0.0
0.0
0.0
0.0
0.0
0.0
0.0
0.0
0.0
0.0
0.0
0.0
0.0
0.0
0.0
0.0
0.0
0.0
0.0
0.0
0.0
0.0
0.0
0.0
0.0
0.0
0.0
0.0
1.0
0.0
0.0
0.0
0.0
0.0
0.0
0.0
0.0
0.0
0.0
0.0
0.0
0.0
0.0
0.0
0.0
0.0
0.0
0.0
0.0
0.0
0.0
1.0
0.0
0.0
0.0
0.0
0.0
0.0
0.0
0.0
0.0
0.0
0.0
0.0
0.0
0.0
0.0
0.0
0.0
0.0
0.0
0.0
0.0
0.0
0.0
0.0
0.0
0.0
0.0
0.0
0.0
0.0
0.0
0.0
0.0
0.0
0.0
0.0
0.0
0.0
0.0
0.0
0.0
0.0
0.0
0.0
0.0
0.0
0.0
0.0
0.0
0.0
0.0
0.0
0.0
0.0
0.0
0.0
0.0
0.0
0.0
0.0
0.0
0.0
0.0
0.0
0.0
0.0
0.0
0.0
0.0
0.0
0.0
0.0
0.0
0.0
0.0
0.0
0.0
0.0
0.0
0.0
0.0
0.0
0.0
0.0
0.0
0.0
0.0
0.0
0.0
0.0
0.0
0.0
0.0
0.0
0.0
0.0
0.0
0.0
0.0
0.0
0.0
0.0
0.0
0.0
0.0
0.0
0.0
0.0
0.0
0.0
0.0
0.0
0.0
0.0
0.0
0.0
0.0
0.0
0.0
0.0
0.0
0.0
0.0
0.0
0.0
0.0
0.0
0.0
0.0
0.0
0.0
0.0
0.0
0.0
0.0
0.0
0.0
0.0
0.0
0.0
0.0
0.0
0.0
0.0
0.0
0.0
0.0
0.0
0.0
0.0
0.0
0.0
0.0
0.0
0.0
0.0
0.0
0.0
0.0
0.0
0.0
0.0
0.0
0.0
0.0
0.0
0.0
0.0
0.0
0.0
0.0
0.0
0.0
0.0
0.0
0.0
0.0
0.0
0.0
0.0
0.0
0.0
0.0
0.0
0.0
0.0
0.0
0.0
0.0
0.0
0.0
0.0
0.0
0.0
0.0
0.0
0.0
0.0
0.0
0.0
0.0
0.0
0.0
0.0
0.0
0.0
0.0
0.0
0.0
0.0
0.0
0.0
0.0
0.0
0.0
0.0
0.0
0.0
0.0
0.0
0.0
0.0
0.0
0.0
0.0
0.0
0.0
0.0
0.0
0.0
0.0
0.0
0.0
0.0
0.0
0.0
0.0
0.0
0.0
0.0
0.0
0.0
0.0
0.0
0.0
0.0
0.0
0.0
0.0
0.0
0.0
0.0
0.0
0.0
0.0
0.0
0.0
0.0
0.0
0.0
0.0
0.0
0.0
0.0
0.0
0.0
0.0
0.0
0.0
0.0
0.0
0.0
0.0
0.0
0.0
0.0
0.0
0.0
0.0
0.0
0.0
0.0
0.0
0.0
0.0
0.0
0.0
0.0
0.0
0.0
0.0
0.0
0.0
0.0
0.0
0.0
0.0
0.0
0.0
0.0
0.0
0.0
0.0
0.0
0.0
0.0
0.0
0.0
0.0
0.0
0.0
0.0
0.0
0.0
0.0
0.0
0.0
0.0
0.0
0.0
0.0
0.0
0.0
0.0
0.0
0.0
0.0
0.0
0.0
0.0
0.0
0.0
0.0
0.0
0.0
0.0
0.0
0.0
0.0
0.0
0.0
0.0
0.0
0.0
0.0
0.0
0.0
0.0
0.0
0.0
0.0
0.0
0.0
0.0
0.0
0.0
0.0
0.0
0.0
0.0
0.0
0.0
0.0
0.0
0.0
0.0
0.0
0.0
0.0
0.0
0.0
0.0
0.0
0.0
0.0
0.0
0.0
0.0
0.0
0.0
0.0
0.0
0.0
0.0
0.0
0.0
0.0
0.0
0.0
0.0
0.0
0.0
0.0
0.0
0.0
0.0
0.0
0.0
0.0
0.0
0.0
0.0
0.0
0.0
0.0
0.0
0.0
0.0
0.0
0.0
0.0
0.0
0.0
0.0
0.0
0.0
0.0
0.0
0.0
0.0
0.0
0.0
0.0
0.0
0.0
0.0
0.0
0.0
0.0
0.0
0.0
0.0
0.0
0.0
0.0
1.0
0.0
0.0
0.0
0.0
0.0
0.0
0.0
0.0
0.0
0.0
0.0
0.0
0.0
0.0
0.0
0.0
0.0
0.0
0.0
0.0
0.0
0.0
0.0
0.0
0.0
0.0
0.0
0.0
0.0
0.0
0.0
0.0
0.0
0.0
0.0
0.0
0.0
0.0
0.0
0.0
0.0
0.0
0.0
0.0
0.0
0.0
0.0
0.0
0.0
0.0
0.0
0.0
0.0
0.0
0.0
0.0
0.0
0.0
0.0
0.0
0.0
0.0
0.0
0.0
0.0
0.0
0.0
0.0
0.0
0.0
0.0
0.0
0.0
0.0
0.0
0.0
0.0
0.0
0.0
0.0
0.0
0.0
0.0
0.0
0.0
0.0
0.0
0.0
0.0
0.0
0.0
0.0
0.0
0.0
0.0
0.0
0.0
0.0
0.0
0.0
0.0
0.0
0.0
0.0
0.0
0.0
0.0
0.0
0.0
0.0
0.0
0.0
0.0
0.0
0.0
0.0
0.0
0.0
0.0
0.0
0.0
0.0
0.0
0.0
0.0
0.0
0.0
0.0
0.0
0.0
0.0
0.0
0.0
0.0
0.0
0.0
0.0
0.0
0.0
0.0
0.0
0.0
0.0
0.0
0.0
0.0
0.0
0.0
0.0
0.0
0.0
0.0
0.0
0.0
0.0
0.0
0.0
0.0
0.0
0.0
0.0
0.0
0.0
0.0
0.0
0.0
0.0
0.0
0.0
0.0
0.0
0.0
0.0
0.0
0.0
0.0
0.0
0.0
1.0
0.0
0.0
0.0
0.0
0.0
0.0
0.0
0.0
0.0
0.0
0.0
0.0
0.0
0.0
0.0
0.0
0.0
0.0
0.0
0.0
0.0
0.0
0.0
0.0
0.0
0.0
0.0
0.0
0.0
0.0
0.0
0.0
0.0
0.0
0.0
0.0
0.0
0.0
0.0
0.0
0.0
0.0
0.0
0.0
0.0
0.0
0.0
0.0
0.0
0.0
0.0
0.0
0.0
0.0
0.0
0.0
0.0
0.0
0.0
0.0
0.0
0.0
0.0
0.0
0.0
0.0
0.0
0.0
0.0
0.0
0.0
0.0
0.0
0.0
0.0
0.0
0.0
0.0
0.0
0.0
0.0
0.0
0.0
0.0
0.0
0.0
0.0
0.0
0.0
0.0
0.0
0.0
0.0
0.0
0.0
0.0
0.0
0.0
0.0
0.0
0.0
0.0
0.0
0.0
0.0
0.0
0.0
0.0
0.0
0.0
0.0
0.0
0.0
0.0
0.0
0.0
0.0
0.0
0.0
0.0
0.0
0.0
0.0
0.0
0.0
0.0
0.0
0.0
0.0
0.0
0.0
0.0
0.0
0.0
0.0
0.0
0.0
0.0
0.0
0.0
0.0
0.0
0.0
0.0
0.0
0.0
0.0
0.0
0.0
0.0
0.0
0.0
0.0
0.0
0.0
0.0
0.0
0.0
0.0
0.0
0.0
0.0
0.0
0.0
0.0
0.0
0.0
0.0
0.0
0.0
0.0
0.0
0.0
0.0
0.0
0.0
0.0
0.0
0.0
0.0
0.0
0.0
0.0
0.0
0.0
0.0
0.0
0.0
0.0
0.0
0.0
0.0
0.0
0.0
0.0
0.0
0.0
0.0
0.0
0.0
0.0
0.0
0.0
0.0
0.0
0.0
0.0
0.0
0.0
0.0
0.0
0.0
0.0
0.0
0.0
0.0
0.0
0.0
0.0
0.0
0.0
0.0
0.0
0.0
0.0
0.0
0.0
0.0
1.0
0.0
0.0
0.0
0.0
0.0
0.0
0.0
0.0
0.0
0.0
0.0
0.0
0.0
0.0
0.0
0.0
0.0
0.0
0.0
0.0
0.0
$ROI:
$PRESETS:
Real Time
300
0
$ENER_FIT:
0.000000 0.000000
$MCA_CAL:
3
0.000000E+000 0.000000E+000 0.000000E+000 
$SHAPE_CAL:
3
0.000000E+000 0.000000E+000 0.000000E+000