$SPEC_ID:
No sample description was entered.
$SPEC_REM:
DET# 1
DETDESC# TL-101B-03 digiBASE-RH SN 16039579
AP# Maestro Version 7.01
$DATE_MEA:
03/06/2026 13:55:37
$MEAS_TIM:
297 300
$DATA:
0 1023
       0
       0
       0
       0
       0
       0
       0
       0
       0
       0
      58
    3183
    7007
    7013
    7045
    6979
    6818
    6785
    6989
    6748
    6616
    6740
    6514
    6700
    6677
    6947
    7239
    7315
    7435
    7570
    7436
    7459
    7462
    7147
    6895
    6847
    6714
    6652
    6466
    6332
    6350
    6150
    6051
    6029
    5825
    6061
    5956
    6015
    5838
    5801
    6133
    6001
    6023
    5807
    5947
    6078
    6041
    6129
    6038
    5998
    6009
    5869
    5733
    5494
    4920
    4341
    3767
    3109
    2481
    2065
    1716
    1452
    1307
    1058
     955
     921
     880
     821
     870
     963
    1048
    1386
    1909
    2847
    4609
    7022
   10952
   15828
   21280
   26573
   30736
   32903
   31790
   28044
   22692
   16770
   11454
    6858
    3866
    2116
     990
     483
     239
     109
      59
      50
      51
      42
      24
      27
      46
      31
      33
      28
      36
      33
      35
      36
      45
      40
      24
      20
      29
      27
      24
      28
      30
      31
      28
      19
      20
      19
      22
      26
      21
      20
      29
      19
      14
      27
      10
      15
      12
      17
      19
      14
      21
      19
      22
      25
      20
      19
      19
      18
      19
      19
      15
      13
       7
       9
      11
       9
      11
      10
       9
       9
      13
      14
      12
      11
       8
       9
      14
      12
      10
      13
      14
       6
      12
      10
       8
       8
       9
      15
      11
       8
      11
       7
       9
       6
      15
       6
       9
      18
      10
      12
      12
      10
      13
       8
      10
      10
       7
       3
       5
       4
       5
       3
       7
       1
       2
       3
       2
       4
       2
       0
       4
       2
       3
       2
       0
       3
       0
       1
       2
       1
       1
       1
       3
       4
       2
       2
       2
       3
       2
       2
       2
       0
       3
       2
       2
       2
       2
       1
       4
       1
       3
       4
       3
       0
       1
       0
       1
       1
       0
       0
       3
       2
       1
       2
       3
       1
       5
       1
       0
       2
       0
       2
       1
       1
       1
       2
       2
       1
       1
       0
       2
       0
       1
       0
       1
       4
       3
       0
       1
       3
       1
       0
       2
       3
       0
       1
       2
       2
       1
       2
       1
       2
       0
       1
       1
       1
       2
       1
       0
       0
       1
       0
       0
       1
       4
       1
       2
       1
       0
       0
       1
       2
       0
       0
       2
       1
       0
       1
       1
       0
       1
       0
       0
       0
       0
       0
       0
       0
       1
       1
       1
       3
       2
       4
       0
       0
       3
       0
       2
       0
       1
       1
       2
       1
       1
       1
       1
       1
       1
       0
       3
       0
       3
       1
       1
       0
       1
       0
       0
       0
       0
       0
       1
       0
       0
       0
       0
       0
       0
       0
       0
       0
       0
       0
       0
       0
       0
       0
       1
       0
       0
       1
       1
       0
       0
       0
       0
       0
       0
       0
       0
       0
       0
       0
       0
       0
       0
       0
       0
       0
       0
       0
       0
       0
       0
       0
       0
       0
       0
       0
       0
       1
       0
       0
       0
       0
       0
       0
       0
       0
       0
       0
       0
       0
       0
       2
       0
       0
       0
       0
       0
       0
       0
       0
       0
       0
       0
       0
       0
       0
       0
       0
       1
       0
       1
       0
       0
       0
       1
       0
       0
       0
       1
       0
       0
       0
       2
       1
       0
       0
       0
       0
       0
       0
       0
       0
       0
       0
       0
       1
       0
       0
       0
       0
       0
       0
       0
       0
       0
       0
       0
       0
       0
       0
       0
       1
       0
       0
       0
       0
       0
       0
       0
       0
       0
       0
       0
       0
       0
       0
       1
       0
       2
       0
       0
       0
       0
       0
       1
       0
       0
       0
       0
       0
       0
       0
       0
       0
       0
       1
       0
       0
       0
       0
       0
       1
       0
       0
       0
       0
       0
       0
       0
       1
       0
       0
       0
       0
       0
       0
       0
       0
       0
       0
       0
       0
       0
       0
       0
       0
       0
       0
       1
       0
       0
       1
       0
       0
       0
       0
       0
       1
       0
       0
       0
       0
       0
       1
       0
       0
       0
       0
       0
       0
       0
       0
       0
       0
       0
       0
       0
       1
       0
       0
       0
       0
       0
       0
       0
       0
       0
       0
       0
       0
       0
       0
       0
       0
       0
       0
       1
       0
       0
       0
       0
       0
       0
       0
       0
       0
       0
       0
       0
       1
       0
       1
       0
       0
       1
       1
       0
       0
       1
       0
       0
       0
       0
       0
       0
       0
       0
       0
       0
       1
       0
       0
       0
       1
       0
       0
       0
       0
       0
       0
       0
       1
       0
       0
       0
       0
       1
       0
       0
       0
       0
       0
       0
       0
       0
       0
       0
       0
       0
       0
       0
       0
       0
       0
       0
       0
       0
       0
       0
       1
       0
       1
       0
       0
       0
       0
       0
       1
       0
       0
       0
       0
       0
       0
       0
       0
       0
       2
       0
       0
       0
       0
       1
       0
       0
       0
       0
       0
       0
       0
       0
       0
       0
       0
       0
       0
       0
       1
       0
       0
       0
       0
       0
       0
       0
       1
       0
       0
       0
       0
       0
       1
       0
       0
       0
       0
       0
       0
       0
       0
       0
       0
       0
       0
       0
       0
       0
       0
       1
       0
       0
       0
       0
       0
       0
       0
       0
       0
       0
       0
       0
       0
       1
       0
       0
       0
       1
       0
       0
       0
       0
       0
       0
       0
       0
       0
       0
       0
       0
       0
       0
       0
       0
       0
       0
       0
       0
       0
       0
       1
       0
       0
       0
       0
       0
       0
       1
       0
       0
       0
       0
       0
       0
       0
       0
       1
       0
       0
       0
       0
       0
       0
       0
       0
       0
       0
       0
       0
       0
       1
       0
       0
       1
       0
       0
       0
       0
       0
       0
       0
       0
       0
       0
       0
       0
       0
       0
       0
       0
       0
       0
       0
       1
       0
       0
       0
       0
       0
       1
       0
       0
       0
       0
       0
       0
       0
       0
       0
       0
       0
       0
       0
       0
       0
       0
       0
       0
       0
       0
       0
       0
       0
       0
       0
       0
       0
       0
       0
       0
       0
       0
       0
       0
       0
       0
       0
       0
       0
       0
       0
       0
       0
       0
       0
       0
       0
       0
       0
       0
       0
       0
       0
       0
       0
       0
       0
       0
       0
       0
       0
       0
       0
       0
       0
       0
       0
       0
       0
       0
       1
       0
       0
       0
       0
       0
       0
       0
       0
       0
       0
       0
       0
       0
       0
       0
       0
       0
       0
       0
       0
       0
       0
       0
       0
       0
       0
       0
       0
       0
       0
       0
       0
       0
       0
       0
       0
       0
       0
       0
       0
       0
       1
       0
       0
       0
       0
       0
       0
       0
       0
       0
       0
       0
       0
       0
       0
       0
       0
       0
       0
       0
       1
       1
       0
       0
       0
       0
       0
       0
       0
       0
       0
       0
       0
       0
       0
       0
       1
       0
       0
       0
       0
       0
       0
       0
       0
       0
       0
       0
       0
       0
       0
       0
       0
       0
       0
       0
       0
       0
       0
       0
       0
       0
       1
$ROI:
0
$PRESETS:
Real Time
300
0
$ENER_FIT:
0.000000 0.000000
$MCA_CAL:
3
0.000000E+000 0.000000E+000 0.000000E+000 
$SHAPE_CAL:
3
0.000000E+000 0.000000E+000 0.000000E+000
