1675
1869
2040
2086
2344
2356
2381
2530
2675
2685
2713
2790
2718
2702
2695
2639
2517
2322
2205
2006
1917
1601
1553
1299
1097
998
906
831
790
727
676
688
645
603
582
614
529
538
537
462
485
495
470
491
462
453
504
478
487
472
479
463
484
490
496
514
504
529
528
604
572
564
576
578
621
594
652
641
654
652
714
709
796
763
804
781
861
897
832
912
955
923
965
975
1060
1024
1094
1046
1079
1134
1129
1203
1195
1232
1281
1197
1209
1288
1234
1238
1262
1208
1208
1163
1240
1239
1209
1110
1132
1073
1081
1113
1067
1025
1074
1004
961
898
886
924
838
820
846
791
759
756
778
739
716
712
730
717
671
695
674
748
725
725
752
807
824
834
836
809
815
870
952
955
977
951
992
950
1086
1078
1096
1202
1179
1189
1273
1195
1229
1191
1177
1194
1271
1257
1231
1221
1301
1175
1216
1194
1151
1204
1137
1107
1073
1093
1045
998
994
900
918
906
876
825
790
755
703
723
659
647
575
589
549
518
528
497
449
414
408
333
356
355
341
314
326
292
275
281
277
254
257
233
232
185
228
193
196
190
173
179
208
174
189
183
157
182
171
197
141
156
151
153
132
159
153
145
156
143
142
152
151
145
149
147
130
154
146
143
134
159
163
146
162
157
153
147
143
146
146
147
161
155
137
127
154
152
146
159
138
134
126
150
147
165
147
143
146
155
177
153
135
114
137
160
141
148
132
159
141
144
136
154
142
153
147
141
127
150
136
160
144
139
136
168
135
159
158
156
143
143
164
136
146
124
155
153
163
147
154
151
154
160
158
150
143
159
149
151
143
139
128
169
162
180
154
139
139
149
152
154
126
138
148
143
161
134
150
146
153
156
150
158
152
148
144
174
127
132
156
161
142
145
164
147
156
154
170
146
168
164
151
147
163
134
135
136
149
154
153
140
164
146
173
151
125
155
134
137
156
144
154
129
133
138
167
161
135
147
184
131
153
145
163
141
157
162
150
146
128
144
141
126
155
135
123
145
138
156
125
149
176
155
165
148
142
150
161
151
151
142
157
142
134
154
150
139
139
137
163
164
128
133
143
135
165
141
139
139
170
166
150
154
123
157
156
151
157
144
149
143
163
127
183
146
173
144
173
137
151
155
154
171
135
151
145
173
147
138
151
144
138
143
150
165
175
172
164
150
139
157
170
169
154
145
165
148
155
164
161
169
148
181
159
174
154
150
140
138
156
139
154
149
177
164
141
165
161
134
135
180
128
161
141
153
142
157
189
141
149
146
135
164
156
132
155
141
165
163
158
153
155
156
144
150
153
157
149
174
161
171
150
148
144
164
168
169
160
178
141
154
178
132
144
149
163
157
158
169
142
159
144
139
152
171
145
157
163
154
162
177
152
144
175
164
147
161
149
157
171
151
134
148
150
153
134
135
163
152
178
150
143
160
158
143
129
141
158
160
145
146
156
161
147
154
124
161
153
158
173
164
164
153
169
153
149
164
147
168
163
161
149
153
170
153
150
143
177
146
150
136
165
145
155
159
162
147
155
166
147
167
143
150
166
139
127
163
161
159
166
165
151
149
146
142
173
157
154
176
171
153
179
167
160
146
158
172
139
170
206
167
147
162
163
172
160
181
154
177
172
180
158
182
153
177
198
144
159
146
187
181
173
180
167
156
186
218
179
175
155
178
161
200
201
177
162
193
177
185
169
179
193
183
177
192
193
180
176
196
193
159
188
202
189
159
223
186
189
202
188
181
199
191
211
197
198
207
185
195
200
199
217
217
186
200
213
215
226
195
231
198
200
188
226
232
234
221
213
202
213
208
237
241
222
215
217
209
237
228
235
226
218
239
233
228
231
221
281
262
237
281
231
236
275
244
244
252
226
263
256
261
237
265
244
253
257
239
244
254
260
254
263
261
244
259
256
232
268
246
277
261
279
244
239
251
279
247
249
256
243
266
240
254
249
227
246
253
261
270
265
250
279
253
219
276
259
225
234
257
250
244
249
245
258
238
251
224
229
239
223
214
231
258
248
257
234
218
218
233
233
234
246
235
234
200
238
220
208
183
204
225
197
208
209
191
210
206
207
217
209
211
201
194
212
210
187
201
204
222
205
186
184
201
196
204
205
216
194
209
201
216
220
198
184
194
187
178
191
181
181
199
166
178
168
193
164
198
177
175
191
178
172
177
170
170
163
175
165
178
160
157
175
178
167
159
178
174
163
154
168
157
157
150
163
161
169
185
160
161
167
142
172
154
157
163
176
161
177
166
161
175
184
160
166
168
151
169
161
136
167
162
149
147
159
142
173
174
164
122
140
148
144
162
166
158
146
154
136
140
144
147
128
159
123
130
120
143
138
147
142
144
121
133
141
130
124
144
131
152
142
133
145
118
130
155
134
158
132
149
141
124
141
132
153
118
129
140
143
140
136
148
149
139
121
140
140
138
164
135
128
154
113
126
167
124
126
146
134
129
133
150
132
122
131
132
132
131
145
140
133
158
144
132
153
140
136
132
143
142
139
131
125
126
139
122
117
117
130
140
136
118
117
130
107
124
133
117
128
131
124
143
125
132
121
115
125
125
124
126
93
123
120
127
128
135
130
111
126
116
139
103
134
134
124
119
127
128
133
121
119
117
117
130
108
115
121
145
114
122
123
141
117
145
125
133
134
130
104
116
121
94
133
126
123
124
125
111
120
112
105
123
124
127
105
130
110
116
97
139
110
128
111
119
127
125
135
108
122
95
127
137
127
125
118
127
124
115
123
139
112
111
125
120
104
119
131
129
119
121
127
116
125
110
128
118
118
117
103
109
119
130
138
136
127
99
119
107
130
154
95
122
110
133
108
118
111
117
117
130
123
123
151
126
115
140
132
128
128
109
115
119
124
108
113
116
120
129
96
113
126
114
131
119
113
110
135
111
108
123
110
134
119
101
114
113
110
129
116
130
132
103
105
119
93
126
109
119
110
113
106
120
104
109
130
97
106
116
102
119
117
112
133
116
111
82
108
122
124
107
123
115
128
121
116
112
128
107
99
129
112
114
117
108
118
121
126
135
111
102
94
120
122
108
133
122
127
123
109
134
96
130
97
91
135
111
93
118
122
119
108
119
107
111
127
129
118
118
99
117
108
98
118
110
110
110
114
105
104
127
108
99
118
105
117
109
105
124
97
97
101
128
115
99
116
104
110
114
112
99
105
96
135
106
113
98
91
96
95
115
102
124
98
116
114
110
142
119
107
118
126
116
98
122
112
111
98
108
118
100
104
110
92
105
102
113
121
133
106
111
93
106
112
109
114
109
118
94
108
136
118
109
118
107
125
125
106
95
102
117
110
111
112
120
102
100
114
101
108
107
110
116
98
120
107
103
139
119
98
123
129
100
107
96
97
100
111
90
103
99
101
106
95
105
110
109
103
115
121
110
98
108
104
122
114
98
94
105
126
93
116
110
108
96
108
95
114
106
98
99
107
130
130
104
110
120
107
104
116
104
117
101
116
117
120
125
105
92
123
107
120
108
115
108
119
104
100
118
132
123
116
106
106
106
111
114
124
93
108
113
93
119
116
116
116
101
106
120
112
124
105
110
119
103
125
111
123
112
125
105
101
119
107
114
107
117
119
104
121
114
117
124
117
140
115
94
114
108
110
107
115
106
96
121
100
106
117
125
114
120
134
108
138
117
108
130
92
116
114
106
115
106
134
109
108
113
109
110
115
117
111
128
127
107
122
113
116
112
118
111
117
101
106
91
103
115
107
111
108
103
115
94
136
96
122
117
112
126
130
109
106
117
105
118
110
110
127
120
111
117
116
96
118
115
132
107
111
90
139
124
110
118
102
121
107
128
106
111
101
106
126
102
126
102
89
96
123
127
96
123
141
113
110
122
115
102
103
137
117
101
117
114
114
108
104
109
111
137
114
109
110
118
132
117
89
119
111
121
98
124
97
121
125
137
104
131
104
116
119
118
116
115
98
103
126
123
108
106
106
114
133
117
93
106
115
96
111
105
98
89
99
122
119
117
112
88
116
101
92
131
108
105
131
104
84
116
99
117
114
126
118
91
115
121
108
111
108
112
112
96
118
98
110
99
121
122
114
109
108
104
123
112
122
91
115
103
119
108
88
93
100
100
111
100
110
106
94
109
84
112
103
105
120
105
114
101
99
87
109
119
86
97
101
104
84
76
98
95
105
97
104
80
94
87
106
85
87
105
90
84
109
96
89
86
66
97
90
84
96
81
111
94
93
83
99
92
87
91
90
91
90
88
91
86
85
90
92
86
77
95
80
77
87
80
92
89
83
95
85
99
98
90
98
83
84
78
73
87
93
82
105
79
76
71
90
77
82
72
75
68
73
61
62
71
73
81
80
57
75
68
57
73
67
82
67
71
73
57
69
62
56
60
68
74
57
60
64
63
44
76
66
64
49
59
61
73
61
56
40
54
70
63
55
47
50
66
71
58
60
48
65
49
56
59
64
52
55
51
56
46
45
64
43
58
43
44
69
46
39
50
45
56
42
57
49
48
55
48
38
50
50
40
40
37
39
50
32
51
41
31
36
43
51
51
34
50
39
38
39
29
38
36
32
38
32
45
31
40
29
39
48
43
42
39
31
55
34
37
29
35
36
36
43
27
24
34
22
34
36
36
28
34
26
26
31
32
42
29
36
37
25
36
29
31
19
33
34
34
30
24
22
47
28
25
35
23
20
26
26
31
22
27
32
31
29
29
31
24
27
31
23
22
18
15
30
21
22
21
24
28
31
29
29
16
27
23
25
27
22
16
21
32
24
23
23
25
20
30
27
20
14
24
22
20
22
20
18
19
22
26
25
21
24
24
19
18
20
15
29
24
20
22
18
24
15
18
20
21
21
21
22
17
14
25
22
25
25
19
20
16
12
17
20
13
21
22
14
13
23
14
22
18
17
17
15
13
29
23
18
11
21
21
19
27
15
13
18
16
22
18
23
26
14
19
16
16
14
17
18
22
13
16
31
13
16
7
17
19
19
17
13
16
21
11
19
12
20
15
16
21
19
13
16
9
23
14
17
21
16
14
21
25
16
21
22
18
26
12
15
13
17
19
20
14
22
14
15
18
13
11
12
17
17
19
18
15
20
16
18
27
23
18
20
16
19
17
17
19
20
20
14
21
26
21
17
22
22
13
21
14
16
19
23
7
18
16
28
23
20
11
23
18
19
25
23
18
20
13
21
21
21
31
20
24
20
20
23
24
18
20
15
26
28
25
19
20
27
21
28
15
26
23
21
16
22
26
21
17
19
25
25
18
22
30
41
25
24
30
28
28
33
30
22
18
30
29
19
18
29
32
31
23
24
28
29
31
26
36
24
28
28
26
35
23
26
38
30
31
35
22
37
31
27
43
42
37
31
35
39
39
37
40
41
40
34
42
36
37
38
40
40
48
43
41
40
46
38
37
37
39
39
57
47
48
34
42
53
49
54
52
54
44
59
53
61
49
66
74
43
75
66
50
55
67
46
63
64
66
68
87
66
69
62
62
65
61
74
84
65
83
80
78
86
97
81
89
86
80
74
80
89
100
89
88
102
98
91
107
96
105
95
131
110
107
116
119
100
111
112
108
131
128
117
121
119
127
162
119
120
129
120
161
151
135
140
145
158
157
166
156
177
160
166
156
163
171
175
169
196
198
185
202
192
190
192
209
201
209
229
222
220
176
203
228
221
207
220
235
217
245
251
241
250
276
236
234
245
259
235
268
254
288
303
271
266
277
298
310
308
295
296
321
310
322
300
283
334
295
306
347
362
341
347
361
367
351
370
364
339
418
388
352
388
412
393
441
385
432
391
419
375
404
381
449
434
437
415
429
451
462
454
469
444
461
428
484
436
450
478
426
462
500
467
461
524
517
524
457
470
514
548
492
499
532
490
509
539
504
536
499
534
533
557
568
510
530
598
533
566
559
542
582
546
550
570
592
591
573
563
561
603
604
603
598
606
582
623
617
584
567
615
611
590
586
574
576
587
601
565
581
636
647
619
598
592
581
554
612
639
606
596
615
573
583
547
580
582
630
634
620
563
584
614
616
568
560
580
559
604
583
599
580
547
571
585
581
578
548
573
554
551
522
600
575
554
580
542
581
540
578
590
509
516
530
521
486
548
567
530
550
531
489
533
486
484
512
510
487
475
459
486
484
447
465
471
466
498
444
480
426
471
414
452
463
459
468
420
408
392
464
394
427
395
414
402
363
407
391
380
405
402
347
387
405
367
355
374
363
330
337
374
332
322
331
325
311
312
310
346
301
317
319
312
288
283
305
317
306
267
288
263
256
256
285
296
252
269
239
245
232
227
244
235
241
244
221
242
217
180
219
239
208
213
164
178
188
201
192
164
164
190
182
169
178
162
182
178
145
149
164
179
131
136
129
126
131
138
137
145
122
128
128
140
152
132
108
129
115
117
111
99
120
115
89
102
121
112
97
101
112
86
92
88
82
85
81
82
67
74
91
69
78
65
60
72
77
79
79
65
65
58
69
66
68
58
43
42
51
49
45
44
56
45
40
46
45
43
31
33
44
40
25
44
46
39
39
39
30
31
36
37
34
23
27
32
24
29
32
27
33
26
25
23
21
21
21
32
25
20
22
19
16
20
28
12
15
20
14
13
16
12
18
12
13
14
12
12
18
12
11
19
16
12
8
13
8
4
8
11
11
10
13
10
3
5
5
4
4
7
5
8
4
5
4
9
6
7
6
4
4
5
3
4
5
2
5
3
3
3
7
1
6
6
7
5
8
5
1
3
6
1
3
3
2
4
5
2
5
1
1
1
2
3
5
0
1
5
2
1
0
1
4
0
0
3
2
2
2
2
1
2
4
1
1
1
0
1
0
2
2
1
1
2
1
2
0
1
1
1
1
1
2
0
0
0
1
1
0
1
1
1
1
0
1
1
1
0
0
0
1
2
0
0
0
2
0
1
0
0
2
1
1
0
0
1
4
0
1
0
0
1
1
1
0
0
1
0
0
0
0
0
1
1
0
2
0
0
1
0
0
1
1
0
3
0
0
0
0
0
0
1
0
0
0
0
1
0
2
1
0
0
1
1
0
0
1
2
0
2
1
0
1
0
1
0
0
1
0
1
2
1
0
0
1
0
1
1
0
0
0
0
0
1
3
0
0
0
0
1
0
3
0
0
1
2
0
2
0
1
0
0
1
0
0
1
0
0
1
1
1
1
1
0
1
3
3
2
0
1
1
0
0
2
0
0
0
1
1
2
0
3
1
0
2
1
0
0
2
3
0
2
0
0
0
0
1
1
1
0
1
0
0
0
0
0
1
0
1
0
1
0
1
1
0
2
1
1
0
0
0
1
2
1
1
0
2
2
1
0
0
1
0
0
0
0
1
0
0
1
1
0
1
0
1
0
0
1
2
0
0
0
0
1
2
0
0
0
0
0
1
0
1
0
0
0
0
1
1
0
0
1
0
1
1
1
1
1
2
1
1
1
0
1
1
0
0
1
1
0
0
2
1
0
0
0
0
0
2
0
0
0
0
0
0
0
0
0
0
0
0
0
0
0
0
0
0
1
0
0
0
0
0
0
0
0
0
0
0
0
0
0
2
1
0
0
0
3
0
0
1
0
1
1
0
0
0
0
0
1
0
1
0
1
0
0
0
1
0
1
0
0
1
0
0
0
0
1
0
1
1
0
1
0
1
0
0
0
0
2
1
1
0
0
0
1
0
2
0
1
0
1
0
2
0
1
0
0
0
1
1
2
0
2
0
0
0
0
1
0
0
1
0
0
2
1
1
0
1
0
0
1
0
1
1
1
0
0
1
0
1
0
0
1
0
1
0
0
0
0
0
0
1
0
1
0
0
0
0
2
1
1
1
0
1
1
0
0
1
0
0
0
1
0
1
0
0
0
0
0
2
1
0
0
0
1
0
0
0
1
1
0
1
2
1
2
0
1
0
2
1
0
1
0
0
0
0
0
0
2
0
1
0
2
1
0
2
1
1
1
1
0
1
1
0
0
0
0
1
0
0
0
1
1
0
1
1
0
0
0
1
0
0
0
1
0
0
1
0
0
0
0
0
0
0
1
1
1
0
0
0
2
1
2
0
1
0
0
0
1
1
1
0
0
0
3
0
1
0
0
0
0
1
0
0
1
1
0
0
1
2
0
0
2
2
0
0
1
0
0
0
1
1
0
0
0
0
3
1
1
0
1
0
0
0
1
1
0
0
0
0
0
0
0
1
0
0
0
0
0
1
0
0
1
0
1
2
0
0
1
1
1
1
0
1
1
1
0
0
0
0
0
1
0
0
0
0
0
1
0
0
0
1
1
0
1
0
0
1
0
0
0
0
0
2
0
2
0
0
2
0
0
1
1
0
0
0
0
1
0
0
3
1
1
1
0
0
0
0
0
1
0
1
0
1
1
0
0
0
0
2
1
1
0
0
1
0
1
1
1
0
0
0
0
0
1
1
3
0
1
0
1
0
1
1
1
1
1
0
0
0
0
0
1
0
0
0
0
1
0
0
1
0
0
0
0
1
1
0
0
1
0
0
0
0
1
1
0
0
0
0
0
0
0
1
1
0
0
0
0
1
0
1
1
1
0
0
1
2
2
0
0
1
1
0
0
0
0
0
0
0
2
0
0
1
1
1
1
0
0
0
0
1
0
0
1
1
0
0
2
1
0
0
0
1
0
1
0
0
0
1
1
1
1
1
1
1
0
1
1
1
1
0
0
2
0
0
0
0
0
0
0
0
0
1
0
0
1
0
1
1
0
2
0
0
0
1
0
0
0
1
2
0
0
0
0
1
0
1
0
0
1
0
1
3
1
0
0
1
2
0
0
0
0
1
0
0
0
0
0
0
1
0
0
0
0
0
0
0
1
0
2
0
0
1
0
1
0
0
1
0
0
1
0
2
0
1
0
0
1
0
0
0
1
1
0
0
0
0
1
0
1
1
1
0
0
0
0
1
1
1
0
1
0
0
0
0
2
1
0
1
0
1
1
0
1
1
0
0
1
0
0
0
0
0
0
1
0
1
1
0
0
0
0
0
0
0
1
1
0
0
0
0
1
1
0
0
1
0
1
0
0
0
1
0
0
0
1
0
0
0
0
1
1
0
0
2
0
0
0
2
0
0
0
0
0
0
0
0
0
0
0
0
0
0
0
0
0
0
0
0
0
0
1
1
0
0
1
0
2
1
1
1
1
0
0
0
1
1
1
1
0
0
1
0
0
1
0
1
1
1
0
1
1
0
0
0
0
0
0
0
1
1
0
1
0
1
1
0
0
1
0
1
0
0
0
0
1
0
1
1
0
1
2
0
0
1
0
0
0
1
0
0
3
1
0
