0
0
0
0
0
0
0
0
0
0
0
0
0
0
0
0
0
0
0
0
0
0
0
0
0
0
0
0
0
0
0
0
1
0
0
0
1
0
0
3
0
0
1
3
8
11
6
20
31
22
31
50
51
61
67
80
110
112
132
134
170
161
206
193
170
215
204
202
198
191
214
219
224
202
212
215
188
228
200
195
201
185
185
176
170
188
172
157
191
196
177
186
165
176
166
177
176
184
164
167
169
161
160
157
177
154
163
163
153
167
159
153
156
152
147
166
164
140
165
123
161
158
167
132
140
135
129
142
126
132
151
124
127
117
123
139
118
137
100
150
105
105
115
125
122
116
123
112
125
120
113
112
108
92
113
117
84
100
96
105
106
97
108
101
108
100
101
85
110
108
87
99
94
100
90
82
95
74
87
84
87
83
97
78
64
94
82
96
89
68
66
83
92
73
86
86
80
81
99
78
91
66
82
70
82
63
79
81
82
73
70
63
65
62
78
62
79
70
57
60
58
64
57
56
60
54
67
52
59
61
66
60
69
60
69
62
65
55
46
52
64
57
62
50
54
67
51
52
55
51
50
47
50
52
66
41
48
44
58
51
47
47
48
41
63
51
45
46
48
46
46
57
50
51
48
39
61
56
46
53
52
36
53
37
36
45
42
53
46
43
51
48
46
46
36
47
45
41
42
41
39
32
43
54
51
38
49
43
40
36
54
46
44
32
44
39
41
48
45
37
57
41
35
45
39
38
39
26
46
35
34
38
28
31
37
32
53
30
41
35
26
49
29
40
29
36
36
29
30
25
40
27
29
29
35
34
35
24
31
26
25
28
35
35
32
34
40
26
40
21
41
27
27
30
27
31
40
31
25
20
26
37
31
39
31
27
23
23
23
28
25
33
24
26
24
33
27
26
29
22
25
28
25
25
24
29
30
40
25
33
36
30
27
20
30
34
25
25
29
31
24
23
27
29
33
25
29
16
28
38
26
32
23
23
33
19
25
17
25
23
29
27
32
32
15
28
23
24
20
18
27
25
18
23
27
28
13
24
18
34
17
25
32
17
19
22
26
22
23
22
21
16
26
20
27
29
27
19
25
26
28
19
23
21
27
23
26
16
19
17
23
18
22
15
26
17
21
21
26
27
16
23
20
25
19
23
22
16
19
15
21
17
22
21
18
18
30
24
13
17
27
16
16
25
25
23
16
19
26
21
20
22
19
21
18
15
20
20
19
16
21
22
21
17
15
14
16
12
10
23
16
20
15
15
18
15
21
18
13
13
17
15
18
14
10
17
25
20
17
15
17
11
16
18
16
17
12
17
22
16
15
20
17
16
20
15
18
14
18
13
16
14
19
10
19
18
12
16
16
21
18
12
15
17
21
16
18
12
16
12
17
13
16
13
19
16
16
17
16
12
20
21
16
19
13
10
12
13
18
15
13
15
13
12
14
11
19
12
11
15
8
20
13
21
18
14
19
14
14
14
9
18
15
19
9
17
12
19
19
13
13
9
7
19
12
4
19
13
12
17
20
11
13
14
15
5
11
12
12
12
13
13
12
11
9
7
10
11
18
14
17
15
11
7
13
12
13
12
12
15
12
12
9
9
11
10
11
11
10
14
6
8
13
10
12
9
12
13
12
6
10
16
15
14
6
16
16
12
9
7
13
14
10
14
11
6
11
8
13
11
12
15
11
14
13
10
13
6
8
11
12
10
10
7
14
11
4
10
9
6
7
7
12
11
7
10
13
9
18
11
9
10
15
14
8
11
9
5
11
3
8
13
8
8
6
13
6
9
9
18
6
7
10
14
13
4
8
14
9
2
6
6
9
6
8
4
11
10
8
10
12
10
8
7
13
13
8
12
7
8
8
7
13
5
9
7
10
12
7
12
11
7
10
7
8
6
4
12
6
8
5
5
6
10
10
4
10
8
5
4
5
9
5
4
15
12
14
8
11
7
11
10
7
9
5
7
8
5
8
8
3
11
8
5
8
7
7
9
7
9
8
6
5
6
6
5
4
6
9
6
6
5
9
11
7
7
5
9
10
10
4
7
8
5
10
9
5
10
5
4
9
6
11
8
3
5
7
9
8
10
6
6
1
2
7
7
7
6
13
7
7
9
6
8
9
6
6
8
5
3
11
5
7
6
11
5
3
7
6
7
5
12
4
6
9
17
5
6
12
9
7
5
8
4
12
5
7
10
7
12
9
4
7
1
5
5
5
4
8
9
4
7
2
5
7
8
11
6
10
8
7
4
7
9
6
7
7
3
8
3
4
5
6
8
5
2
7
6
6
12
8
7
8
1
10
8
7
0
5
5
7
1
5
2
2
2
3
5
7
3
6
4
5
7
4
6
8
4
7
7
4
2
8
6
7
4
5
3
5
3
0
7
7
5
4
1
3
6
1
7
7
6
6
3
8
7
10
3
2
4
5
4
5
4
3
5
4
3
6
6
3
3
6
6
3
1
4
7
5
4
10
4
2
3
5
1
3
3
4
5
3
5
1
2
6
7
6
8
2
7
7
9
4
1
6
3
4
5
8
1
4
7
4
4
4
6
2
5
4
4
3
1
6
8
3
8
3
5
3
6
5
4
4
3
7
2
2
7
4
3
4
5
6
7
4
5
2
3
8
4
4
5
2
5
1
3
2
7
2
1
5
3
5
2
4
2
6
3
5
3
2
4
4
4
1
3
4
1
9
3
3
3
2
1
3
1
0
5
4
8
2
3
3
3
3
2
2
4
3
2
2
3
3
6
2
5
3
4
2
3
2
3
5
4
2
4
2
1
3
3
3
3
4
3
3
4
4
7
2
5
2
2
6
2
1
3
1
2
1
5
3
3
3
6
5
4
2
3
4
4
4
1
0
3
2
0
4
4
8
2
5
6
3
6
3
1
2
1
0
4
1
4
1
2
3
1
1
1
0
2
2
1
2
4
0
3
7
3
4
0
4
1
4
3
0
5
3
1
2
3
1
3
4
0
2
2
2
2
4
2
0
2
2
2
3
1
2
7
2
2
3
4
2
1
0
2
4
5
3
3
7
2
1
2
2
5
1
5
5
0
1
0
2
2
2
3
2
2
2
4
3
7
5
3
1
4
3
1
1
3
3
0
1
4
0
3
2
1
0
2
3
2
4
0
2
3
1
5
1
4
2
1
2
2
2
2
3
2
2
0
1
1
4
5
2
3
2
3
1
1
2
2
1
6
4
1
2
3
2
2
1
3
7
2
2
1
0
0
4
3
2
1
1
2
4
5
3
4
1
0
0
1
2
3
1
1
2
0
3
1
3
2
2
2
1
0
1
2
3
2
1
2
1
4
4
5
1
2
2
0
2
5
2
5
5
1
2
2
0
1
0
1
1
0
1
0
0
1
3
1
4
0
0
3
2
4
2
3
1
3
0
1
0
0
3
2
2
0
0
1
0
1
1
1
2
0
2
2
2
3
1
2
2
0
1
1
2
0
0
2
0
1
4
0
0
1
0
2
0
0
0
0
2
1
3
0
0
2
3
2
2
1
2
1
0
1
2
2
0
2
2
1
2
2
0
0
1
2
0
2
1
2
1
4
1
1
0
2
0
2
1
2
0
2
1
2
2
2
1
2
1
1
0
0
1
1
2
2
2
1
2
1
1
0
0
0
3
2
1
2
1
1
2
0
0
2
1
1
1
0
3
2
3
1
2
0
0
0
2
1
0
1
1
3
3
2
0
2
0
0
0
0
0
0
2
1
1
1
1
0
2
1
1
2
0
2
2
1
0
1
0
0
2
2
2
1
0
1
2
4
0
1
1
1
2
0
1
0
1
0
1
1
2
1
1
0
0
1
1
1
0
1
0
1
1
1
0
1
0
2
1
1
0
0
0
1
0
0
0
0
1
3
1
0
0
1
1
1
0
3
1
1
2
3
0
0
2
0
1
0
4
0
2
2
1
0
1
2
2
0
1
3
0
1
0
0
1
1
1
2
1
1
1
4
1
2
0
0
1
0
1
1
1
1
0
1
1
2
1
0
0
1
2
0
3
2
1
2
2
2
1
1
1
0
0
0
1
0
1
0
1
1
2
0
2
0
0
0
0
0
0
0
1
1
2
0
1
1
0
1
1
0
0
0
0
1
0
0
0
0
1
0
1
0
0
1
0
0
1
1
0
0
1
0
1
1
1
0
0
0
0
1
0
3
1
2
1
2
1
1
0
1
1
0
1
0
0
1
3
2
0
0
0
0
0
2
0
0
1
0
0
0
1
0
0
0
1
0
2
1
0
0
0
1
0
1
0
1
2
1
0
0
0
1
1
0
1
1
3
1
1
0
0
1
1
0
1
0
0
0
0
0
1
0
1
1
0
0
0
0
0
0
0
2
0
0
0
0
0
0
0
0
1
0
2
2
0
1
2
0
0
0
0
0
1
0
0
1
0
0
0
1
0
0
2
1
0
1
0
1
0
0
0
2
0
1
0
0
1
0
1
0
0
0
1
0
0
0
1
1
0
0
1
0
0
2
2
0
1
1
0
0
0
1
1
1
0
0
2
0
1
0
0
1
0
2
1
0
1
0
0
0
0
1
0
0
0
0
0
0
0
0
1
0
0
0
1
1
0
0
1
0
1
2
0
1
0
1
0
1
0
0
0
0
1
0
1
0
2
0
0
0
0
0
0
0
0
0
0
1
0
0
0
2
0
1
0
0
0
1
0
0
1
0
1
1
0
1
0
1
0
1
0
0
0
0
1
1
0
0
0
0
1
0
0
0
0
0
1
0
0
1
1
1
0
0
2
0
1
0
0
0
1
0
2
0
1
0
1
0
0
0
0
0
1
0
0
0
1
0
0
0
0
0
0
1
0
0
0
0
0
0
0
0
0
1
0
0
1
0
0
0
0
0
0
0
0
0
0
0
0
0
0
0
0
1
0
0
0
0
0
0
0
0
0
0
0
0
0
0
0
0
0
1
0
0
0
0
0
0
0
0
0
0
0
1
0
0
0
0
0
0
0
0
0
0
1
0
0
0
0
0
0
0
0
0
0
0
0
0
0
0
0
0
0
0
0
0
0
0
0
0
0
0
0
0
0
0
0
0
0
0
0
0
0
0
0
0
0
0
0
0
0
0
0
0
0
0
0
0
0
0
0
0
0
0
0
0
0
0
0
0
0
0
0
0
0
0
0
0
0
0
0
0
0
0
0
0
0
0
0
0
0
0
0
0
0
0
0
0
0
0
0
0
0
0
0
0
0
0
0
0
0
0
0
0
0
0
0
0
0
0
0
0
0
0
0
0
0
0
0
0
0
0
0
0
0
0
0
0
0
0
0
0
0
0
0
0
0
0
0
0
0
0
0
0
0
0
0
0
0
0
0
0
0
0
0
0
0
0
0
0
0
0
0
0
0
0
0
0
0
0
0
0
0
0
0
0
0
0
0
0
0
0
0
0
0
0
0
0
0
0
0
0
0
0
0
0
0
0
0
0
0
0
0
0
0
0
0
0
0
0
0
0
0
0
0
0
0
0
0
0
0
0
0
0
0
0
0
0
0
0
0
0
0
0
0
0
0
0
0
0
0
0
0
0
0
0
0
0
0
0
0
0
0
0
0
0
0
0
0
0
0
0
0
0
0
0
0
0
0
0
0
0
0
0
0
0
0
0
0
0
0
0
0
0
0
0
0
0
0
0
0
0
0
0
0
0
0
0
0
0
0
0
0
0
0
0
0
0
0
0
0
0
0
0
0
0
0
0
0
0
0
0
0
0
0
0
0
0
0
0
0
0
0
0
0
0
0
0
0
0
0
0
0
0
0
0
0
0
0
0
0
0
0
0
0
0
0
0
0
0
0
0
0
0
0
0
0
0
0
0
0
0
0
0
0
0
0
0
0
0
0
0
0
0
0
0
0
0
0
0
0
0
0
0
0
0
0
0
0
0
0
0
0
0
0
0
0
0
0
0
0
0
0
0
0
0
0
0
0
0
0
0
0
0
0
0
0
0
0
0
0
0
0
0
0
0
0
0
0
0
0
0
0
0
0
0
0
0
0
0
0
0
0
0
0
0
0
0
0
0
0
0
0
0
0
0
0
0
0
0
0
0
0
0
0
0
0
0
0
0
0
0
0
0
0
0
0
0
0
0
0
0
0
0
0
0
0
0
0
0
0
0
0
0
0
0
0
0
0
0
0
0
0
0
0
0
0
0
0
0
0
0
0
0
0
0
0
0
0
0
0
0
0
0
0
0
0
0
0
0
0
0
0
0
0
0
0
0
0
0
0
0
0
0
0
0
0
0
0
0
0
0
0
0
0
0
0
0
0
0
0
0
0
0
0
0
0
0
0
0
0
0
0
0
0
0
0
0
0
0
0
0
0
0
0
0
0
0
0
0
0
0
0
0
0
0
0
0
0
0
0
0
0
0
0
0
0
0
0
0
0
0
0
0
0
0
0
0
0
0
0
0
0
0
0
0
0
0
0
0
0
0
0
0
0
0
0
0
0
0
0
0
0
0
0
0
0
0
0
0
0
0
0
0
0
0
0
0
0
0
0
0
0
0
0
0
0
0
0
0
0
0
0
0
0
0
0
0
0
0
0
0
0
0
0
0
0
0
0
0
0
0
0
0
0
0
0
0
0
0
0
0
0
0
0
0
0
0
0
0
0
0
0
0
0
0
0
0
0
0
0
0
0
0
0
0
0
0
0
0
0
0
0
0
0
0
0
0
0
0
0
0
0
0
0
0
0
0
0
0
0
0
0
0
0
0
0
0
0
0
0
0
0
0
0
0
0
0
0
0
0
0
0
0
0
0
0
0
0
0
0
0
0
0
0
0
0
0
0
0
0
0
0
0
0
0
0
0
0
0
0
0
0
0
0
0
0
0
0
0
0
0
0
0
0
0
0
0
0
0
0
0
0
0
0
0
0
0
0
0
0
0
0
0
0
0
0
0
0
0
0
0
0
0
0
0
0
0
0
0
0
0
0
0
0
0
0
0
0
0
0
0
0
0
0
0
0
0
0
0
0
0
0
0
0
0
0
0
0
0
0
0
0
0
0
0
0
0
0
0
0
0
0
0
0
0
0
0
0
0
0
0
0
0
0
0
0
0
0
0
0
0
0
0
0
0
0
0
0
0
0
0
0
0
0
0
0
0
0
0
0
0
0
0
0
0
0
0
0
0
0
0
0
0
0
0
0
0
0
0
0
0
0
0
0
0
0
0
0
0
0
0
0
0
0
0
0
0
0
0
0
0
0
0
0
0
0
0
0
0
0
0
0
0
0
0
0
0
0
0
0
0
0
0
0
0
0
0
0
0
0
0
0
0
0
0
0
0
0
0
0
0
0
0
0
0
0
0
0
0
0
0
0
0
0
0
0
0
0
0
0
0
0
0
0
0
0
0
0
0
0
0
0
0
0
0
0
0
0
0
0
0
0
0
0
0
0
0
0
0
0
0
0
0
0
0
0
0
0
0
0
0
0
0
0
0
0
0
0
0
0
0
0
0
0
0
0
0
0
0
0
0
0
0
0
0
0
0
0
0
0
0
0
0
0
0
0
0
0
0
0
0
0
0
0
0
0
0
0
0
0
0
0
0
0
0
0
0
0
0
0
0
0
0
0
0
0
0
0
0
0
0
0
0
0
0
0
0
0
0
0
0
0
0
0
0
0
0
0
0
0
0
0
0
0
0
0
0
0
0
0
0
0
0
0
0
0
0
0
0
0
0
0
0
0
0
0
0
0
0
0
0
0
0
0
0
0
0
0
0
0
0
0
0
0
0
0
0
0
0
0
0
0
0
0
0
0
0
0
0
0
0
0
0
0
0
0
0
0
0
0
0
0
0
0
0
0
0
0
0
0
0
0
0
0
0
0
0
0
0
0
0
0
0
0
0
0
0
0
0
0
0
0
0
0
0
0
0
0
0
0
0
0
0
0
0
0
0
0
0
0
0
0
0
0
0
0
0
0
0
0
0
0
0
0
0
0
0
0
0
0
0
0
0
0
0
0
0
0
0
0
0
0
0
0
0
0
0
0
0
0
0
0
0
0
0
0
0
0
0
0
0
0
0
0
0
0
0
0
0
0
0
0
0
0
0
0
0
0
0
0
0
0
0
0
0
0
0
0
0
0
0
0
0
0
0
0
0
0
0
0
0
0
0
0
0
0
0
0
0
0
0
0
0
0
0
0
0
0
0
0
0
0
0
0
0
0
0
0
0
0
0
0
0
0
0
0
0
0
0
0
0
0
0
0
0
0
0
0
0
0
0
0
0
0
0
0
0
0
0
0
0
0
0
0
0
0
0
0
0
0
0
0
0
0
0
0
0
0
0
0
0
0
0
0
0
0
0
0
0
0
0
0
0
0
0
0
0
0
0
0
0
0
0
0
0
0
0
0
0
0
0
0
0
0
0
0
0
0
0
0
0
0
0
0
0
0
0
0
0
0
0
0
0
0
0
0
0
0
0
0
0
0
0
0
0
0
0
0
0
0
0
0
0
0
0
0
0
0
0
0
0
0
0
0
0
0
0
0
0
0
0
0
0
0
0
0
0
0
0
0
0
0
0
0
0
0
0
0
0
0
0
0
0
0
0
0
0
0
0
0
0
0
0
0
0
0
0
0
0
0
0
0
0
0
0
0
0
0
0
0
0
0
0
0
0
0
0
0
0
0
0
0
0
0
0
0
0
0
0
0
0
0
0
0
0
0
0
0
0
0
0
0
0
0
0
0
0
0
0
0
0
0
0
0
0
0
0
0
0
0
0
0
0
0
0
0
0
0
0
0
0
0
0
0
0
0
0
0
0
0
0
0
0
0
0
0
0
0
0
0
0
0
0
0
0
0
0
0
0
0
0
0
0
0
0
0
0
0
0
0
0
0
0
0
0
0
0
0
0
0
0
0
0
0
0
0
0
0
0
0
0
0
0
0
0
0
0
0
0
0
0
0
0
0
0
0
0
0
0
0
0
0
0
0
0
0
0
0
0
0
0
0
0
0
0
0
0
0
0
0
0
0
0
0
0
0
0
0
0
0
0
0
0
0
0
0
0
0
0
0
0
0
0
0
0
0
0
0
0
0
0
0
0
0
0
0
0
0
0
0
0
0
0
0
0
0
0
0
0
0
0
0
0
0
0
0
0
0
0
0
0
0
0
0
0
0
0
0
0
0
0
0
0
0
0
0
0
0
0
0
0
0
0
0
0
0
0
0
0
0
0
0
0
0
0
0
0
0
0
0
0
0
0
0
0
0
0
0
0
0
0
0
0
0
0
0
0
0
0
0
0
0
