0
0
0
0
0
0
0
0
0
0
0
0
0
0
0
0
0
0
0
0
0
0
0
0
0
0
1
0
0
1
0
0
0
0
0
0
0
1
1
0
1
1
3
2
7
11
4
15
15
22
15
41
38
39
62
72
101
112
108
117
120
168
152
173
186
156
202
209
186
168
195
194
202
193
165
186
172
183
186
191
193
205
201
188
188
205
184
236
205
196
212
185
185
177
203
187
179
223
193
209
212
171
220
214
184
178
190
208
212
198
201
177
228
204
186
218
195
173
180
176
179
172
177
190
189
182
177
176
165
184
165
173
179
164
154
151
148
186
183
172
160
161
144
174
144
134
163
131
168
150
153
139
157
152
143
141
134
144
140
137
124
144
143
128
134
129
134
140
119
131
112
121
137
112
108
121
136
102
126
128
111
106
113
93
110
91
100
88
109
98
106
99
92
110
115
118
96
117
97
89
93
105
93
105
99
94
91
79
89
88
78
79
92
90
81
96
87
91
72
88
93
81
82
73
95
56
62
81
76
65
65
68
78
76
78
79
67
80
61
71
74
64
74
75
77
55
61
69
68
77
69
72
54
59
57
65
48
70
76
66
63
55
63
63
46
50
58
45
49
54
59
68
62
56
45
55
73
54
55
65
42
71
50
56
58
35
58
53
45
39
48
47
51
44
39
42
47
54
42
50
45
52
40
44
38
33
36
46
35
42
49
28
33
44
47
45
43
34
47
45
37
51
43
40
43
37
46
43
41
51
33
26
38
42
33
35
28
39
27
40
41
35
24
44
46
39
30
43
32
28
41
34
37
32
28
35
31
41
28
36
39
39
40
34
26
30
28
24
39
26
30
28
24
38
27
31
31
33
30
31
24
28
35
30
39
31
30
28
28
31
29
37
33
34
20
38
29
29
22
33
32
26
18
31
28
20
25
36
27
30
24
24
24
30
22
20
35
21
25
26
27
19
21
21
23
20
27
30
20
19
22
23
28
22
26
20
20
25
26
29
24
23
17
23
18
23
19
21
13
24
19
18
20
25
17
25
25
30
16
15
28
23
25
22
22
16
24
27
23
14
11
19
16
23
20
21
22
20
20
23
24
23
28
15
18
16
27
13
17
18
19
16
18
9
19
20
14
10
13
16
20
29
23
16
24
16
10
23
19
13
28
13
12
14
19
10
18
20
10
18
30
14
13
16
22
12
19
16
23
14
14
17
4
13
18
11
9
13
21
12
19
15
11
15
18
9
12
13
16
16
12
13
16
19
19
20
14
16
22
10
12
15
14
17
15
13
13
8
12
17
18
13
17
13
15
10
16
18
9
12
9
12
13
12
6
12
17
9
10
11
12
14
8
16
10
18
13
18
15
8
7
12
4
9
10
10
12
11
7
10
2
12
8
11
15
13
7
5
12
7
14
10
12
12
11
7
9
11
9
12
12
13
14
13
5
9
8
7
8
10
10
11
11
6
10
7
12
10
9
14
16
13
11
10
8
7
8
6
4
9
8
9
6
18
8
4
4
9
11
6
7
9
12
14
5
6
12
6
11
5
8
14
9
6
7
5
7
6
12
6
8
8
8
5
7
10
11
5
7
6
6
13
5
11
8
3
7
8
5
7
12
9
6
6
6
6
5
8
7
9
6
7
8
4
5
8
7
10
5
6
7
10
12
5
7
6
3
6
8
4
3
6
8
4
1
9
5
3
6
3
5
4
5
9
3
4
8
7
2
6
4
10
12
5
5
5
6
10
5
9
6
5
8
2
4
4
9
3
5
3
8
10
8
4
3
3
7
1
6
7
5
2
5
4
3
8
8
6
4
9
5
6
8
1
8
4
10
2
10
3
4
5
4
7
5
8
4
6
5
8
2
7
4
4
2
5
5
7
3
3
4
0
5
6
5
4
4
3
8
3
4
7
5
4
7
7
7
8
6
3
6
2
4
3
1
4
2
5
4
4
3
7
4
2
4
4
6
4
9
7
4
5
3
5
5
5
6
1
5
4
8
1
9
5
3
6
2
7
1
1
8
3
6
5
2
3
7
3
5
10
7
6
2
2
2
5
0
6
4
6
5
3
6
5
3
6
1
3
2
4
5
2
2
3
3
4
3
3
3
7
2
4
3
4
2
5
8
3
3
7
3
4
1
5
2
2
3
5
4
4
5
3
3
4
4
4
3
4
6
2
6
5
1
6
0
1
5
6
2
2
2
1
3
2
3
0
1
5
2
3
4
3
5
2
5
3
1
3
1
3
0
3
3
4
2
1
2
3
2
1
2
1
4
3
6
1
2
4
4
3
3
4
1
5
3
4
3
4
1
2
2
2
3
2
1
5
2
1
3
1
1
3
4
4
6
2
2
2
2
3
6
2
1
2
1
0
1
1
2
1
6
3
2
2
1
1
6
0
5
1
3
4
2
2
0
2
3
0
6
0
2
3
2
4
1
1
1
0
2
2
2
2
0
1
2
3
5
2
0
1
1
4
1
2
1
2
0
0
1
4
2
4
1
2
0
0
1
4
1
2
1
1
2
2
1
1
3
2
1
3
2
2
1
1
1
5
0
1
4
1
1
2
1
3
2
1
0
3
1
0
2
2
2
0
1
2
1
1
2
2
0
1
1
2
2
2
1
0
0
0
1
0
3
1
1
0
2
1
2
1
1
0
1
2
0
2
2
2
2
2
4
1
0
2
1
2
1
1
0
0
0
1
1
0
1
2
0
1
1
0
0
0
2
1
1
6
2
1
1
1
3
0
0
1
0
1
1
0
0
2
2
3
1
4
0
1
0
1
0
2
2
2
0
1
1
4
2
1
0
1
0
1
0
1
1
0
0
3
3
2
1
1
0
1
1
0
1
1
0
2
0
0
1
2
3
1
2
1
1
1
2
0
0
1
2
0
1
0
2
0
1
0
1
1
1
0
1
2
0
2
0
0
2
2
0
0
2
3
1
2
2
2
1
0
1
1
1
0
0
0
1
0
0
0
0
1
2
2
1
1
3
2
1
1
2
1
3
1
0
1
0
0
2
2
0
3
0
0
0
0
1
1
0
1
1
0
0
0
1
0
0
1
0
2
0
0
0
0
2
0
2
0
0
2
0
0
1
0
1
1
0
0
2
1
1
3
1
2
1
1
0
0
2
0
0
1
1
2
2
1
2
0
0
1
0
2
2
0
0
1
0
1
0
1
0
1
2
0
0
0
0
1
1
0
0
0
0
0
0
1
1
0
0
1
0
0
0
2
0
1
1
4
0
0
0
0
1
0
1
1
0
1
3
1
1
0
0
0
1
1
0
0
0
0
0
2
0
0
0
0
0
2
1
1
0
0
3
1
1
2
0
0
0
0
0
0
1
2
0
0
0
0
0
0
0
1
0
0
2
0
1
0
1
1
0
1
0
1
0
1
1
0
0
0
0
0
0
0
0
0
1
0
1
0
0
2
1
0
1
1
0
1
0
0
1
0
1
2
1
1
1
1
1
1
0
1
1
0
1
0
1
2
1
1
0
0
1
1
0
0
1
0
0
2
1
0
0
1
1
2
0
2
0
0
0
0
0
0
0
0
0
2
0
0
1
0
0
0
0
1
1
0
1
1
1
0
0
1
1
1
1
2
0
3
0
0
0
0
0
0
2
0
2
2
0
0
0
1
0
1
0
0
0
0
0
1
0
1
0
0
0
2
0
1
0
1
1
0
0
1
0
0
0
1
1
1
1
0
0
0
0
0
0
0
0
1
0
1
0
0
0
0
0
0
0
0
0
0
0
0
0
0
0
0
0
1
0
0
0
1
1
0
0
0
0
1
0
0
1
1
0
1
1
0
0
0
0
1
0
0
1
1
1
0
0
0
1
0
0
0
1
0
2
0
1
0
0
0
0
0
0
1
0
0
0
0
0
0
1
0
2
0
0
1
0
0
0
0
1
0
0
0
0
0
1
0
0
0
2
0
0
0
0
0
2
1
0
0
0
0
3
0
0
1
1
0
0
1
0
1
0
1
1
0
0
2
0
0
0
1
1
0
0
0
1
0
0
1
0
0
1
2
0
0
1
0
0
0
0
0
0
0
0
0
0
2
0
1
1
1
1
0
0
0
0
0
0
0
0
1
0
0
0
0
0
1
0
0
0
0
0
1
0
0
0
0
0
0
0
0
0
0
0
0
0
1
1
0
0
3
1
0
1
1
0
0
1
0
0
2
0
0
0
0
0
0
0
0
1
0
0
0
1
0
0
1
0
0
0
0
0
0
1
0
1
0
0
0
0
0
0
0
1
0
0
0
0
1
1
3
1
0
0
1
0
0
0
0
2
1
0
0
1
0
1
0
0
2
0
2
0
0
0
0
0
0
0
1
0
0
0
0
1
1
0
0
0
0
1
0
0
0
0
0
0
2
1
0
0
0
0
1
0
0
0
0
0
0
0
0
0
0
0
0
0
0
0
0
0
0
0
1
0
0
0
1
0
0
0
0
0
0
1
0
1
0
0
0
3
0
2
0
0
0
0
0
0
0
0
1
2
0
0
0
1
1
0
0
2
0
0
0
0
0
1
0
0
1
0
0
1
1
0
1
0
0
0
2
0
0
0
0
0
0
0
0
0
0
0
0
0
0
0
0
2
0
0
0
0
0
0
0
0
0
0
1
0
0
1
0
0
0
0
1
0
0
0
0
0
0
0
0
1
0
1
0
0
0
0
0
1
0
0
1
1
1
0
1
0
0
0
0
1
0
0
0
0
0
0
1
0
1
0
1
0
0
0
0
0
1
0
0
0
0
0
0
0
1
0
0
0
0
0
0
0
1
0
0
0
0
0
0
0
0
0
0
0
0
0
0
0
0
0
0
0
0
0
0
0
0
0
0
0
1
0
0
1
1
0
0
0
0
1
0
0
0
0
0
0
0
0
0
0
0
0
0
0
0
0
0
0
0
1
0
0
0
0
0
0
0
0
0
0
0
0
0
0
0
0
0
0
0
0
0
0
0
0
0
0
0
0
0
0
0
0
0
0
0
0
0
0
0
0
0
0
0
0
0
0
0
0
0
0
0
0
0
0
0
0
0
0
1
0
0
0
0
0
0
0
0
0
0
0
0
0
0
0
0
0
0
0
0
0
0
0
0
0
0
0
0
0
0
0
0
0
0
0
0
0
0
0
0
0
0
0
0
0
0
0
0
0
0
0
0
0
0
0
0
0
0
0
0
0
0
0
0
0
0
0
0
0
0
1
0
0
0
0
0
0
0
0
0
0
0
0
0
0
0
0
0
0
0
0
0
0
0
0
0
0
0
0
0
0
0
0
0
0
0
0
0
0
0
0
0
0
0
0
0
0
0
0
0
0
0
0
0
0
0
0
0
0
0
0
0
0
0
0
0
0
0
0
0
0
0
0
0
0
0
0
0
0
0
0
0
0
0
0
0
0
0
0
0
0
0
0
0
0
0
0
0
0
0
0
0
0
0
0
0
0
0
0
0
0
0
0
0
0
0
0
0
0
0
0
0
0
0
0
0
0
0
0
0
0
0
0
0
0
0
0
0
0
0
0
0
0
0
0
0
0
0
0
0
0
0
0
0
0
0
0
0
0
0
0
0
0
0
0
0
0
0
0
0
0
0
0
0
0
0
0
0
0
0
0
0
0
0
0
0
0
0
0
0
0
0
0
0
0
0
0
0
0
0
0
0
0
0
0
0
0
0
0
0
0
0
0
0
0
0
0
0
0
0
0
0
0
0
0
0
0
0
0
0
0
0
0
0
0
0
0
0
0
0
0
0
0
0
0
0
0
0
0
0
0
0
0
0
0
0
0
0
0
0
0
0
0
0
0
0
0
0
0
0
0
0
0
0
0
0
0
0
0
0
0
0
0
0
0
0
0
0
0
0
0
0
0
0
0
0
0
0
0
0
0
0
0
0
0
0
0
0
0
0
0
0
0
0
0
0
0
0
0
0
0
0
0
0
0
0
0
0
0
0
0
0
0
0
0
0
0
0
0
0
0
0
0
0
0
0
0
0
0
0
0
0
0
0
0
0
0
0
0
0
0
0
0
0
0
0
0
0
0
0
0
0
0
0
0
0
0
0
0
0
0
0
0
0
0
0
0
0
0
0
0
0
0
0
0
0
0
0
0
0
0
0
0
0
0
0
0
0
0
0
0
0
0
0
0
0
0
0
0
0
0
0
0
0
0
0
0
0
0
0
0
0
0
0
0
0
0
0
0
0
0
0
0
0
0
0
0
0
0
0
0
0
0
0
0
0
0
0
0
0
0
0
0
0
0
0
0
0
0
0
0
0
0
0
0
0
0
0
0
0
0
0
0
0
0
0
0
0
0
0
0
0
0
0
0
0
0
0
0
0
0
0
0
0
0
0
0
0
0
0
0
0
0
0
0
0
0
0
0
0
0
0
0
0
0
0
0
0
0
0
0
0
0
0
0
0
0
0
0
0
0
0
0
0
0
0
0
0
0
0
0
0
0
0
0
0
0
0
0
0
0
0
0
0
0
0
0
0
0
0
0
0
0
0
0
0
0
0
0
0
0
0
0
0
0
0
0
0
0
0
0
0
0
0
0
0
0
0
0
0
0
0
0
0
0
0
0
0
0
0
0
0
0
0
0
0
0
0
0
0
0
0
0
0
0
0
0
0
0
0
0
0
0
0
0
0
0
0
0
0
0
0
0
0
0
0
0
0
0
0
0
0
0
0
0
0
0
0
0
0
0
0
0
0
0
0
0
0
0
0
0
0
0
0
0
0
0
0
0
0
0
0
0
0
0
0
0
0
0
0
0
0
0
0
0
0
0
0
0
0
0
0
0
0
0
0
0
0
0
0
0
0
0
0
0
0
0
0
0
0
0
0
0
0
0
0
0
0
0
0
0
0
0
0
0
0
0
0
0
0
0
0
0
0
0
0
0
0
0
0
0
0
0
0
0
0
0
0
0
0
0
0
0
0
0
0
0
0
0
0
0
0
0
0
0
0
0
0
0
0
0
0
0
0
0
0
0
0
0
0
0
0
0
0
0
0
0
0
0
0
0
0
0
0
0
0
0
0
0
0
0
0
0
0
0
0
0
0
0
0
0
0
0
0
0
0
0
0
0
0
0
0
0
0
0
0
0
0
0
0
0
0
0
0
0
0
0
0
0
0
0
0
0
0
0
0
0
0
0
0
0
0
0
0
0
0
0
0
0
0
0
0
0
0
0
0
0
0
0
0
0
0
0
0
0
0
0
0
0
0
0
0
0
0
0
0
0
0
0
0
0
0
0
0
0
0
0
0
0
0
0
0
0
0
0
0
0
0
0
0
0
0
0
0
0
0
0
0
0
0
0
0
0
0
0
0
0
0
0
0
0
0
0
0
0
0
0
0
0
0
0
0
0
0
0
0
0
0
0
0
0
0
0
0
0
0
0
0
0
0
0
0
0
0
0
0
0
0
0
0
0
0
0
0
0
0
0
0
0
0
0
0
0
0
0
0
0
0
0
0
0
0
0
0
0
0
0
0
0
0
0
0
0
0
0
0
0
0
0
0
0
0
0
0
0
0
0
0
0
0
0
0
0
0
0
0
0
0
0
0
0
0
0
0
0
0
0
0
0
0
0
0
0
0
0
0
0
0
0
0
0
0
0
0
0
0
0
0
0
0
0
0
0
0
0
0
0
0
0
0
0
0
0
0
0
0
0
0
0
0
0
0
0
0
0
0
0
0
0
0
0
0
0
0
0
0
0
0
0
0
0
0
0
0
0
0
0
0
0
0
0
0
0
0
0
0
0
0
0
0
0
0
0
0
0
0
0
0
0
0
0
0
0
0
0
0
0
0
0
0
0
0
0
0
0
0
0
0
0
0
0
0
0
0
0
0
0
0
0
0
0
0
0
0
0
0
0
0
0
0
0
0
0
0
0
0
0
0
0
0
0
0
0
0
0
0
0
0
0
0
0
0
0
0
0
0
0
0
0
0
0
0
0
0
0
0
0
0
0
0
0
0
0
0
0
0
0
0
0
0
0
0
0
0
0
0
0
0
0
0
0
0
0
0
0
0
0
0
0
0
0
0
0
0
0
0
0
0
0
0
0
0
0
0
0
0
0
0
0
0
0
0
0
0
0
0
0
0
0
0
0
0
0
0
0
0
0
0
0
0
0
0
0
0
0
0
0
0
0
0
0
0
0
0
0
0
0
0
0
0
0
0
0
0
0
0
0
0
0
0
0
0
0
0
0
0
0
0
0
0
0
0
0
0
0
0
0
0
0
0
0
0
0
0
0
0
0
0
0
0
0
0
0
0
0
0
0
0
0
0
0
0
0
0
0
0
0
0
0
0
0
0
0
0
0
0
0
0
0
0
0
0
0
0
0
0
0
0
0
0
0
0
0
0
0
0
0
0
0
0
0
0
0
0
0
0
0
0
0
0
0
0
0
0
0
0
0
0
0
0
0
0
0
0
0
0
0
0
0
0
0
0
0
0
0
0
0
0
0
0
0
0
0
0
0
0
0
0
0
0
0
0
0
0
0
0
0
0
0
0
0
0
0
0
0
0
0
0
0
0
0
0
0
0
0
0
0
0
0
0
0
0
0
0
0
0
0
0
0
0
0
0
0
0
0
0
0
0
0
0
0
0
0
0
0
0
0
0
0
0
0
0
0
0
0
0
0
0
0
0
0
0
0
0
0
0
0
0
0
0
0
0
0
0
0
0
0
0
0
0
0
0
0
0
0
0
0
0
0
0
0
0
0
0
0
0
0
0
0
0
0
0
0
0
0
0
0
0
0
0
0
0
0
0
0
0
0
0
0
0
0
0
0
0
0
0
0
0
0
0
0
0
0
0
0
0
0
0
0
0
0
0
0
0
0
0
0
0
0
0
0
0
0
0
0
0
0
0
0
0
0
0
0
0
0
0
0
0
0
0
0
0
0
0
0
0
0
0
0
0
0
0
0
0
0
0
0
0
0
0
0
0
0
0
0
0
0
0
0
0
0
0
0
0
0
0
0
0
0
0
0
0
0
0
0
0
0
0
0
0
0
0
0
0
0
0
0
0
0
0
0
0
0
0
0
0
0
0
0
0
0
0
0
0
0
0
0
0
0
0
0
0
0
0
0
0
0
0
0
0
0
0
0
0
0
0
0
0
0
0
0
0
0
0
0
0
0
0
0
0
0
0
0
0
0
0
0
0
0
0
0
0
0
0
0
0
0
0
0
0
0
0
0
0
0
0
0
0
0
0
0
0
0
0
0
0
0
0
0
0
0
0
0
0
0
0
0
0
0
0
0
0
0
