0
0
0
0
0
0
0
0
0
0
0
0
0
0
0
0
0
0
0
0
0
0
0
0
0
0
0
0
0
0
0
0
0
0
0
0
0
0
0
0
1
2
2
5
8
7
23
13
23
32
35
43
38
61
82
76
112
108
103
113
127
168
154
174
169
172
188
175
193
182
204
199
182
210
177
161
147
160
154
149
181
157
162
164
142
154
157
150
143
161
139
142
147
157
151
141
137
117
137
127
111
115
131
137
144
117
99
141
105
131
127
113
114
118
113
133
123
95
133
110
105
129
119
106
116
103
119
92
123
91
103
115
104
104
90
85
83
91
96
75
70
79
76
65
94
76
100
78
85
75
89
103
90
86
89
66
56
92
68
79
71
70
62
59
67
64
74
58
72
68
60
55
61
63
63
47
50
62
57
62
72
52
58
53
58
72
60
39
57
54
52
48
48
68
52
47
50
46
58
40
45
37
49
46
43
55
56
45
47
47
51
41
48
33
35
49
34
49
53
34
36
42
54
38
36
35
46
42
37
35
29
47
36
36
37
32
41
33
39
29
35
33
26
38
31
23
34
28
30
45
34
30
34
28
22
30
34
30
44
29
30
25
30
34
34
26
21
38
29
27
32
18
34
22
28
29
21
21
21
34
27
36
21
13
30
20
29
26
39
21
28
32
22
18
31
20
30
26
27
29
21
12
26
24
27
20
25
23
24
26
23
27
24
19
30
30
21
11
21
22
18
19
21
26
32
25
17
15
28
18
24
24
19
9
16
15
22
21
11
16
18
24
22
18
15
16
25
19
14
21
28
17
23
17
21
15
15
18
18
20
13
9
17
21
16
15
17
20
15
13
15
16
16
14
12
10
15
12
11
18
12
17
18
13
16
14
10
18
13
15
16
17
19
14
18
17
14
15
17
14
10
13
15
15
18
11
10
15
8
14
14
13
20
18
12
15
8
10
7
11
10
14
10
12
13
11
12
14
14
13
16
11
13
19
9
14
16
13
17
9
11
8
16
13
10
15
12
7
12
11
11
7
11
14
11
7
10
11
8
10
15
11
10
8
10
6
9
7
12
19
12
12
8
8
7
4
8
11
7
7
14
10
10
12
10
9
10
10
6
5
9
17
14
7
9
9
9
4
12
8
14
9
13
11
10
19
9
8
10
12
16
11
11
11
6
5
8
4
7
4
9
7
6
8
11
6
9
7
6
9
5
12
7
8
9
8
7
5
5
4
8
12
9
9
8
6
9
6
6
12
12
13
9
10
8
9
11
8
4
9
6
6
14
4
5
7
6
11
5
6
7
6
7
3
2
5
8
7
13
11
7
6
9
8
6
2
9
5
4
3
4
3
10
5
7
10
3
11
6
8
5
8
10
2
0
6
4
6
3
4
8
6
4
12
5
6
6
9
10
4
5
4
2
9
6
4
4
7
5
5
5
6
8
6
6
2
6
7
8
6
2
7
3
5
3
2
1
9
6
1
6
3
4
11
4
7
5
6
6
7
4
2
5
4
4
3
2
3
2
3
3
3
6
4
4
4
2
4
7
5
12
4
2
5
5
7
4
3
7
5
6
7
4
3
4
1
2
1
2
4
4
6
7
6
5
0
6
2
7
9
3
3
6
2
5
6
5
3
6
4
6
5
6
3
4
4
3
6
3
6
1
5
5
6
2
6
5
8
5
5
3
5
4
7
5
3
8
3
1
6
1
5
1
2
5
5
1
1
0
4
1
5
3
6
1
0
1
4
2
6
5
1
3
2
3
4
3
3
3
2
2
5
6
4
4
5
2
1
3
1
4
5
2
2
5
1
1
4
6
3
4
0
5
0
3
6
2
4
3
1
3
1
3
1
4
4
5
3
5
2
4
5
0
1
4
1
5
2
2
1
2
1
4
3
6
1
3
4
3
5
2
1
1
3
1
1
4
3
4
3
4
3
5
1
2
4
1
2
5
3
1
1
2
4
2
3
2
6
0
1
2
1
5
0
1
1
0
3
2
7
2
3
1
3
4
4
3
1
3
3
0
3
0
2
2
1
2
6
0
3
2
3
4
1
1
2
0
2
1
2
2
2
3
2
2
3
1
2
1
1
1
2
2
0
1
1
2
1
4
0
1
4
3
4
0
1
2
1
0
1
2
2
5
1
1
2
3
0
2
5
0
0
2
2
4
1
1
0
2
2
3
4
3
1
1
2
4
4
2
0
1
2
1
1
2
2
1
2
2
2
3
0
2
0
2
2
0
1
2
2
2
1
4
1
0
4
0
1
1
2
0
1
0
0
1
1
0
1
2
0
0
1
1
1
1
1
4
0
2
2
2
2
1
1
3
1
1
1
1
1
0
0
2
0
2
2
2
2
0
1
0
2
1
1
1
2
1
1
1
0
1
0
1
0
1
0
2
4
1
1
1
0
2
1
4
0
0
2
1
1
0
0
3
0
0
2
2
2
1
1
1
2
0
1
2
0
1
0
0
0
0
1
1
1
1
2
1
0
0
2
2
0
0
1
2
1
2
1
1
0
2
2
0
2
1
2
1
0
0
0
2
2
2
0
1
1
1
0
0
2
1
1
1
2
1
1
1
2
2
1
1
1
1
2
1
1
2
1
0
0
0
1
0
0
1
1
0
1
0
0
0
0
2
1
0
3
0
2
4
2
2
1
1
2
2
3
0
0
3
0
1
0
1
1
3
0
1
0
2
0
0
0
0
1
2
3
2
2
0
0
1
1
1
0
1
1
1
0
1
2
2
3
1
0
2
1
1
0
1
1
0
2
1
0
1
1
2
2
1
2
1
1
0
1
0
1
0
1
1
2
1
1
0
0
0
0
1
1
0
0
1
1
1
1
0
1
0
0
0
1
0
0
1
1
2
1
1
1
0
1
0
1
0
0
0
0
1
0
1
2
0
1
1
0
0
0
0
0
1
1
1
0
0
0
0
0
1
1
1
2
0
3
0
1
0
1
0
0
0
0
0
0
1
1
0
0
1
0
0
1
1
0
2
0
2
0
2
1
0
0
0
0
0
0
0
1
1
0
0
0
1
1
1
0
0
0
0
0
0
0
1
1
0
0
2
0
0
1
1
0
0
1
1
1
0
1
1
1
0
2
0
0
0
1
0
0
0
0
2
0
1
1
1
0
0
1
0
1
1
0
0
0
0
2
0
0
1
0
1
0
0
1
0
1
4
0
1
0
1
1
0
0
0
0
0
0
0
1
1
1
0
0
1
0
0
0
0
1
0
0
0
2
0
0
0
1
0
0
0
0
1
0
0
0
1
0
0
0
0
0
0
0
1
0
2
0
0
1
1
0
0
0
0
0
1
0
0
0
1
1
0
0
0
1
0
0
0
0
0
1
2
0
0
0
0
0
0
0
0
0
0
2
0
1
0
1
1
0
1
0
0
0
0
0
0
1
0
0
1
1
1
1
1
0
0
0
1
0
0
0
0
1
0
0
1
1
0
0
0
0
0
0
0
2
0
0
0
0
0
0
1
0
0
1
0
0
0
0
0
0
1
0
0
0
1
0
2
0
0
0
0
1
0
0
0
0
0
0
0
0
1
1
0
0
2
0
2
0
0
1
0
1
0
2
0
1
0
2
0
0
0
0
1
1
1
0
0
0
0
1
0
1
1
1
0
1
0
0
0
0
0
0
0
1
0
1
0
0
0
1
0
0
0
0
0
0
0
0
0
1
1
0
0
0
1
0
0
1
1
1
0
0
0
2
2
0
0
0
0
1
0
0
0
0
0
1
0
0
0
0
0
0
0
0
0
0
0
0
0
1
1
1
0
0
0
0
0
0
0
0
0
0
0
0
1
0
0
0
0
0
0
0
0
1
0
0
0
1
1
0
0
0
0
0
0
0
1
0
0
0
0
0
0
0
0
0
1
0
0
0
0
0
1
0
0
0
0
0
0
0
0
0
0
0
0
0
0
1
0
0
0
0
0
0
0
0
1
0
0
0
0
0
0
0
0
0
0
0
0
0
0
0
0
0
0
0
0
0
0
0
0
0
0
0
0
0
0
1
0
0
0
0
0
0
0
0
0
1
0
0
0
0
0
0
1
0
1
0
0
0
1
0
0
0
0
0
0
1
0
0
0
0
0
0
0
0
0
0
1
0
0
1
0
0
0
0
2
0
0
0
0
0
0
0
0
0
0
2
0
1
0
0
1
0
0
0
0
1
0
1
0
0
0
0
0
3
0
0
0
0
0
0
0
0
0
0
0
0
0
0
0
0
0
1
1
0
0
0
0
0
0
0
0
1
0
1
1
0
0
0
0
0
0
0
0
0
2
0
0
0
0
0
0
0
0
0
0
0
0
0
0
0
0
0
1
1
0
0
0
2
0
0
0
0
0
1
0
0
0
0
0
0
0
0
0
1
0
0
0
0
0
0
1
0
0
0
0
0
0
0
0
1
0
0
0
0
1
0
1
0
0
0
1
0
0
1
0
1
0
0
0
0
0
0
0
0
0
0
0
0
0
0
0
0
1
0
1
0
0
0
0
0
0
0
0
0
0
0
0
0
0
0
0
0
0
0
0
0
0
0
0
0
0
0
2
1
0
0
0
0
0
0
0
0
0
0
0
0
0
0
1
0
0
0
0
1
0
0
0
0
1
0
1
1
0
0
1
0
0
0
0
0
0
0
0
0
0
0
0
0
1
0
0
0
0
0
0
0
0
0
0
0
0
0
0
0
1
0
0
0
0
0
0
0
0
0
0
0
0
0
0
0
0
0
0
0
0
1
1
0
0
0
0
0
0
0
0
0
0
0
0
0
0
0
0
1
0
0
0
0
1
0
0
0
1
0
0
0
0
1
0
0
0
0
0
0
0
0
0
0
0
1
0
0
0
0
0
0
0
0
0
0
0
0
0
0
0
0
0
0
0
0
0
0
0
0
0
0
0
0
0
0
0
0
0
0
0
0
0
0
0
0
0
0
0
0
0
0
0
0
0
0
0
0
0
0
0
0
0
0
0
0
0
0
0
0
0
0
0
0
0
0
0
0
0
0
0
0
0
0
0
0
0
0
0
0
0
0
0
1
0
0
0
0
0
0
0
0
0
0
0
0
0
0
0
0
0
0
0
0
0
0
0
0
0
0
0
0
0
0
0
0
0
0
0
0
0
0
0
0
0
0
0
0
0
0
0
0
0
0
0
0
0
0
0
0
0
0
0
0
0
0
0
0
0
0
0
0
0
0
0
0
0
0
0
0
0
0
0
0
0
0
0
0
0
0
0
0
0
0
0
0
0
0
0
0
0
0
0
0
0
0
0
0
0
0
0
0
0
0
0
0
0
0
0
0
0
0
0
0
0
0
0
0
0
0
0
0
0
0
0
0
0
0
0
0
0
0
0
0
0
0
0
0
0
0
0
0
0
0
0
0
0
0
0
0
0
0
0
0
0
0
0
0
0
0
0
0
0
0
0
0
0
0
0
0
0
0
0
0
0
0
0
0
0
0
0
0
0
0
0
0
0
0
0
0
0
0
0
0
0
0
0
0
0
0
0
0
0
0
0
0
0
0
0
0
0
0
0
0
0
0
0
0
0
0
0
0
0
0
0
0
0
0
0
0
0
0
0
0
0
0
0
0
0
0
0
0
0
0
0
0
0
0
0
0
0
0
0
0
0
0
0
0
0
0
0
0
0
0
0
0
0
0
0
0
0
0
0
0
0
0
0
0
0
0
0
0
0
0
0
0
0
0
0
0
0
0
0
0
0
0
0
0
0
0
0
0
0
0
0
0
0
0
0
0
0
0
0
0
0
0
0
0
0
0
0
0
0
0
0
0
0
0
0
0
0
0
0
0
0
0
0
0
0
0
0
0
0
0
0
0
0
0
0
0
0
0
0
0
0
0
0
0
0
0
0
0
0
0
0
0
0
0
0
0
0
0
0
0
0
0
0
0
0
0
0
0
0
0
0
0
0
0
0
0
0
0
0
0
0
0
0
0
0
0
0
0
0
0
0
0
0
0
0
0
0
0
0
0
0
0
0
0
0
0
0
0
0
0
0
0
0
0
0
0
0
0
0
0
0
0
0
0
0
0
0
0
0
0
0
0
0
0
0
0
0
0
0
0
0
0
0
0
0
0
0
0
0
0
0
0
0
0
0
0
0
0
0
0
0
0
0
0
0
0
0
0
0
0
0
0
0
0
0
0
0
0
0
0
0
0
0
0
0
0
0
0
0
0
0
0
0
0
0
0
0
0
0
0
0
0
0
0
0
0
0
0
0
0
0
0
0
0
0
0
0
0
0
0
0
0
0
0
0
0
0
0
0
0
0
0
0
0
0
0
0
0
0
0
0
0
0
0
0
0
0
0
0
0
0
0
0
0
0
0
0
0
0
0
0
0
0
0
0
0
0
0
0
0
0
0
0
0
0
0
0
0
0
0
0
0
0
0
0
0
0
0
0
0
0
0
0
0
0
0
0
0
0
0
0
0
0
0
0
0
0
0
0
0
0
0
0
0
0
0
0
0
0
0
0
0
0
0
0
0
0
0
0
0
0
0
0
0
0
0
0
0
0
0
0
0
0
0
0
0
0
0
0
0
0
0
0
0
0
0
0
0
0
0
0
0
0
0
0
0
0
0
0
0
0
0
0
0
0
0
0
0
0
0
0
0
0
0
0
0
0
0
0
0
0
0
0
0
0
0
0
0
0
0
0
0
0
0
0
0
0
0
0
0
0
0
0
0
0
0
0
0
0
0
0
0
0
0
0
0
0
0
0
0
0
0
0
0
0
0
0
0
0
0
0
0
0
0
0
0
0
0
0
0
0
0
0
0
0
0
0
0
0
0
0
0
0
0
0
0
0
0
0
0
0
0
0
0
0
0
0
0
0
0
0
0
0
0
0
0
0
0
0
0
0
0
0
0
0
0
0
0
0
0
0
0
0
0
0
0
0
0
0
0
0
0
0
0
0
0
0
0
0
0
0
0
0
0
0
0
0
0
0
0
0
0
0
0
0
0
0
0
0
0
0
0
0
0
0
0
0
0
0
0
0
0
0
0
0
0
0
0
0
0
0
0
0
0
0
0
0
0
0
0
0
0
0
0
0
0
0
0
0
0
0
0
0
0
0
0
0
0
0
0
0
0
0
0
0
0
0
0
0
0
0
0
0
0
0
0
0
0
0
0
0
0
0
0
0
0
0
0
0
0
0
0
0
0
0
0
0
0
0
0
0
0
0
0
0
0
0
0
0
0
0
0
0
0
0
0
0
0
0
0
0
0
0
0
0
0
0
0
0
0
0
0
0
0
0
0
0
0
0
0
0
0
0
0
0
0
0
0
0
0
0
0
0
0
0
0
0
0
0
0
0
0
0
0
0
0
0
0
0
0
0
0
0
0
0
0
0
0
0
0
0
0
0
0
0
0
0
0
0
0
0
0
0
0
0
0
0
0
0
0
0
0
0
0
0
0
0
0
0
0
0
0
0
0
0
0
0
0
0
0
0
0
0
0
0
0
0
0
0
0
0
0
0
0
0
0
0
0
0
0
0
0
0
0
0
0
0
0
0
0
0
0
0
0
0
0
0
0
0
0
0
0
0
0
0
0
0
0
0
0
0
0
0
0
0
0
0
0
0
0
0
0
0
0
0
0
0
0
0
0
0
0
0
0
0
0
0
0
0
0
0
0
0
0
0
0
0
0
0
0
0
0
0
0
0
0
0
0
0
0
0
0
0
0
0
0
0
0
0
0
0
0
0
0
0
0
0
0
0
0
0
0
0
0
0
0
0
0
0
0
0
0
0
0
0
0
0
0
0
0
0
0
0
0
0
0
0
0
0
0
0
0
0
0
0
0
0
0
0
0
0
0
0
0
0
0
0
0
0
0
0
0
0
0
0
0
0
0
0
0
0
0
0
0
0
0
0
0
0
0
0
0
0
0
0
0
0
0
0
0
0
0
0
0
0
0
0
0
0
0
0
0
0
0
0
0
0
0
0
0
0
0
0
0
0
0
0
0
0
0
0
0
0
0
0
0
0
0
0
0
0
0
0
0
0
0
0
0
0
0
0
0
0
0
0
0
0
0
0
0
0
0
0
0
0
0
0
0
0
0
0
0
0
0
0
0
0
0
0
0
0
0
0
0
0
0
0
0
0
0
0
0
0
0
0
0
0
0
0
0
0
0
0
0
0
0
0
0
0
0
0
0
0
0
0
0
0
0
0
0
0
0
0
0
0
0
0
0
0
0
0
0
0
0
0
0
0
0
0
0
0
0
0
0
0
0
0
0
0
0
0
0
0
0
0
0
0
0
0
0
0
0
0
0
0
0
0
0
0
0
0
0
0
0
0
0
0
0
0
0
0
0
0
0
0
0
0
0
0
0
0
0
0
0
0
0
0
0
0
0
0
0
0
0
0
0
0
0
0
0
0
0
0
0
0
0
0
0
0
0
0
0
0
0
0
0
0
0
0
0
0
0
0
0
0
0
0
0
0
0
0
0
0
0
0
0
0
0
0
0
0
0
0
0
0
0
0
0
0
0
0
0
0
0
0
0
0
0
0
0
0
0
0
0
0
0
0
0
0
0
0
0
0
0
0
0
0
0
0
0
0
0
0
0
0
0
0
0
0
0
0
0
0
0
0
0
0
0
0
0
0
0
0
0
0
0
0
0
0
0
0
0
0
0
0
0
0
0
0
0
0
0
0
0
0
0
0
0
0
0
0
0
0
0
0
0
0
0
0
0
0
0
0
0
0
0
0
0
0
0
0
0
0
0
0
0
0
0
0
0
0
0
0
0
0
0
0
0
0
0
0
0
0
0
0
0
0
0
0
0
0
0
0
0
0
0
0
0
0
0
0
0
0
0
0
0
0
0
0
0
0
0
0
0
0
0
0
0
0
0
0
0
0
0
0
0
0
0
0
0
0
0
0
0
0
0
0
0
0
0
0
0
0
0
0
0
0
0
0
0
0
0
0
0
0
0
0
0
0
0
0
0
0
0
0
0
0
0
0
0
0
0
0
0
0
0
0
0
0
0
0
0
0
0
0
0
0
0
0
0
0
0
0
0
0
0
0
0
0
0
0
0
0
0
0
0
0
0
0
0
0
0
0
0
0
0
0
0
0
0
0
0
0
0
0
0
0
0
0
0
0
0
0
0
0
0
0
0
0
0
0
0
0
0
0
0
0
0
0
0
0
0
0
0
0
0
0
0
0
0
0
0
0
0
0
0
0
0
0
0
0
0
0
0
0
0
0
0
0
0
0
0
0
0
0
0
0
0
0
0
0
0
0
0
0
