0
0
0
0
0
0
0
0
0
0
0
0
0
0
0
0
0
0
0
0
0
0
0
0
0
0
0
0
0
1
0
0
0
0
1
0
0
0
0
1
1
2
0
6
8
7
6
13
18
19
37
29
42
56
64
82
86
100
127
116
135
161
168
156
153
173
158
178
175
201
169
148
152
172
175
188
161
149
157
152
129
155
152
154
141
152
119
144
120
133
151
152
125
111
107
144
117
124
130
104
137
136
107
123
120
121
119
115
117
85
108
129
114
116
106
99
88
111
108
83
87
100
91
96
89
85
95
79
92
86
84
62
84
102
84
88
89
102
65
88
79
85
82
71
87
82
91
71
64
64
60
64
62
63
64
60
64
48
68
65
67
49
74
61
56
69
66
70
60
58
54
50
66
51
67
56
58
58
57
60
61
49
44
45
53
47
43
53
51
54
54
47
51
48
47
52
41
51
60
42
47
39
41
34
40
50
45
41
46
40
48
36
51
34
50
32
40
40
37
34
33
23
48
38
35
31
37
45
39
38
28
28
25
38
30
32
34
38
37
43
36
21
24
31
40
43
31
28
33
26
39
24
29
26
26
30
32
31
22
23
28
19
20
26
24
26
29
32
20
26
34
18
20
29
32
21
27
30
30
26
19
18
23
24
27
14
14
26
20
23
20
21
17
27
16
17
24
21
14
22
15
20
26
24
14
26
34
21
22
21
17
14
19
19
14
15
12
19
14
15
22
16
15
20
17
23
22
28
24
18
18
18
27
19
13
15
17
21
16
14
22
16
21
20
15
13
19
19
14
22
16
19
13
20
9
16
25
7
8
12
18
15
17
18
15
14
13
19
18
16
15
13
19
11
17
14
12
9
13
16
19
15
14
13
10
7
10
13
9
14
14
18
14
10
14
8
12
2
10
8
15
8
15
9
7
5
14
11
11
5
16
13
11
11
16
18
10
12
15
4
11
17
14
10
15
14
11
14
11
12
9
13
9
13
9
10
11
12
11
14
17
10
9
14
9
9
14
11
12
12
11
9
9
19
11
10
12
15
8
8
9
13
5
8
6
10
9
9
7
14
4
7
12
5
9
16
7
18
7
3
7
6
7
9
8
7
12
4
16
8
13
1
11
13
12
7
12
13
5
10
12
10
11
10
9
9
10
12
8
8
6
11
5
6
8
10
15
9
6
11
8
9
6
9
8
8
8
8
2
8
12
10
7
7
5
10
6
7
9
9
8
7
5
5
8
8
10
10
7
3
10
10
5
8
5
3
8
5
7
8
8
8
4
11
7
8
9
8
6
12
4
5
4
7
4
7
9
6
6
5
6
7
4
2
6
9
3
4
6
6
4
5
8
10
10
6
10
6
6
1
6
5
13
3
4
3
9
4
12
4
5
5
8
7
7
11
9
5
6
9
10
7
9
4
6
5
2
7
2
3
4
5
5
2
5
5
0
9
4
3
7
8
5
3
4
3
5
4
9
0
4
2
8
5
3
6
6
8
3
8
5
11
1
2
5
2
7
5
3
6
4
4
4
4
3
2
2
2
2
5
3
5
3
3
8
3
2
4
4
4
4
3
5
3
4
4
1
4
2
3
0
3
8
3
2
4
6
3
3
2
6
3
3
3
2
7
7
2
4
4
7
4
8
7
3
4
5
5
4
3
2
4
2
0
4
7
1
6
2
5
3
0
5
5
3
2
9
5
2
3
5
4
5
3
6
2
3
6
3
8
10
3
5
3
4
7
3
2
2
7
7
4
1
2
2
5
3
7
4
5
1
7
3
5
4
3
4
2
3
2
1
8
1
3
3
2
4
9
1
5
2
5
3
1
1
5
6
6
3
1
3
5
1
2
3
4
2
3
2
0
1
5
3
3
2
5
2
2
4
0
3
2
3
4
3
4
2
2
1
4
3
0
2
1
0
2
2
3
1
7
1
2
2
2
1
1
4
2
2
5
4
4
3
1
4
1
2
3
6
7
3
3
4
4
3
1
1
3
2
2
2
4
5
5
2
2
3
2
0
3
6
3
1
1
2
2
3
4
3
2
5
2
1
0
4
3
4
3
3
4
8
3
4
3
2
1
4
2
3
2
3
1
5
2
2
1
2
2
1
6
1
3
2
2
5
0
2
2
0
2
2
0
0
1
3
3
4
1
2
3
0
1
1
3
4
1
1
2
4
3
3
4
2
2
2
4
1
1
3
1
2
1
3
1
1
2
3
2
1
2
2
3
3
2
3
2
2
2
3
2
3
1
0
0
2
3
1
2
4
2
4
2
0
2
2
2
1
1
1
2
2
1
1
0
3
0
2
0
2
1
1
0
1
2
2
1
1
1
0
1
3
2
0
2
3
1
1
0
0
0
0
0
0
2
3
1
0
1
2
0
2
4
0
3
0
0
1
0
0
0
0
0
3
2
3
2
0
1
0
2
3
0
0
2
4
0
0
0
3
1
0
1
0
0
0
1
1
0
0
0
0
1
1
1
1
2
1
1
2
0
0
3
1
1
1
1
0
2
3
0
2
0
0
1
1
2
1
0
3
1
2
0
0
1
2
0
0
1
1
0
1
0
0
0
0
1
0
3
1
1
0
2
2
1
1
1
1
0
0
0
0
1
1
3
0
0
2
0
0
0
1
1
1
0
1
2
0
1
1
0
1
0
0
1
1
0
1
0
1
2
1
0
1
2
3
1
1
0
1
1
1
1
0
0
1
0
1
1
0
0
0
1
1
0
0
2
1
1
0
0
0
0
0
0
1
0
0
0
0
1
1
1
0
0
1
2
0
2
0
0
0
1
2
2
0
1
1
0
0
0
2
0
2
0
1
0
0
0
0
0
0
1
0
0
0
1
0
1
1
1
0
1
1
1
0
1
0
0
0
0
0
0
0
0
0
0
1
0
1
0
0
1
0
0
0
0
2
0
0
1
1
1
0
1
2
0
2
1
0
0
2
0
2
0
0
1
1
0
2
0
0
0
1
1
0
1
1
1
1
1
0
1
4
0
0
0
0
0
0
0
1
2
0
0
1
1
2
0
0
2
0
0
0
0
1
1
1
0
2
1
1
0
0
1
0
0
1
0
1
0
0
1
0
0
1
0
0
0
1
0
0
1
1
0
0
1
0
0
1
0
2
0
1
2
2
0
0
0
0
1
0
1
0
1
0
0
0
0
0
0
1
0
0
0
0
1
0
0
1
0
2
0
0
0
0
0
0
0
0
0
0
0
1
0
0
0
2
0
0
0
0
0
1
0
0
0
1
0
0
0
0
1
2
0
0
0
0
0
0
0
0
1
1
0
0
0
0
0
1
0
0
0
0
0
0
0
0
0
0
0
0
0
1
1
0
1
1
0
0
0
0
0
0
0
0
0
1
0
0
1
1
0
1
1
2
0
0
0
0
1
1
0
0
1
1
0
0
0
1
0
1
1
1
0
0
0
1
0
0
0
0
1
1
0
0
0
0
2
0
0
2
0
0
0
0
0
0
0
1
1
0
1
0
0
0
0
0
0
0
0
1
1
0
0
0
1
0
0
0
0
0
0
0
0
1
1
0
0
0
0
0
0
0
1
0
0
0
0
0
0
0
1
1
0
1
0
0
0
0
0
0
3
0
0
0
1
0
0
0
0
0
0
1
0
0
1
1
1
1
0
0
0
0
0
0
0
0
1
1
0
0
0
1
0
1
1
0
0
0
0
0
1
0
0
0
0
0
0
0
0
0
0
0
0
0
0
0
0
0
0
0
0
0
0
1
0
1
1
0
0
0
0
1
0
0
0
0
0
0
0
1
0
1
0
0
1
1
1
0
0
0
0
1
0
0
1
0
0
0
0
0
0
0
0
0
1
0
0
0
0
0
0
0
0
0
0
0
0
0
0
1
0
0
0
0
0
0
0
0
0
0
0
0
0
0
0
0
0
0
0
0
0
3
1
1
1
0
0
0
0
1
0
0
0
0
0
0
0
1
0
0
0
0
0
0
0
1
0
0
0
0
0
0
0
0
1
0
1
0
0
0
0
0
0
1
0
0
0
1
1
0
0
2
0
0
0
0
0
0
0
0
0
0
0
0
0
0
0
0
0
0
1
1
0
0
0
0
1
0
0
0
1
0
0
1
0
0
0
0
0
0
0
1
0
0
0
1
0
0
0
0
0
1
0
2
0
1
0
1
0
0
0
0
0
0
0
0
0
0
0
0
1
0
0
0
0
0
0
0
0
0
0
0
0
0
0
0
0
0
0
0
1
1
0
1
0
0
0
0
0
0
0
1
0
0
0
1
0
0
0
1
0
1
0
0
0
0
0
0
0
0
0
0
0
0
0
0
0
0
1
0
0
0
0
0
0
0
0
0
1
0
0
0
0
1
1
0
0
0
1
0
0
0
0
0
1
0
0
0
0
0
1
0
0
0
0
0
0
0
1
1
0
0
0
0
0
0
0
1
0
0
1
0
0
0
0
0
0
0
1
1
0
1
1
1
0
0
0
0
0
0
1
0
0
0
2
0
0
0
0
0
0
0
0
0
0
0
1
1
0
0
0
0
0
0
0
0
0
0
0
0
0
0
0
0
1
0
0
0
0
0
0
0
0
0
0
0
0
0
0
0
0
0
0
0
0
1
0
0
0
0
0
0
0
0
0
0
1
0
0
0
0
0
0
0
0
0
0
0
0
0
0
0
0
0
0
0
0
0
0
1
0
0
0
0
0
0
0
0
0
0
0
0
0
0
0
0
0
0
0
0
0
2
0
0
0
0
0
0
0
0
0
0
0
0
0
0
0
0
0
0
0
0
0
0
0
0
0
0
0
1
0
0
0
0
0
0
0
0
0
0
0
0
0
0
0
0
0
0
0
0
0
0
0
0
0
0
0
0
0
0
0
0
0
0
0
0
0
0
0
0
0
0
0
0
0
0
0
0
0
0
0
0
0
0
0
0
0
0
0
0
0
0
0
0
0
0
0
0
0
0
0
0
0
0
0
0
0
0
0
0
0
0
0
0
0
0
0
0
0
0
0
0
0
0
0
0
0
0
0
0
0
0
0
0
0
0
0
0
0
0
0
0
0
0
0
0
0
0
0
0
0
0
0
0
1
0
0
1
0
0
0
0
0
0
0
0
0
0
0
0
0
0
0
0
0
0
0
0
0
0
0
0
0
0
0
0
0
0
0
0
0
0
0
0
0
1
0
0
0
0
0
0
0
0
0
0
0
0
0
0
0
0
0
0
0
0
0
0
0
0
0
0
0
0
0
0
0
0
0
0
0
0
0
0
0
0
0
0
0
0
0
0
0
0
0
0
0
0
0
0
0
0
0
0
0
0
0
0
0
0
0
0
0
0
0
0
0
0
0
0
0
0
0
0
0
0
0
0
0
0
0
0
0
0
0
0
0
0
0
0
0
0
0
0
0
0
0
0
0
0
0
0
0
0
0
0
0
0
0
0
0
0
0
0
0
0
0
0
0
0
0
0
0
0
0
0
0
0
0
0
0
0
0
0
0
0
0
0
0
0
0
0
0
0
0
0
0
0
0
0
0
0
0
0
0
0
0
0
0
0
0
0
0
0
0
0
0
0
0
0
0
0
0
0
0
0
0
0
0
0
0
0
0
0
0
0
0
0
0
0
0
0
0
0
0
0
0
0
0
0
0
0
0
0
0
0
0
0
0
0
0
0
0
0
0
0
0
0
0
0
0
0
0
0
0
0
0
0
0
0
0
0
0
0
0
0
0
0
0
0
0
0
0
0
0
0
0
0
0
0
0
0
0
0
0
0
0
0
0
0
0
0
0
0
0
0
0
0
0
0
0
0
0
0
0
0
0
0
0
0
0
0
0
0
0
0
0
0
0
0
0
0
0
0
0
0
0
0
0
0
0
0
0
0
0
0
0
0
0
0
0
0
0
0
0
0
0
0
0
0
0
0
0
0
0
0
0
0
0
0
0
0
0
0
0
0
0
0
0
0
0
0
0
0
0
0
0
0
0
0
0
0
0
0
0
0
0
0
0
0
0
0
0
0
0
0
0
0
0
0
0
0
0
0
0
0
0
0
0
0
0
0
0
0
0
0
0
0
0
0
0
0
0
0
0
0
0
0
0
0
0
0
0
0
0
0
0
0
0
0
0
0
0
0
0
0
0
0
0
0
0
0
0
0
0
0
0
0
0
0
0
0
0
0
0
0
0
0
0
0
0
0
0
0
0
0
0
0
0
0
0
0
0
0
0
0
0
0
0
0
0
0
0
0
0
0
0
0
0
0
0
0
0
0
0
0
0
0
0
0
0
0
0
0
0
0
0
0
0
0
0
0
0
0
0
0
0
0
0
0
0
0
0
0
0
0
0
0
0
0
0
0
0
0
0
0
0
0
0
0
0
0
0
0
0
0
0
0
0
0
0
0
0
0
0
0
0
0
0
0
0
0
0
0
0
0
0
0
0
0
0
0
0
0
0
0
0
0
0
0
0
0
0
0
0
0
0
0
0
0
0
0
0
0
0
0
0
0
0
0
0
0
0
0
0
0
0
0
0
0
0
0
0
0
0
0
0
0
0
0
0
0
0
0
0
0
0
0
0
0
0
0
0
0
0
0
0
0
0
0
0
0
0
0
0
0
0
0
0
0
0
0
0
0
0
0
0
0
0
0
0
0
0
0
0
0
0
0
0
0
0
0
0
0
0
0
0
0
0
0
0
0
0
0
0
0
0
0
0
0
0
0
0
0
0
0
0
0
0
0
0
0
0
0
0
0
0
0
0
0
0
0
0
0
0
0
0
0
0
0
0
0
0
0
0
0
0
0
0
0
0
0
0
0
0
0
0
0
0
0
0
0
0
0
0
0
0
0
0
0
0
0
0
0
0
0
0
0
0
0
0
0
0
0
0
0
0
0
0
0
0
0
0
0
0
0
0
0
0
0
0
0
0
0
0
0
0
0
0
0
0
0
0
0
0
0
0
0
0
0
0
0
0
0
0
0
0
0
0
0
0
0
0
0
0
0
0
0
0
0
0
0
0
0
0
0
0
0
0
0
0
0
0
0
0
0
0
0
0
0
0
0
0
0
0
0
0
0
0
0
0
0
0
0
0
0
0
0
0
0
0
0
0
0
0
0
0
0
0
0
0
0
0
0
0
0
0
0
0
0
0
0
0
0
0
0
0
0
0
0
0
0
0
0
0
0
0
0
0
0
0
0
0
0
0
0
0
0
0
0
0
0
0
0
0
0
0
0
0
0
0
0
0
0
0
0
0
0
0
0
0
0
0
0
0
0
0
0
0
0
0
0
0
0
0
0
0
0
0
0
0
0
0
0
0
0
0
0
0
0
0
0
0
0
0
0
0
0
0
0
0
0
0
0
0
0
0
0
0
0
0
0
0
0
0
0
0
0
0
0
0
0
0
0
0
0
0
0
0
0
0
0
0
0
0
0
0
0
0
0
0
0
0
0
0
0
0
0
0
0
0
0
0
0
0
0
0
0
0
0
0
0
0
0
0
0
0
0
0
0
0
0
0
0
0
0
0
0
0
0
0
0
0
0
0
0
0
0
0
0
0
0
0
0
0
0
0
0
0
0
0
0
0
0
0
0
0
0
0
0
0
0
0
0
0
0
0
0
0
0
0
0
0
0
0
0
0
0
0
0
0
0
0
0
0
0
0
0
0
0
0
0
0
0
0
0
0
0
0
0
0
0
0
0
0
0
0
0
0
0
0
0
0
0
0
0
0
0
0
0
0
0
0
0
0
0
0
0
0
0
0
0
0
0
0
0
0
0
0
0
0
0
0
0
0
0
0
0
0
0
0
0
0
0
0
0
0
0
0
0
0
0
0
0
0
0
0
0
0
0
0
0
0
0
0
0
0
0
0
0
0
0
0
0
0
0
0
0
0
0
0
0
0
0
0
0
0
0
0
0
0
0
0
0
0
0
0
0
0
0
0
0
0
0
0
0
0
0
0
0
0
0
0
0
0
0
0
0
0
0
0
0
0
0
0
0
0
0
0
0
0
0
0
0
0
0
0
0
0
0
0
0
0
0
0
0
0
0
0
0
0
0
0
0
0
0
0
0
0
0
0
0
0
0
0
0
0
0
0
0
0
0
0
0
0
0
0
0
0
0
0
0
0
0
0
0
0
0
0
0
0
0
0
0
0
0
0
0
0
0
0
0
0
0
0
0
0
0
0
0
0
0
0
0
0
0
0
0
0
0
0
0
0
0
0
0
0
0
0
0
0
0
0
0
0
0
0
0
0
0
0
0
0
0
0
0
0
0
0
0
0
0
0
0
0
0
0
0
0
0
0
0
0
0
0
0
0
0
0
0
0
0
0
0
0
0
0
0
0
0
0
0
0
0
0
0
0
0
0
0
0
0
0
0
0
0
0
0
0
0
0
0
0
0
0
0
0
0
0
0
0
0
0
0
0
0
0
0
0
0
0
0
0
0
0
0
0
0
0
0
0
0
0
0
0
0
0
0
0
0
0
0
0
0
0
0
0
0
0
0
0
0
0
0
0
0
0
0
0
0
0
0
0
0
0
0
0
0
0
0
0
0
0
0
0
0
0
0
0
0
0
0
0
0
0
0
0
0
0
0
0
0
0
0
0
0
0
0
0
0
0
0
0
0
0
0
0
0
0
0
0
0
0
0
0
0
0
0
0
0
0
0
0
0
0
0
0
0
0
0
0
0
0
0
0
0
0
0
0
0
0
0
0
0
0
0
0
0
0
0
0
0
0
0
0
0
0
0
0
0
0
0
0
0
0
0
0
0
0
0
0
0
0
0
0
0
0
0
0
0
0
0
0
0
0
0
0
0
0
0
0
0
0
0
0
0
0
0
0
0
0
0
0
0
0
0
0
0
0
0
0
0
0
0
0
0
0
0
0
0
0
0
0
0
0
0
0
0
0
0
0
0
0
0
0
0
0
0
0
0
0
0
0
0
0
0
0
0
0
0
0
0
0
0
0
0
0
0
0
0
0
0
0
0
0
0
0
0
0
0
0
0
0
0
0
0
0
0
0
0
0
0
0
0
0
0
0
0
0
0
0
0
0
0
0
0
0
0
0
0
0
0
0
0
0
0
0
0
0
0
0
0
0
0
0
0
0
0
0
0
0
0
0
0
0
0
0
0
0
0
0
0
0
0
0
0
0
0
0
0
0
0
0
0
0
0
0
0
0
0
0
0
0
0
0
0
0
0
0
0
0
0
0
0
0
0
0
0
0
0
0
0
0
0
0
0
0
0
0
0
0
0
0
0
0
0
0
0
0
0
0
0
0
0
