0
0
0
0
0
0
0
0
0
0
0
0
0
0
0
0
0
0
0
0
0
0
0
0
0
0
0
0
0
0
0
0
0
0
0
0
0
0
1
0
4
0
5
3
6
6
10
22
18
27
30
53
63
64
77
104
100
108
138
128
144
141
185
165
185
182
204
208
210
196
182
186
171
196
160
186
185
164
180
191
185
187
142
164
160
181
170
170
177
156
163
157
128
164
141
152
164
144
152
159
146
145
140
122
143
142
157
141
143
152
150
133
120
131
131
116
111
111
121
133
102
129
129
143
112
112
136
131
107
102
129
93
122
121
116
114
107
104
111
96
126
106
114
95
99
101
107
83
81
95
96
81
89
88
99
82
98
82
77
101
82
87
70
94
70
90
82
83
65
86
88
75
69
81
71
81
60
66
77
72
64
79
75
59
73
72
50
67
56
59
66
86
53
54
60
49
58
55
64
52
63
47
48
63
54
50
57
60
54
57
53
43
48
42
57
61
55
48
49
59
56
47
48
40
44
43
50
44
51
45
46
53
46
40
52
45
38
53
37
50
43
30
45
42
39
40
43
34
41
37
37
39
35
39
43
50
35
44
39
32
29
33
35
34
40
28
40
32
28
25
29
29
32
31
32
33
20
31
38
27
36
42
35
41
32
35
23
26
29
23
28
34
20
21
35
37
24
30
26
24
23
30
17
29
23
23
32
15
25
21
22
21
23
16
28
24
21
18
29
18
31
28
21
21
18
20
36
26
23
16
29
24
20
23
20
19
16
20
23
28
23
20
22
20
31
20
21
17
22
14
21
18
20
20
22
24
18
25
20
15
20
17
18
13
20
19
18
23
21
21
13
23
12
20
19
18
15
20
12
14
18
20
16
15
19
13
17
13
18
12
16
17
18
9
12
16
11
16
21
20
16
14
17
20
8
13
18
14
18
17
19
10
14
16
18
10
14
11
10
21
11
17
17
15
12
10
14
14
8
13
13
12
12
12
16
13
8
16
12
11
16
13
20
11
7
11
16
11
21
9
8
13
9
14
9
16
12
18
9
12
12
13
11
15
10
10
14
10
8
5
12
17
14
13
7
8
10
11
8
14
13
16
11
5
10
18
12
14
6
7
13
13
13
17
6
7
16
8
24
11
9
9
9
10
12
11
5
9
15
7
9
14
14
5
10
11
11
10
12
6
10
12
8
8
9
9
9
9
6
13
10
10
8
6
14
12
9
4
10
4
11
9
12
6
8
5
8
9
9
10
8
9
5
5
8
8
16
5
11
9
4
10
11
8
2
6
6
6
10
7
6
7
7
10
5
9
7
6
2
5
3
6
5
5
10
14
11
6
11
8
3
4
6
4
3
12
10
5
4
8
8
7
8
9
8
6
7
8
10
10
7
6
8
4
13
6
10
4
8
6
5
3
5
8
6
4
7
3
7
8
4
4
5
6
9
4
4
6
4
5
4
4
5
6
3
5
8
6
5
3
4
4
7
5
6
6
6
4
4
3
2
4
2
1
7
13
8
7
7
6
5
9
2
8
7
3
3
6
6
4
4
3
3
8
7
6
9
6
3
6
8
6
3
5
5
4
3
8
4
4
12
9
4
2
2
8
0
6
3
9
4
3
4
1
3
4
3
9
6
4
5
6
2
7
4
5
6
4
2
1
5
3
6
3
4
6
3
3
4
3
5
0
2
3
3
5
3
7
3
5
5
3
2
4
6
3
2
3
3
2
5
2
3
9
0
2
7
4
4
2
8
0
4
4
6
8
3
4
2
4
2
0
3
5
3
4
3
7
0
2
3
0
4
4
1
6
7
1
2
3
3
5
3
2
2
5
1
3
3
3
2
3
2
6
2
3
5
1
1
1
1
4
4
2
2
1
2
4
1
3
3
2
0
7
7
5
3
1
3
2
2
1
4
8
5
1
3
2
0
3
8
3
1
3
2
2
4
3
3
6
4
2
1
2
4
4
9
2
5
4
3
2
1
3
1
1
3
2
3
5
6
1
1
1
2
4
3
2
2
3
3
4
2
1
6
3
2
1
2
4
2
3
6
3
3
0
1
1
2
3
3
5
4
5
2
3
1
1
3
2
1
1
2
1
1
3
2
4
2
2
4
2
1
1
4
2
2
2
2
0
4
2
1
3
1
2
1
4
4
0
4
6
1
2
1
2
3
0
2
1
1
2
0
1
1
2
1
0
1
3
2
4
1
2
5
3
1
5
3
1
1
3
1
4
0
3
2
1
1
1
3
1
3
2
4
1
2
0
1
2
5
0
3
2
2
3
1
0
3
2
3
0
1
1
0
0
2
2
3
2
0
4
1
1
3
2
2
1
1
1
0
3
2
0
1
3
0
0
1
2
1
0
0
3
2
1
1
0
0
3
1
1
0
2
2
1
2
1
1
1
2
1
1
2
2
0
0
2
1
4
1
2
0
0
1
2
4
0
0
1
2
1
0
0
1
1
0
2
0
0
4
2
2
0
2
2
1
2
0
0
1
1
0
0
1
2
6
2
1
1
0
2
0
0
1
2
0
2
2
2
2
1
0
3
1
1
1
1
1
2
1
1
0
1
0
1
2
2
1
1
0
1
4
0
3
0
1
1
0
1
2
1
1
1
2
0
0
0
0
0
0
1
1
0
1
1
0
1
0
2
0
0
1
0
2
0
1
1
0
1
0
0
1
1
2
0
2
0
1
0
0
2
3
0
0
0
1
0
3
1
2
1
1
0
1
1
0
0
1
1
1
0
3
2
1
1
0
4
0
0
1
0
2
2
1
0
1
0
1
3
0
0
4
0
3
2
0
1
1
1
0
0
1
1
1
0
0
0
4
2
1
0
0
0
0
2
2
1
0
1
1
1
0
0
0
1
1
4
0
0
0
0
2
0
0
0
0
0
1
0
0
2
0
0
1
0
1
0
0
0
0
0
0
0
3
0
0
0
2
0
3
0
2
0
0
0
0
0
0
1
1
3
0
0
0
1
0
1
1
1
1
0
0
0
2
0
1
0
0
0
0
0
0
0
1
0
0
0
4
0
2
1
0
0
1
0
0
2
1
1
0
0
0
1
0
0
0
0
1
1
2
0
1
0
0
1
0
2
0
0
0
0
0
0
1
0
0
0
0
0
0
1
0
1
0
1
1
0
2
0
0
0
0
1
0
1
0
2
0
0
1
0
1
1
0
1
0
0
0
1
1
2
0
0
0
1
1
0
0
0
1
0
0
0
0
0
1
1
0
1
0
0
1
0
0
0
1
1
2
0
1
0
0
1
1
0
0
0
1
1
0
0
0
1
1
1
1
0
0
0
1
0
0
0
0
0
2
0
0
0
1
0
0
1
1
0
0
0
1
0
0
0
0
1
0
1
0
0
0
0
0
0
1
0
1
0
1
1
0
2
0
1
1
0
0
2
0
1
0
0
1
1
1
0
0
0
0
2
1
0
1
0
0
0
0
0
0
0
0
0
0
0
1
0
0
2
0
1
1
0
0
0
0
1
1
0
0
0
1
1
0
0
0
1
1
0
1
0
0
0
0
0
1
1
0
1
0
1
1
1
1
2
0
1
0
1
0
0
0
2
1
0
0
2
0
0
0
1
0
0
1
0
0
1
0
1
0
1
0
0
2
0
0
0
0
0
0
0
0
0
1
0
0
0
1
0
0
0
1
0
0
0
0
0
1
1
0
1
0
0
0
0
0
0
0
0
0
0
0
0
0
0
0
0
0
1
0
0
0
0
0
0
0
0
0
0
0
0
0
0
0
0
2
1
0
0
0
1
0
0
0
1
0
1
0
0
0
1
0
0
0
0
0
0
0
0
0
0
0
1
0
0
0
0
0
0
0
1
0
0
0
0
0
1
0
1
0
0
1
0
0
0
0
0
0
0
0
0
0
0
0
0
0
0
1
0
0
0
0
0
0
0
0
0
0
1
0
0
1
0
0
0
0
0
0
1
1
1
0
0
0
0
1
0
0
0
0
0
0
1
0
0
0
0
0
0
0
0
0
0
0
0
1
0
1
0
0
0
0
0
0
1
0
0
0
0
1
0
1
0
0
0
0
0
0
0
0
0
0
0
1
0
1
0
0
0
1
0
0
0
0
0
0
0
0
0
0
0
0
0
0
1
0
0
0
1
0
0
1
0
0
0
1
1
0
0
0
0
0
0
1
0
0
0
0
0
0
0
1
0
0
0
0
0
0
1
0
0
0
1
0
0
0
0
0
1
1
0
0
1
0
0
0
0
0
0
0
0
0
0
0
0
0
0
0
0
0
0
0
0
1
2
0
0
0
1
0
0
0
0
1
0
0
0
1
0
0
0
0
0
0
0
1
1
0
1
1
0
0
0
0
0
0
0
0
0
0
1
0
0
0
1
0
0
0
1
1
0
0
0
0
0
0
0
0
0
0
0
0
0
0
0
0
0
0
1
0
0
0
0
0
0
0
0
0
0
0
0
0
1
0
0
0
1
0
0
0
1
0
0
0
0
0
1
0
0
0
0
0
0
0
0
0
0
0
0
0
0
0
0
0
0
0
0
0
1
0
0
2
1
0
0
0
0
0
0
0
1
0
0
0
0
0
0
0
0
0
1
0
0
0
0
0
0
0
0
0
0
0
0
0
0
0
0
1
0
0
0
1
0
0
1
0
0
0
0
0
0
0
0
0
0
0
0
0
0
0
0
0
0
0
0
0
0
0
0
0
0
0
0
0
0
0
0
0
0
0
0
1
0
1
0
0
0
0
0
1
0
0
0
0
0
0
0
0
0
0
0
0
1
0
0
0
0
0
0
0
0
0
0
0
1
0
0
0
0
0
0
0
0
0
0
0
1
0
0
0
0
0
0
0
0
0
0
0
0
0
0
0
0
0
0
0
0
0
0
0
0
0
0
0
0
0
0
0
0
0
0
0
0
0
0
0
0
0
0
0
0
0
0
0
0
0
0
0
0
0
0
0
0
0
0
0
0
0
0
0
0
0
0
0
0
0
0
0
0
0
0
0
0
0
0
0
0
0
0
0
0
0
0
0
0
0
0
0
0
0
0
0
0
0
0
0
0
0
0
0
0
0
0
0
0
0
0
0
0
0
0
0
0
0
0
0
0
0
0
0
0
0
0
0
0
0
0
0
0
0
0
0
0
0
0
0
0
0
0
0
0
0
0
0
0
0
0
0
0
0
0
0
0
0
0
0
0
0
0
0
0
0
0
0
0
0
0
0
0
0
0
0
1
0
0
0
0
0
0
0
0
0
0
0
0
0
0
0
0
0
0
0
0
0
0
0
0
0
0
0
0
0
0
0
0
0
0
0
0
0
0
0
0
0
0
0
0
0
0
0
0
0
0
0
0
1
0
0
0
0
0
0
0
0
0
0
0
0
0
0
0
0
0
0
0
0
0
0
0
0
0
0
0
0
0
0
0
0
0
0
0
0
0
0
0
0
0
0
0
0
0
0
0
0
0
0
0
0
0
0
0
0
0
0
0
0
0
0
0
0
0
0
0
0
0
0
0
0
0
0
0
0
0
0
0
0
0
0
0
0
0
0
0
0
0
0
0
0
0
0
0
0
0
0
0
0
0
0
0
0
0
0
0
0
0
0
0
0
0
0
0
0
0
0
0
0
0
0
0
0
0
0
0
0
0
0
0
0
0
0
0
0
0
0
0
0
0
0
0
0
0
0
0
0
0
0
0
0
0
0
0
0
0
0
0
0
0
0
0
0
0
0
0
0
0
0
0
0
0
0
0
0
0
0
0
0
0
0
0
0
0
0
0
0
0
0
0
0
0
0
0
0
0
0
0
0
0
0
0
0
0
0
0
0
0
0
0
0
0
0
0
0
0
0
0
0
0
0
0
0
0
0
0
0
0
0
0
0
0
0
0
0
0
0
0
0
0
0
0
0
0
0
0
0
0
0
0
0
0
0
0
0
0
0
0
0
0
0
0
0
0
0
0
0
0
0
0
0
0
0
0
0
0
0
0
0
0
0
0
0
0
0
0
0
0
0
0
0
0
0
0
0
0
0
0
0
0
0
0
0
0
0
0
0
0
0
0
0
0
0
0
0
0
0
0
0
0
0
0
0
0
0
0
0
0
0
0
0
0
0
0
0
0
0
0
0
0
0
0
0
0
0
0
0
0
0
0
0
0
0
0
0
0
0
0
0
0
0
0
0
0
0
0
0
0
0
0
0
0
0
0
0
0
0
0
0
0
0
0
0
0
0
0
0
0
0
0
0
0
0
0
0
0
0
0
0
0
0
0
0
0
0
0
0
0
0
0
0
0
0
0
0
0
0
0
0
0
0
0
0
0
0
0
0
0
0
0
0
0
0
0
0
0
0
0
0
0
0
0
0
0
0
0
0
0
0
0
0
0
0
0
0
0
0
0
0
0
0
0
0
0
0
0
0
0
0
0
0
0
0
0
0
0
0
0
0
0
0
0
0
0
0
0
0
0
0
0
0
0
0
0
0
0
0
0
0
0
0
0
0
0
0
0
0
0
0
0
0
0
0
0
0
0
0
0
0
0
0
0
0
0
0
0
0
0
0
0
0
0
0
0
0
0
0
0
0
0
0
0
0
0
0
0
0
0
0
0
0
0
0
0
0
0
0
0
0
0
0
0
0
0
0
0
0
0
0
0
0
0
0
0
0
0
0
0
0
0
0
0
0
0
0
0
0
0
0
0
0
0
0
0
0
0
0
0
0
0
0
0
0
0
0
0
0
0
0
0
0
0
0
0
0
0
0
0
0
0
0
0
0
0
0
0
0
0
0
0
0
0
0
0
0
0
0
0
0
0
0
0
0
0
0
0
0
0
0
0
0
0
0
0
0
0
0
0
0
0
0
0
0
0
0
0
0
0
0
0
0
0
0
0
0
0
0
0
0
0
0
0
0
0
0
0
0
0
0
0
0
0
0
0
0
0
0
0
0
0
0
0
0
0
0
0
0
0
0
0
0
0
0
0
0
0
0
0
0
0
0
0
0
0
0
0
0
0
0
0
0
0
0
0
0
0
0
0
0
0
0
0
0
0
0
0
0
0
0
0
0
0
0
0
0
0
0
0
0
0
0
0
0
0
0
0
0
0
0
0
0
0
0
0
0
0
0
0
0
0
0
0
0
0
0
0
0
0
0
0
0
0
0
0
0
0
0
0
0
0
0
0
0
0
0
0
0
0
0
0
0
0
0
0
0
0
0
0
0
0
0
0
0
0
0
0
0
0
0
0
0
0
0
0
0
0
0
0
0
0
0
0
0
0
0
0
0
0
0
0
0
0
0
0
0
0
0
0
0
0
0
0
0
0
0
0
0
0
0
0
0
0
0
0
0
0
0
0
0
0
0
0
0
0
0
0
0
0
0
0
0
0
0
0
0
0
0
0
0
0
0
0
0
0
0
0
0
0
0
0
0
0
0
0
0
0
0
0
0
0
0
0
0
0
0
0
0
0
0
0
0
0
0
0
0
0
0
0
0
0
0
0
0
0
0
0
0
0
0
0
0
0
0
0
0
0
0
0
0
0
0
0
0
0
0
0
0
0
0
0
0
0
0
0
0
0
0
0
0
0
0
0
0
0
0
0
0
0
0
0
0
0
0
0
0
0
0
0
0
0
0
0
0
0
0
0
0
0
0
0
0
0
0
0
0
0
0
0
0
0
0
0
0
0
0
0
0
0
0
0
0
0
0
0
0
0
0
0
0
0
0
0
0
0
0
0
0
0
0
0
0
0
0
0
0
0
0
0
0
0
0
0
0
0
0
0
0
0
0
0
0
0
0
0
0
0
0
0
0
0
0
0
0
0
0
0
0
0
0
0
0
0
0
0
0
0
0
0
0
0
0
0
0
0
0
0
0
0
0
0
0
0
0
0
0
0
0
0
0
0
0
0
0
0
0
0
0
0
0
0
0
0
0
0
0
0
0
0
0
0
0
0
0
0
0
0
0
0
0
0
0
0
0
0
0
0
0
0
0
0
0
0
0
0
0
0
0
0
0
0
0
0
0
0
0
0
0
0
0
0
0
0
0
0
0
0
0
0
0
0
0
0
0
0
0
0
0
0
0
0
0
0
0
0
0
0
0
0
0
0
0
0
0
0
0
0
0
0
0
0
0
0
0
0
0
0
0
0
0
0
0
0
0
0
0
0
0
0
0
0
0
0
0
0
0
0
0
0
0
0
0
0
0
0
0
0
0
0
0
0
0
0
0
0
0
0
0
0
0
0
0
0
0
0
0
0
0
0
0
0
0
0
0
0
0
0
0
0
0
0
0
0
0
0
0
0
0
0
0
0
0
0
0
0
0
0
0
0
0
0
0
0
0
0
0
0
0
0
0
0
0
0
0
0
0
0
0
0
0
0
0
0
0
0
0
0
0
0
0
0
0
0
0
0
0
0
0
0
0
0
0
0
0
0
0
0
0
0
0
0
0
0
0
0
0
0
0
0
0
0
0
0
0
0
0
0
0
0
0
0
0
0
0
0
0
0
0
0
0
0
0
0
0
0
0
0
0
0
0
0
0
0
0
0
0
0
0
0
0
0
0
0
0
0
0
0
0
0
0
0
0
0
0
0
0
0
0
0
0
0
0
0
0
0
0
0
0
0
0
0
0
0
0
0
0
0
0
0
0
0
0
0
0
0
0
0
0
0
0
0
0
0
0
0
0
0
0
0
0
0
0
0
0
0
0
0
0
0
0
0
0
0
0
0
0
0
0
0
0
0
0
0
0
0
0
0
0
0
0
0
0
0
0
0
0
0
0
0
0
0
0
0
0
0
0
0
0
0
0
0
0
0
0
0
0
0
0
0
0
0
0
0
0
0
0
0
0
0
0
0
0
0
0
0
0
0
0
0
0
0
0
0
0
0
0
0
0
0
0
0
0
0
0
0
0
0
0
0
0
0
0
0
0
0
0
0
0
0
0
0
0
0
0
0
0
0
0
0
0
0
0
0
0
0
0
0
0
0
0
0
0
0
0
0
0
0
0
0
0
0
0
0
0
0
0
0
0
0
0
0
0
0
0
0
0
0
0
0
0
0
0
0
0
0
0
0
0
0
0
0
0
0
0
0
0
0
0
0
0
0
0
0
0
0
0
0
0
0
0
0
0
0
0
0
0
0
0
0
0
0
0
0
0
0
0
0
0
0
0
0
0
0
0
0
0
0
0
0
0
0
0
0
0
0
0
0
0
0
0
0
0
0
0
0
0
0
0
0
0
0
0
0
0
0
0
0
0
0
0
0
0
0
0
0
0
0
0
0
0
0
0
