$SPEC_ID:
No sample description was entered.
$SPEC_REM:
DET# 1
DETDESC# TL-101B-03 digiBASE-RH SN 16039579
AP# Maestro Version 7.01
$DATE_MEA:
03/06/2026 14:56:33
$MEAS_TIM:
299 300
$DATA:
0 1023
       0
       0
       0
       0
       0
       0
       0
       0
       0
       0
      11
     436
    1045
    1124
    1214
    1218
    1229
    1284
    1259
    1269
    1187
    1217
    1144
    1091
    1110
    1040
    1073
    1012
     928
     941
     920
     904
     881
     812
     795
     740
     661
     594
     593
     601
     516
     549
     556
     522
     475
     484
     425
     439
     426
     382
     433
     371
     355
     319
     313
     325
     282
     340
     265
     312
     252
     282
     264
     283
     258
     250
     235
     228
     227
     211
     226
     208
     217
     205
     188
     191
     213
     193
     166
     183
     166
     185
     184
     176
     204
     201
     182
     191
     190
     182
     174
     171
     171
     153
     164
     162
     163
     166
     170
     157
     162
     168
     165
     150
     169
     172
     131
     136
     147
     169
     151
     155
     156
     196
     168
     165
     154
     142
     163
     149
     161
     162
     164
     156
     166
     182
     159
     158
     153
     161
     118
     125
     139
     110
     110
     108
     111
     108
     107
     107
     107
     101
     100
      94
      89
     111
     112
     105
      84
     101
     137
     151
     142
     172
     200
     213
     236
     227
     220
     241
     247
     211
     208
     192
     140
     114
      85
      75
      76
      71
      72
      75
      84
     106
     112
     150
     144
     155
     168
     191
     177
     168
     180
     150
     135
     110
      93
      68
      55
      58
      26
      29
      21
      27
      17
      21
      12
      14
      11
      16
      12
      10
       7
      12
       6
       2
       4
       3
       4
       6
       3
       0
       1
       2
       0
       3
       1
       2
       4
       5
       1
       3
       5
       1
       2
       0
       4
       4
       4
       3
       1
       2
       3
       0
       2
       2
       3
       1
       1
       2
       0
       1
       2
       1
       4
       2
       1
       3
       0
       2
       2
       3
       2
       2
       0
       0
       2
       0
       2
       2
       1
       1
       2
       0
       2
       2
       1
       4
       2
       1
       0
       2
       1
       2
       1
       2
       1
       3
       0
       0
       3
       0
       2
       2
       1
       1
       2
       2
       2
       1
       3
       0
       2
       2
       0
       2
       0
       1
       1
       0
       0
       3
       0
       4
       2
       1
       2
       2
       1
       3
       2
       3
       0
       0
       0
       1
       2
       1
       0
       1
       1
       0
       0
       1
       1
       0
       0
       1
       1
       1
       0
       2
       2
       1
       2
       0
       1
       0
       0
       1
       2
       0
       3
       0
       1
       1
       1
       1
       0
       4
       1
       2
       0
       1
       1
       1
       0
       0
       1
       0
       0
       1
       0
       0
       0
       1
       0
       0
       1
       1
       0
       0
       0
       0
       2
       0
       1
       0
       0
       0
       0
       0
       0
       0
       0
       0
       0
       1
       1
       0
       0
       0
       0
       0
       0
       0
       0
       0
       0
       0
       1
       0
       1
       0
       0
       0
       0
       0
       1
       1
       0
       0
       0
       0
       0
       0
       0
       0
       1
       0
       0
       0
       0
       0
       2
       0
       0
       1
       1
       0
       1
       0
       0
       0
       0
       0
       0
       0
       0
       0
       0
       0
       0
       0
       0
       0
       0
       0
       0
       0
       0
       0
       0
       0
       0
       0
       0
       0
       0
       1
       0
       0
       0
       0
       0
       0
       0
       0
       0
       0
       0
       1
       1
       0
       1
       0
       0
       0
       0
       0
       0
       0
       0
       0
       0
       1
       0
       0
       0
       0
       0
       0
       0
       1
       0
       0
       0
       0
       0
       0
       0
       0
       0
       0
       1
       0
       0
       1
       0
       0
       0
       0
       0
       0
       0
       0
       0
       0
       0
       1
       0
       1
       0
       0
       0
       0
       1
       0
       1
       0
       0
       0
       0
       0
       0
       0
       0
       0
       0
       0
       0
       0
       0
       0
       0
       0
       0
       0
       0
       0
       0
       0
       0
       0
       0
       0
       0
       0
       0
       0
       0
       0
       0
       0
       0
       0
       0
       0
       0
       0
       0
       0
       0
       0
       0
       0
       0
       0
       0
       0
       0
       0
       0
       0
       0
       1
       0
       0
       0
       0
       0
       0
       0
       0
       0
       0
       0
       0
       0
       0
       0
       0
       0
       0
       0
       0
       0
       0
       1
       0
       0
       0
       0
       0
       0
       0
       0
       0
       0
       0
       0
       0
       1
       0
       1
       0
       0
       0
       0
       0
       0
       0
       0
       0
       1
       0
       1
       0
       0
       0
       0
       0
       0
       0
       0
       1
       1
       0
       0
       0
       0
       1
       0
       0
       0
       0
       0
       0
       0
       0
       0
       0
       0
       0
       0
       0
       0
       0
       0
       0
       0
       0
       0
       0
       1
       0
       0
       1
       0
       0
       1
       0
       0
       1
       0
       0
       0
       0
       0
       0
       0
       0
       0
       0
       0
       0
       0
       0
       1
       0
       0
       1
       0
       0
       0
       0
       1
       0
       0
       0
       0
       0
       0
       0
       0
       1
       0
       0
       0
       1
       0
       1
       1
       0
       1
       0
       1
       0
       0
       0
       0
       0
       0
       0
       0
       0
       1
       0
       0
       0
       0
       0
       0
       0
       0
       0
       0
       0
       0
       0
       0
       0
       0
       0
       0
       1
       1
       0
       0
       0
       0
       0
       0
       0
       0
       0
       1
       0
       0
       0
       0
       0
       0
       0
       0
       0
       0
       0
       0
       0
       0
       0
       0
       0
       0
       0
       0
       0
       0
       0
       0
       0
       1
       0
       0
       0
       0
       0
       0
       0
       0
       0
       0
       0
       0
       0
       0
       0
       0
       0
       0
       0
       1
       0
       0
       1
       0
       0
       0
       0
       0
       0
       0
       0
       0
       0
       0
       0
       0
       0
       0
       1
       0
       0
       1
       0
       0
       0
       0
       0
       0
       0
       0
       0
       0
       0
       0
       0
       0
       0
       0
       0
       0
       1
       0
       0
       0
       0
       0
       0
       0
       0
       0
       0
       0
       0
       0
       0
       0
       0
       0
       0
       0
       0
       0
       0
       1
       0
       0
       0
       0
       0
       0
       0
       0
       0
       0
       0
       0
       0
       0
       0
       0
       0
       0
       0
       0
       0
       1
       0
       0
       0
       0
       0
       0
       0
       0
       0
       0
       0
       0
       0
       0
       1
       0
       0
       0
       0
       0
       0
       0
       0
       0
       0
       0
       0
       0
       0
       0
       0
       1
       0
       0
       0
       0
       0
       1
       0
       0
       0
       0
       0
       0
       0
       0
       0
       0
       1
       1
       0
       0
       0
       0
       0
       0
       0
       0
       0
       0
       0
       0
       0
       0
       0
       0
       0
       0
       0
       0
       0
       0
       0
       0
       0
       0
       0
       0
       0
       0
       0
       0
       0
       0
       0
       0
       0
       0
       0
       0
       0
       0
       0
       0
       0
       0
       0
       0
       0
       0
       0
       0
       0
       0
       0
       0
       0
       0
       0
       0
       0
       0
       0
       1
       0
       0
       0
       1
       0
       0
       0
       0
       0
       0
       0
$ROI:
1
171 189
$PRESETS:
Real Time
300
0
$ENER_FIT:
0.000000 0.000000
$MCA_CAL:
3
0.000000E+000 0.000000E+000 0.000000E+000 
$SHAPE_CAL:
3
0.000000E+000 0.000000E+000 0.000000E+000
