$SPEC_ID:
No sample description was entered.
$SPEC_REM:
DET# 1
DETDESC# TL-101B-03 digiBASE-RH SN 16039579
AP# Maestro Version 7.01
$DATE_MEA:
03/06/2026 14:31:54
$MEAS_TIM:
299 300
$DATA:
0 1023
       0
       0
       0
       0
       0
       0
       0
       0
       0
       0
       6
     347
     813
     881
     880
     989
    1046
    1100
    1150
    1131
    1192
    1181
    1089
    1135
    1054
    1031
     953
    1032
    1012
     947
     939
     981
     900
     852
     860
     749
     715
     676
     610
     612
     560
     557
     560
     507
     509
     497
     447
     465
     434
     424
     406
     429
     352
     334
     358
     338
     294
     336
     312
     271
     275
     293
     258
     246
     249
     249
     267
     236
     244
     240
     262
     239
     212
     223
     197
     196
     223
     192
     223
     186
     179
     213
     170
     178
     193
     175
     174
     171
     179
     148
     165
     168
     183
     175
     174
     154
     168
     151
     158
     152
     159
     169
     150
     136
     170
     142
     170
     147
     151
     138
     142
     132
     180
     161
     149
     166
     154
     161
     143
     156
     164
     171
     145
     149
     159
     154
     143
     129
     139
     138
     121
     120
     119
     112
     106
     119
     116
      97
     100
      88
     115
      93
      99
     101
      89
      87
     103
      96
      96
      96
     117
     128
     126
     142
     188
     191
     205
     200
     186
     209
     224
     211
     156
     135
     133
     108
      95
      84
      74
      77
      65
      76
      91
      80
     104
     113
     124
     150
     163
     150
     141
     160
     151
     123
     113
      83
      78
      69
      54
      41
      21
      20
      20
      16
      18
      23
      12
      13
      10
       7
       7
       5
       8
       7
       6
       4
       8
       8
       4
       8
       2
       3
       3
       4
       2
       0
       5
       2
       3
       1
       4
       1
       3
       4
       1
       2
       1
       2
       4
       4
       3
       2
       4
       5
       2
       4
       3
       5
       1
       4
       2
       3
       3
       1
       2
       2
       2
       4
       2
       1
       3
       2
       1
       2
       0
       6
       2
       1
       3
       1
       0
       4
       0
       2
       3
       1
       0
       1
       2
       1
       2
       0
       2
       1
       0
       4
       2
       1
       1
       1
       1
       1
       0
       1
       3
       1
       1
       0
       1
       3
       1
       1
       0
       3
       1
       2
       1
       1
       4
       1
       0
       0
       0
       0
       0
       0
       0
       2
       0
       0
       1
       1
       0
       1
       0
       1
       0
       0
       2
       0
       1
       0
       1
       0
       0
       0
       0
       0
       1
       1
       1
       2
       0
       0
       0
       0
       2
       1
       2
       0
       2
       2
       0
       0
       2
       1
       2
       0
       0
       2
       1
       1
       1
       1
       0
       0
       1
       1
       0
       0
       1
       0
       3
       3
       1
       0
       0
       0
       0
       0
       0
       0
       0
       0
       2
       1
       0
       0
       0
       0
       0
       0
       1
       1
       0
       0
       0
       0
       0
       0
       0
       0
       0
       0
       0
       0
       0
       0
       1
       0
       0
       0
       0
       0
       0
       0
       1
       1
       0
       0
       0
       0
       0
       0
       0
       1
       0
       0
       0
       0
       0
       0
       0
       0
       0
       0
       1
       0
       0
       0
       0
       0
       0
       1
       0
       0
       0
       0
       1
       0
       0
       0
       0
       0
       0
       0
       0
       1
       0
       0
       0
       0
       0
       0
       0
       0
       0
       0
       0
       0
       0
       0
       0
       0
       0
       0
       2
       0
       0
       0
       0
       0
       0
       0
       0
       0
       0
       0
       0
       0
       0
       0
       0
       1
       0
       0
       0
       0
       0
       0
       0
       0
       1
       0
       1
       0
       0
       1
       0
       0
       0
       0
       0
       0
       1
       0
       0
       0
       0
       0
       0
       1
       0
       0
       0
       0
       0
       0
       0
       0
       0
       0
       0
       0
       0
       0
       0
       0
       0
       0
       0
       0
       0
       0
       0
       0
       0
       0
       0
       0
       0
       0
       0
       0
       0
       0
       0
       0
       0
       0
       0
       0
       0
       1
       0
       0
       0
       0
       0
       0
       0
       1
       0
       1
       0
       0
       0
       0
       0
       0
       0
       0
       0
       0
       0
       1
       0
       0
       0
       0
       1
       0
       0
       0
       0
       0
       0
       0
       0
       0
       0
       0
       0
       0
       1
       1
       0
       0
       0
       1
       0
       0
       0
       1
       0
       0
       0
       0
       0
       0
       0
       0
       0
       0
       0
       0
       0
       0
       0
       1
       0
       1
       0
       0
       0
       0
       0
       0
       0
       0
       0
       0
       0
       0
       0
       0
       0
       0
       0
       0
       0
       0
       0
       0
       0
       0
       0
       0
       0
       0
       0
       0
       0
       0
       0
       0
       0
       0
       0
       0
       0
       0
       0
       0
       0
       0
       0
       1
       0
       0
       0
       0
       0
       0
       0
       0
       0
       1
       0
       0
       0
       0
       0
       1
       0
       0
       0
       0
       0
       0
       0
       0
       0
       0
       0
       1
       0
       0
       0
       0
       0
       0
       0
       0
       0
       0
       0
       0
       0
       0
       0
       0
       0
       0
       0
       0
       0
       0
       1
       0
       0
       0
       0
       1
       0
       0
       0
       0
       0
       0
       0
       0
       0
       0
       0
       0
       0
       1
       0
       0
       0
       0
       0
       0
       0
       0
       0
       1
       1
       0
       0
       0
       0
       0
       1
       0
       0
       0
       0
       0
       0
       0
       0
       0
       0
       1
       0
       0
       0
       0
       0
       0
       0
       0
       0
       0
       0
       0
       0
       0
       0
       0
       0
       0
       0
       0
       0
       0
       0
       0
       0
       0
       0
       0
       0
       0
       0
       0
       1
       0
       0
       0
       0
       0
       0
       0
       0
       0
       1
       0
       1
       0
       0
       0
       0
       0
       0
       0
       0
       0
       0
       0
       0
       0
       0
       0
       0
       1
       0
       0
       0
       0
       0
       0
       0
       0
       0
       0
       0
       0
       2
       0
       0
       0
       1
       0
       0
       0
       0
       0
       0
       0
       0
       0
       0
       0
       0
       0
       0
       0
       0
       0
       1
       0
       0
       0
       0
       0
       0
       0
       0
       0
       0
       0
       0
       0
       0
       0
       0
       0
       0
       0
       0
       0
       0
       0
       0
       0
       0
       0
       0
       1
       0
       1
       0
       0
       0
       0
       0
       0
       0
       0
       0
       0
       1
       0
       0
       0
       0
       0
       0
       0
       0
       1
       0
       0
       0
       1
       0
       0
       0
       0
       0
       0
       0
       0
       0
       0
       0
       0
       0
       0
       0
       0
       0
       0
       0
       0
       0
       0
       0
       0
       1
       0
       0
       0
       0
       1
       0
       0
       0
       0
       0
       0
       0
       0
       0
       0
       0
       0
       0
       0
       0
       0
       0
       0
       0
       1
       0
       0
       1
       0
       0
       0
       0
       0
       0
       0
       0
       0
       0
       0
       0
       0
       0
       0
       0
       1
       0
       0
       0
       0
       0
       0
       0
       0
       0
       0
       0
       0
       0
       0
       0
       0
       0
       0
       0
       0
       0
       0
       0
       0
       0
       0
       0
       0
       1
       0
       0
       0
       0
       0
       0
       0
$ROI:
1
171 189
$PRESETS:
Real Time
300
0
$ENER_FIT:
0.000000 0.000000
$MCA_CAL:
3
0.000000E+000 0.000000E+000 0.000000E+000 
$SHAPE_CAL:
3
0.000000E+000 0.000000E+000 0.000000E+000
