$SPEC_ID:
No sample description was entered.
$SPEC_REM:
DET# 1
DETDESC# TL-101B-03 digiBASE-RH SN 16039579
AP# Maestro Version 7.01
$DATE_MEA:
03/06/2026 15:39:38
$MEAS_TIM:
299 300
$DATA:
0 1023
       0
       0
       0
       0
       0
       0
       0
       0
       0
       0
       4
     362
     829
     828
     739
     854
     803
     795
     790
     750
     755
     745
     715
     726
     676
     666
     645
     598
     621
     590
     596
     581
     559
     544
     508
     509
     433
     402
     385
     390
     354
     338
     334
     329
     333
     322
     327
     288
     297
     309
     295
     317
     280
     257
     250
     229
     249
     253
     259
     252
     218
     212
     213
     214
     218
     217
     182
     220
     209
     237
     183
     202
     219
     227
     193
     177
     207
     189
     188
     177
     178
     180
     186
     169
     181
     153
     163
     165
     173
     133
     184
     169
     183
     170
     193
     168
     151
     171
     149
     170
     159
     160
     166
     149
     135
     160
     153
     146
     158
     158
     160
     137
     134
     147
     154
     148
     169
     183
     154
     175
     156
     148
     163
     147
     134
     170
     145
     134
     142
     118
     129
     122
     119
     109
     141
     106
     113
      97
      99
     112
      92
      91
      75
      93
      73
      95
      75
      95
      92
     108
     102
     139
     130
     155
     140
     173
     210
     200
     220
     210
     239
     186
     185
     165
     145
     143
     108
      90
      75
      60
      66
      81
      94
     112
     104
     127
     173
     155
     163
     155
     146
     159
     152
     129
     145
      98
     105
      60
      68
      53
      36
      28
      34
      23
      18
      14
      12
      13
      11
       2
       9
      12
      14
       3
       5
       5
       4
       7
       3
       4
       5
       2
       3
       1
       4
       0
       1
       1
       4
       2
       2
       0
       6
       2
       1
       5
       1
       2
       3
       3
       2
       4
       2
       3
       5
       3
       2
       2
       0
       1
       3
       3
       1
       3
       2
       3
       1
       3
       1
       0
       2
       1
       2
       2
       2
       2
       1
       2
       2
       1
       4
       3
       1
       1
       0
       0
       0
       2
       2
       2
       1
       1
       2
       1
       2
       2
       1
       1
       2
       0
       0
       4
       5
       1
       1
       0
       0
       1
       0
       1
       0
       3
       0
       4
       0
       0
       1
       3
       0
       2
       2
       0
       0
       2
       2
       0
       2
       0
       0
       1
       1
       1
       2
       0
       1
       1
       0
       0
       0
       1
       1
       1
       0
       1
       3
       1
       0
       0
       0
       0
       0
       0
       0
       0
       1
       0
       2
       0
       4
       1
       0
       1
       0
       2
       5
       0
       3
       4
       2
       0
       0
       1
       1
       1
       0
       1
       1
       1
       1
       1
       1
       1
       1
       0
       1
       1
       1
       0
       0
       0
       0
       0
       0
       1
       1
       0
       0
       0
       0
       0
       0
       0
       0
       0
       0
       1
       0
       0
       0
       0
       0
       1
       0
       1
       1
       0
       2
       1
       0
       0
       0
       1
       1
       0
       0
       0
       0
       0
       0
       0
       0
       0
       0
       0
       0
       0
       0
       0
       0
       0
       0
       0
       0
       0
       0
       0
       0
       0
       0
       0
       0
       1
       0
       1
       0
       0
       0
       1
       0
       0
       0
       0
       0
       0
       0
       0
       0
       1
       1
       0
       0
       0
       0
       0
       0
       1
       0
       0
       0
       0
       1
       0
       0
       0
       1
       0
       0
       0
       0
       0
       0
       0
       0
       1
       0
       0
       0
       0
       0
       0
       0
       1
       0
       0
       0
       0
       0
       0
       1
       0
       0
       0
       0
       1
       0
       0
       0
       0
       0
       0
       0
       0
       0
       0
       0
       0
       1
       0
       0
       0
       0
       0
       0
       0
       0
       0
       0
       0
       0
       0
       0
       0
       0
       1
       0
       0
       0
       0
       0
       0
       0
       0
       0
       0
       0
       0
       0
       0
       0
       0
       0
       0
       0
       0
       0
       0
       0
       0
       0
       0
       1
       1
       0
       0
       0
       0
       0
       0
       0
       1
       0
       0
       0
       0
       0
       0
       0
       0
       0
       0
       1
       0
       0
       0
       0
       0
       0
       0
       0
       0
       0
       0
       0
       0
       0
       0
       0
       0
       1
       0
       0
       0
       1
       0
       0
       0
       1
       0
       0
       0
       0
       0
       0
       0
       0
       0
       0
       0
       0
       0
       0
       0
       0
       0
       0
       0
       0
       0
       0
       0
       0
       0
       0
       0
       0
       0
       0
       0
       0
       0
       0
       0
       1
       0
       0
       0
       0
       0
       0
       0
       0
       0
       0
       1
       0
       0
       0
       0
       0
       0
       1
       0
       0
       0
       0
       0
       0
       0
       0
       0
       0
       0
       0
       0
       0
       0
       1
       0
       0
       0
       0
       1
       0
       1
       1
       0
       0
       0
       0
       0
       0
       0
       0
       0
       0
       0
       0
       0
       0
       0
       0
       0
       0
       0
       0
       0
       0
       0
       0
       0
       0
       0
       0
       0
       0
       0
       0
       1
       1
       0
       0
       0
       0
       1
       0
       2
       0
       0
       0
       1
       1
       0
       0
       0
       0
       0
       0
       0
       0
       0
       0
       0
       1
       0
       0
       0
       0
       0
       0
       0
       0
       0
       0
       0
       0
       0
       0
       0
       0
       0
       0
       0
       0
       0
       0
       0
       0
       0
       0
       0
       0
       0
       0
       0
       0
       0
       0
       0
       0
       1
       0
       1
       0
       0
       0
       0
       0
       0
       1
       0
       0
       0
       0
       0
       0
       0
       0
       0
       0
       0
       0
       0
       0
       0
       1
       0
       0
       0
       0
       0
       0
       0
       0
       0
       0
       0
       0
       0
       0
       0
       0
       0
       0
       1
       0
       0
       0
       0
       0
       1
       0
       0
       1
       0
       0
       0
       1
       0
       1
       0
       0
       0
       0
       0
       0
       0
       0
       0
       0
       0
       0
       1
       0
       0
       0
       0
       0
       0
       0
       1
       0
       0
       0
       0
       0
       0
       0
       0
       0
       1
       0
       0
       0
       0
       0
       0
       0
       0
       0
       0
       0
       0
       1
       1
       0
       0
       0
       0
       0
       0
       0
       0
       0
       0
       0
       0
       0
       0
       0
       0
       0
       0
       0
       0
       0
       0
       0
       0
       0
       0
       0
       0
       0
       0
       0
       0
       0
       0
       0
       1
       0
       0
       0
       0
       1
       1
       0
       0
       0
       0
       0
       1
       0
       0
       0
       0
       0
       0
       0
       0
       0
       0
       0
       0
       0
       0
       0
       0
       0
       0
       0
       0
       0
       0
       0
       0
       0
       0
       1
       0
       0
       0
       0
       0
       0
       0
       0
       0
       0
       0
       1
       0
       0
       0
       0
       0
       0
       0
       0
       0
       0
       0
       0
       0
       0
       0
       0
       0
       0
       0
       0
       0
       0
       0
       0
       1
       0
       0
       0
       0
       0
       0
       0
       0
       0
       0
       1
       0
       0
       0
       0
       0
       0
       0
       0
       0
       0
       0
       0
       0
       0
       1
       0
       0
       0
       0
       0
       0
       0
       0
       0
       1
       0
       0
$ROI:
1
171 189
$PRESETS:
Real Time
300
0
$ENER_FIT:
0.000000 0.000000
$MCA_CAL:
3
0.000000E+000 0.000000E+000 0.000000E+000 
$SHAPE_CAL:
3
0.000000E+000 0.000000E+000 0.000000E+000
