$SPEC_ID:
No sample description was entered.
$SPEC_REM:
DET# 1
DETDESC# TL-101B-03 digiBASE-RH SN 16039579
AP# Maestro Version 7.01
$DATE_MEA:
03/06/2026 15:02:13
$MEAS_TIM:
299 300
$DATA:
0 1023
       0
       0
       0
       0
       0
       0
       0
       0
       0
       0
       9
     494
    1109
    1203
    1262
    1358
    1436
    1380
    1369
    1310
    1292
    1302
    1264
    1114
    1087
    1063
    1018
     928
     972
     882
     812
     852
     841
     792
     721
     694
     612
     593
     533
     485
     506
     515
     477
     434
     432
     387
     379
     404
     403
     367
     381
     355
     360
     336
     293
     290
     294
     269
     253
     282
     275
     256
     275
     257
     227
     233
     222
     223
     236
     206
     199
     206
     207
     199
     187
     197
     187
     192
     179
     187
     196
     191
     182
     184
     193
     163
     137
     158
     147
     164
     146
     145
     151
     158
     145
     172
     128
     134
     131
     143
     124
     142
     157
     151
     146
     145
     159
     148
     137
     145
     152
     154
     128
     137
     151
     152
     121
     137
     123
     145
     130
     147
     142
     118
     132
     123
     148
     105
     132
     116
     114
      95
      98
     118
      84
      92
      99
     106
      98
      97
      79
      84
      90
      88
      80
      78
      93
      84
      97
      94
     104
     105
      90
     141
     152
     134
     148
     171
     160
     181
     158
     142
     134
     118
     112
      94
      76
      52
      60
      63
      69
      54
      72
      64
      95
     101
     114
     111
     127
     130
     130
     122
     120
     110
      93
      79
      79
      47
      52
      38
      24
      28
      30
      22
      12
      13
       9
      13
      14
       9
      10
      10
       5
      11
       8
       9
       3
       5
       2
       4
       5
       3
       2
       4
       2
       3
       3
       0
       1
       2
       2
       0
       0
       1
       1
       2
       3
       2
       2
       2
       3
       2
       0
       2
       2
       4
       1
       1
       1
       1
       0
       3
       3
       2
       0
       2
       1
       1
       1
       2
       1
       4
       2
       1
       2
       1
       0
       1
       2
       1
       2
       4
       0
       0
       1
       2
       1
       3
       1
       0
       1
       2
       1
       1
       1
       0
       0
       3
       1
       3
       0
       3
       1
       2
       0
       0
       2
       2
       2
       0
       1
       1
       0
       1
       2
       0
       0
       0
       2
       1
       2
       0
       0
       0
       0
       1
       1
       1
       0
       0
       0
       2
       0
       2
       0
       1
       0
       1
       0
       1
       0
       0
       0
       0
       1
       0
       1
       0
       0
       0
       0
       0
       0
       2
       0
       1
       1
       2
       0
       1
       1
       1
       1
       1
       2
       0
       0
       2
       0
       3
       0
       1
       1
       2
       2
       0
       1
       1
       2
       0
       0
       0
       0
       1
       0
       0
       1
       0
       0
       0
       0
       1
       0
       0
       0
       0
       0
       0
       0
       0
       0
       0
       0
       0
       0
       0
       0
       0
       0
       0
       0
       0
       1
       0
       0
       0
       0
       0
       0
       0
       0
       0
       0
       0
       0
       1
       0
       0
       0
       1
       0
       0
       0
       0
       0
       0
       1
       0
       1
       0
       0
       0
       0
       1
       0
       0
       0
       0
       0
       0
       0
       0
       0
       0
       1
       0
       0
       0
       0
       0
       0
       0
       0
       0
       0
       0
       0
       1
       0
       1
       0
       0
       0
       1
       0
       0
       0
       1
       0
       0
       0
       2
       0
       1
       0
       0
       0
       1
       0
       0
       0
       0
       0
       0
       0
       1
       0
       0
       0
       0
       0
       0
       0
       0
       0
       0
       0
       1
       0
       0
       0
       0
       0
       0
       0
       0
       0
       0
       0
       0
       0
       0
       0
       0
       0
       1
       0
       0
       1
       0
       0
       0
       0
       0
       0
       0
       0
       0
       0
       0
       0
       0
       0
       0
       0
       1
       0
       0
       0
       0
       0
       0
       0
       0
       0
       0
       0
       0
       0
       0
       0
       0
       1
       0
       0
       0
       0
       0
       0
       0
       0
       0
       0
       0
       1
       0
       0
       2
       0
       0
       0
       0
       1
       0
       0
       0
       1
       0
       0
       0
       0
       0
       1
       0
       0
       0
       0
       0
       0
       0
       0
       0
       1
       0
       0
       0
       0
       0
       0
       0
       0
       1
       0
       0
       2
       0
       0
       0
       0
       1
       0
       0
       0
       0
       0
       1
       0
       0
       0
       0
       0
       1
       0
       0
       0
       0
       0
       0
       0
       0
       0
       0
       1
       0
       0
       0
       0
       0
       0
       1
       0
       0
       0
       0
       0
       0
       0
       0
       0
       0
       0
       0
       0
       0
       0
       0
       0
       0
       1
       0
       0
       2
       0
       0
       0
       0
       0
       0
       0
       0
       0
       0
       0
       0
       0
       1
       0
       1
       0
       0
       0
       0
       0
       0
       1
       0
       0
       0
       0
       0
       0
       1
       0
       0
       0
       0
       0
       0
       0
       0
       0
       0
       0
       0
       0
       0
       0
       0
       1
       0
       0
       0
       0
       1
       0
       0
       0
       0
       0
       0
       0
       0
       0
       1
       0
       0
       0
       0
       0
       0
       0
       0
       0
       0
       0
       0
       0
       0
       0
       0
       0
       0
       0
       0
       0
       0
       0
       0
       0
       0
       0
       1
       0
       0
       0
       0
       0
       0
       0
       0
       1
       0
       0
       0
       0
       0
       0
       0
       0
       0
       0
       0
       0
       1
       0
       0
       0
       0
       0
       0
       0
       0
       0
       0
       0
       0
       0
       0
       0
       0
       0
       0
       0
       0
       0
       0
       0
       0
       0
       0
       0
       0
       0
       0
       0
       0
       0
       0
       0
       0
       1
       0
       0
       0
       0
       0
       0
       0
       0
       0
       0
       0
       1
       0
       0
       0
       0
       0
       0
       0
       1
       0
       0
       0
       0
       0
       0
       0
       0
       0
       0
       0
       0
       0
       0
       0
       0
       0
       0
       0
       0
       1
       0
       0
       0
       0
       0
       1
       0
       0
       0
       0
       0
       0
       0
       0
       0
       0
       0
       1
       0
       0
       0
       0
       0
       1
       0
       0
       0
       0
       0
       1
       0
       0
       0
       0
       0
       0
       0
       0
       0
       0
       0
       0
       0
       0
       0
       0
       0
       0
       0
       0
       0
       0
       0
       0
       0
       0
       0
       0
       0
       0
       0
       1
       0
       1
       1
       0
       0
       0
       0
       0
       0
       0
       0
       0
       0
       0
       0
       0
       0
       0
       0
       0
       0
       0
       0
       0
       0
       0
       0
       0
       0
       0
       0
       0
       0
       0
       0
       0
       0
       0
       1
       0
       0
       0
       0
       0
       0
       0
       0
       0
       0
       0
       0
       0
       0
       0
       0
       0
       0
       0
       0
       0
       0
       0
       0
       0
       0
       0
       0
       0
       0
       0
       0
       0
       0
       0
       0
       0
       0
       0
       0
       0
       0
       0
       0
       0
       0
       0
       0
       0
       0
       0
       0
       0
       0
       1
       1
       0
       0
       0
       0
       1
       0
       0
       0
       0
       0
       0
       0
       0
       0
       0
       1
       0
       0
       0
       0
       0
       0
       0
       0
       0
$ROI:
1
171 189
$PRESETS:
Real Time
300
0
$ENER_FIT:
0.000000 0.000000
$MCA_CAL:
3
0.000000E+000 0.000000E+000 0.000000E+000 
$SHAPE_CAL:
3
0.000000E+000 0.000000E+000 0.000000E+000
