$SPEC_ID:
No sample description was entered.
$SPEC_REM:
DET# 1
DETDESC# TL-101B-03 digiBASE-RH SN 16039579
AP# Maestro Version 7.01
$DATE_MEA:
03/06/2026 14:38:23
$MEAS_TIM:
299 300
$DATA:
0 1023
       0
       0
       0
       0
       0
       0
       0
       0
       0
       0
       4
     359
     758
     753
     917
     933
     977
    1015
    1086
    1100
    1091
    1054
    1043
    1076
    1063
    1006
     978
     956
     916
     933
     861
     845
     776
     769
     742
     713
     652
     599
     541
     538
     510
     468
     487
     477
     408
     404
     402
     410
     446
     404
     367
     401
     348
     361
     348
     311
     293
     305
     280
     288
     288
     257
     233
     238
     249
     226
     252
     242
     232
     225
     212
     207
     238
     228
     196
     205
     182
     176
     183
     193
     158
     161
     183
     175
     188
     174
     159
     151
     155
     157
     132
     146
     160
     147
     149
     146
     173
     121
     134
     123
     119
     129
     130
     149
     132
     139
     134
     107
     125
     140
     109
     125
     110
     128
     123
     120
     151
     115
     116
     122
     111
     105
     129
     124
     109
     107
     127
      92
      97
     103
      92
      76
      84
      82
      88
      80
      98
      93
      80
      88
      76
      80
      67
      65
      59
      84
      71
      81
      73
      76
      98
      81
      85
      88
     101
     130
     118
     138
     122
     129
     132
     134
     106
      94
     102
      74
      44
      57
      49
      49
      37
      51
      64
      49
      74
      68
      72
      93
      78
      85
      93
      77
      83
      70
      73
      55
      69
      44
      23
      33
      22
      10
      13
      11
      13
      14
       6
       8
       4
      10
       7
      12
       7
      12
       9
      12
       3
       4
       9
       3
       3
       5
       2
       6
       1
       2
       1
       4
       3
       3
       3
       4
       2
       2
       1
       1
       1
       1
       4
       1
       0
       0
       2
       2
       2
       1
       0
       3
       1
       2
       2
       2
       2
       4
       1
       0
       2
       1
       3
       3
       1
       0
       2
       1
       1
       1
       0
       1
       4
       0
       3
       4
       2
       0
       0
       1
       0
       0
       0
       2
       1
       1
       0
       2
       1
       1
       0
       3
       2
       1
       2
       1
       0
       3
       2
       0
       1
       1
       1
       1
       0
       0
       2
       0
       0
       0
       1
       0
       2
       2
       1
       3
       3
       2
       2
       0
       0
       0
       0
       1
       0
       1
       1
       1
       1
       0
       2
       1
       4
       1
       1
       1
       1
       0
       1
       1
       0
       0
       1
       0
       2
       0
       0
       0
       0
       1
       0
       2
       0
       0
       0
       1
       2
       1
       1
       1
       1
       1
       1
       1
       2
       2
       1
       2
       1
       0
       0
       1
       1
       0
       0
       1
       0
       0
       0
       0
       0
       0
       0
       0
       0
       0
       0
       1
       0
       0
       0
       0
       1
       0
       0
       0
       0
       0
       0
       0
       1
       0
       0
       0
       0
       0
       1
       0
       0
       0
       0
       0
       0
       0
       0
       0
       0
       0
       0
       1
       1
       0
       0
       1
       0
       0
       0
       0
       0
       0
       0
       0
       0
       1
       0
       0
       0
       0
       0
       1
       0
       1
       1
       0
       0
       0
       0
       0
       0
       0
       0
       0
       0
       0
       0
       0
       0
       0
       0
       1
       0
       0
       1
       0
       0
       1
       0
       0
       0
       0
       0
       0
       0
       0
       1
       0
       0
       1
       0
       1
       0
       0
       0
       0
       0
       0
       0
       1
       0
       0
       0
       0
       0
       0
       0
       0
       0
       1
       0
       0
       2
       0
       1
       1
       0
       1
       0
       0
       0
       0
       0
       0
       0
       0
       0
       0
       0
       1
       0
       0
       0
       0
       0
       1
       0
       0
       0
       0
       0
       0
       0
       0
       0
       0
       0
       1
       1
       0
       0
       0
       0
       0
       0
       0
       0
       0
       0
       0
       0
       0
       0
       0
       1
       0
       0
       0
       0
       0
       0
       1
       0
       0
       0
       0
       0
       0
       0
       0
       0
       0
       0
       0
       0
       0
       0
       0
       0
       0
       0
       0
       0
       0
       0
       0
       0
       0
       0
       0
       0
       0
       2
       0
       1
       0
       0
       0
       1
       0
       1
       0
       0
       0
       0
       0
       0
       0
       0
       0
       0
       0
       0
       1
       0
       1
       0
       0
       0
       0
       0
       0
       0
       0
       0
       1
       0
       0
       0
       0
       0
       0
       0
       0
       0
       0
       0
       1
       0
       0
       0
       0
       0
       0
       0
       0
       0
       0
       0
       0
       0
       0
       0
       0
       0
       1
       0
       0
       0
       0
       0
       0
       0
       0
       0
       0
       0
       0
       0
       0
       0
       0
       0
       0
       0
       1
       0
       0
       0
       0
       1
       0
       1
       0
       0
       0
       0
       0
       0
       0
       0
       0
       0
       0
       0
       0
       0
       0
       0
       1
       0
       0
       1
       0
       1
       0
       0
       0
       0
       0
       1
       1
       0
       0
       0
       0
       0
       0
       0
       0
       0
       0
       0
       0
       0
       0
       0
       0
       0
       0
       0
       0
       0
       0
       0
       0
       0
       0
       1
       0
       0
       0
       0
       0
       0
       1
       0
       0
       0
       0
       0
       0
       0
       0
       0
       0
       0
       0
       0
       0
       0
       0
       0
       0
       0
       0
       0
       0
       0
       0
       0
       0
       0
       0
       0
       0
       0
       0
       0
       1
       0
       0
       0
       0
       0
       0
       0
       0
       0
       0
       0
       0
       0
       0
       0
       0
       0
       0
       0
       0
       0
       0
       0
       0
       0
       1
       0
       0
       0
       0
       0
       0
       0
       0
       1
       0
       1
       0
       1
       0
       0
       0
       0
       0
       0
       0
       0
       0
       0
       0
       0
       0
       0
       0
       0
       0
       1
       0
       0
       0
       0
       0
       0
       0
       0
       0
       0
       0
       0
       0
       0
       0
       0
       0
       0
       0
       0
       1
       0
       0
       0
       0
       0
       0
       0
       0
       0
       0
       0
       0
       0
       0
       0
       0
       0
       0
       0
       0
       1
       0
       0
       0
       0
       0
       0
       0
       0
       0
       0
       0
       0
       0
       0
       0
       0
       0
       0
       0
       0
       0
       0
       0
       0
       0
       0
       0
       0
       0
       0
       0
       0
       0
       0
       0
       0
       0
       0
       0
       0
       0
       0
       0
       0
       0
       0
       0
       0
       0
       0
       0
       0
       0
       0
       0
       0
       0
       0
       0
       0
       0
       0
       0
       0
       0
       1
       0
       0
       0
       0
       0
       0
       0
       0
       0
       0
       0
       0
       0
       0
       0
       0
       0
       0
       0
       0
       0
       0
       0
       0
       0
       0
       0
       0
       0
       1
       0
       0
       0
       1
       0
       0
       0
       0
       0
       0
       0
       0
       0
       0
       0
       0
       0
       0
       0
       0
       0
       0
       0
       0
       0
       0
       0
       0
       0
       0
       1
       0
       0
       0
       0
       0
       0
       0
       0
       0
       0
       0
       0
       0
       0
       0
       0
       0
       0
       0
       0
       0
       0
       0
       0
       0
       0
       0
       0
       0
       0
       0
       0
       0
       0
$ROI:
1
171 189
$PRESETS:
Real Time
300
0
$ENER_FIT:
0.000000 0.000000
$MCA_CAL:
3
0.000000E+000 0.000000E+000 0.000000E+000 
$SHAPE_CAL:
3
0.000000E+000 0.000000E+000 0.000000E+000
