$SPEC_ID:
No sample description was entered.
$SPEC_REM:
DET# 1
DETDESC# TL-101B-03 digiBASE-RH SN 16039579
AP# Maestro Version 7.01
$DATE_MEA:
03/06/2026 15:32:34
$MEAS_TIM:
299 300
$DATA:
0 1023
       0
       0
       0
       0
       0
       0
       0
       0
       0
       0
       6
     307
     722
     778
     763
     725
     687
     704
     687
     645
     722
     655
     629
     605
     599
     598
     500
     549
     528
     566
     517
     524
     540
     447
     476
     403
     369
     352
     305
     282
     290
     258
     262
     263
     214
     230
     218
     252
     245
     222
     208
     204
     214
     219
     204
     192
     183
     186
     185
     178
     195
     192
     187
     181
     163
     204
     170
     163
     152
     166
     181
     182
     188
     151
     158
     165
     156
     147
     144
     153
     146
     125
     136
     159
     157
     138
     133
     122
     127
     146
     121
     134
     138
     144
     118
     120
     140
     108
     108
     119
     124
     129
     113
     135
     126
     126
     123
     105
     116
     110
     128
     113
     118
     119
     124
     128
     134
     122
     113
     110
     123
      98
     117
     115
     115
     126
      90
      98
     117
     127
      90
     102
     103
      94
      93
      76
      83
      88
      92
      63
      80
      75
      69
      76
      69
      79
      77
      64
      70
      64
      81
     102
     108
     121
     120
     148
     154
     151
     162
     159
     166
     146
     130
     111
     113
      76
      71
      61
      55
      58
      53
      60
      51
      69
      80
      89
      89
     109
     103
     109
     112
     135
      86
     100
      81
      79
      82
      45
      40
      33
      18
      12
      18
      12
      15
      13
       8
      10
      12
      14
      14
      17
       4
       6
       6
       4
       1
       7
       3
       0
       2
       3
       3
       4
       0
       4
       0
       0
       0
       3
       1
       4
       1
       0
       3
       1
       2
       3
       2
       1
       2
       1
       4
       2
       3
       1
       2
       2
       4
       2
       1
       0
       0
       1
       1
       1
       2
       1
       1
       1
       3
       0
       2
       1
       2
       3
       0
       3
       2
       2
       2
       3
       0
       0
       0
       1
       0
       1
       1
       3
       3
       2
       0
       0
       2
       0
       2
       3
       1
       1
       0
       2
       1
       2
       1
       1
       0
       4
       3
       1
       1
       1
       2
       1
       0
       0
       0
       2
       1
       1
       0
       0
       2
       2
       0
       0
       0
       1
       1
       2
       2
       0
       1
       1
       1
       1
       0
       0
       0
       1
       0
       1
       0
       1
       1
       0
       1
       0
       1
       1
       1
       0
       0
       0
       1
       2
       1
       0
       2
       1
       0
       2
       1
       2
       1
       0
       1
       0
       0
       0
       0
       0
       2
       0
       1
       0
       1
       0
       0
       1
       0
       0
       1
       0
       0
       0
       1
       0
       0
       1
       0
       0
       1
       0
       0
       0
       1
       1
       0
       0
       0
       0
       0
       0
       0
       0
       0
       0
       0
       0
       1
       0
       0
       1
       0
       0
       0
       0
       0
       0
       0
       1
       0
       0
       0
       0
       1
       0
       0
       0
       0
       0
       0
       0
       0
       0
       0
       0
       0
       0
       0
       0
       0
       0
       0
       0
       0
       0
       0
       0
       2
       0
       1
       0
       0
       0
       0
       0
       0
       0
       0
       0
       1
       1
       0
       0
       0
       0
       0
       0
       0
       1
       0
       0
       0
       0
       0
       1
       0
       0
       0
       0
       2
       0
       0
       1
       1
       0
       0
       1
       0
       0
       0
       0
       0
       0
       0
       0
       0
       0
       0
       0
       0
       0
       0
       0
       0
       2
       1
       0
       0
       0
       0
       1
       0
       0
       0
       0
       0
       0
       1
       0
       0
       0
       0
       1
       1
       1
       0
       0
       0
       1
       0
       0
       0
       0
       0
       1
       0
       1
       0
       0
       0
       0
       0
       0
       0
       0
       0
       1
       0
       0
       0
       0
       0
       1
       0
       0
       0
       0
       0
       0
       0
       1
       0
       0
       0
       0
       0
       0
       0
       1
       1
       0
       0
       0
       0
       0
       0
       0
       0
       1
       0
       0
       0
       0
       0
       0
       0
       0
       0
       0
       0
       0
       0
       0
       0
       0
       0
       0
       0
       0
       0
       0
       0
       0
       0
       0
       0
       0
       0
       0
       0
       0
       0
       0
       0
       1
       0
       0
       0
       0
       0
       0
       0
       0
       0
       1
       0
       0
       0
       0
       1
       0
       0
       0
       1
       0
       0
       0
       0
       0
       0
       0
       0
       0
       0
       0
       0
       0
       0
       1
       0
       0
       2
       0
       0
       1
       0
       0
       0
       0
       0
       0
       0
       0
       0
       0
       0
       0
       0
       0
       0
       0
       0
       0
       0
       0
       0
       0
       0
       0
       0
       0
       0
       0
       0
       1
       0
       0
       0
       0
       0
       0
       0
       0
       0
       0
       0
       0
       0
       0
       0
       0
       0
       0
       0
       0
       0
       0
       0
       0
       0
       0
       0
       0
       0
       0
       0
       0
       0
       0
       0
       0
       0
       0
       0
       0
       0
       0
       0
       0
       0
       0
       0
       0
       0
       1
       0
       0
       0
       0
       0
       0
       0
       0
       0
       0
       0
       0
       0
       0
       0
       0
       0
       0
       0
       0
       0
       0
       0
       0
       0
       0
       0
       0
       0
       0
       0
       0
       1
       0
       0
       0
       0
       0
       0
       0
       0
       0
       0
       0
       0
       0
       0
       0
       0
       0
       0
       0
       0
       0
       0
       0
       0
       0
       0
       0
       0
       0
       0
       0
       0
       0
       0
       0
       1
       0
       0
       0
       0
       0
       0
       0
       0
       0
       0
       0
       0
       0
       0
       0
       0
       0
       0
       0
       0
       0
       0
       0
       0
       0
       0
       0
       1
       0
       0
       0
       0
       0
       0
       0
       0
       0
       0
       0
       0
       0
       0
       0
       0
       0
       0
       0
       0
       0
       0
       0
       0
       0
       0
       0
       0
       0
       0
       0
       0
       0
       0
       0
       0
       0
       0
       0
       0
       0
       1
       0
       0
       0
       1
       1
       0
       0
       0
       0
       0
       0
       0
       0
       0
       0
       0
       0
       0
       0
       0
       0
       0
       0
       0
       0
       0
       0
       1
       0
       0
       0
       1
       0
       0
       0
       0
       0
       0
       0
       1
       0
       0
       0
       0
       0
       0
       0
       0
       0
       0
       0
       0
       0
       0
       0
       0
       0
       2
       0
       0
       0
       0
       1
       0
       0
       0
       0
       0
       0
       0
       0
       0
       0
       0
       0
       0
       0
       0
       0
       0
       0
       0
       0
       0
       0
       0
       0
       0
       0
       0
       0
       0
       0
       0
       1
       0
       0
       0
       0
       0
       0
       0
       0
       0
       0
       0
       0
       0
       1
       0
       0
       1
       0
       0
       0
       0
       0
       0
       2
       0
       0
       0
       0
       0
       0
       1
       0
       0
       0
       0
       0
       0
       0
       0
       0
       0
       0
       0
       0
       0
       0
       0
       0
       0
       0
       0
       0
       0
       0
       0
       0
       0
       0
       0
       0
       0
       0
       0
       0
       0
       0
       0
       0
       0
       0
       0
       0
$ROI:
1
171 189
$PRESETS:
Real Time
300
0
$ENER_FIT:
0.000000 0.000000
$MCA_CAL:
3
0.000000E+000 0.000000E+000 0.000000E+000 
$SHAPE_CAL:
3
0.000000E+000 0.000000E+000 0.000000E+000
