$SPEC_ID:
No sample description was entered.
$SPEC_REM:
DET# 1
DETDESC# TL-101B-03 digiBASE-RH SN 16039579
AP# Maestro Version 7.01
$DATE_MEA:
03/06/2026 15:08:21
$MEAS_TIM:
299 300
$DATA:
0 1023
       0
       0
       0
       0
       0
       0
       0
       0
       0
       0
       7
     501
    1137
    1261
    1297
    1344
    1329
    1365
    1316
    1319
    1322
    1190
    1156
    1084
    1017
     985
     987
     903
     856
     858
     856
     807
     758
     694
     640
     606
     539
     527
     493
     467
     452
     449
     440
     405
     376
     357
     347
     367
     331
     330
     339
     288
     321
     287
     308
     250
     279
     252
     223
     232
     241
     241
     205
     200
     242
     242
     234
     206
     202
     213
     185
     198
     194
     171
     185
     185
     174
     178
     166
     167
     185
     164
     136
     152
     156
     143
     148
     155
     135
     139
     134
     129
     155
     149
     108
     139
     140
      98
     125
     106
     122
     125
     131
     114
     126
     126
     133
     125
     119
     122
     134
     103
      98
     120
     108
     128
     105
      99
     118
      95
     101
     108
     102
      94
     109
     106
     116
     109
      89
     101
      85
      77
      81
      82
      77
      94
      77
      76
      84
      78
      63
      70
      80
      72
      76
      76
      60
      56
      73
      66
      70
      83
      80
      99
      94
     112
     118
     135
     121
     130
     128
     101
     112
      82
      75
      54
      59
      56
      48
      50
      47
      46
      59
      45
      65
      72
     102
      98
      92
      95
      98
     105
     101
      75
      57
      66
      51
      29
      46
      30
      26
      16
      17
       7
      12
      12
      15
      11
       6
       9
      13
       7
      13
       2
       6
       2
       5
       2
       3
       7
       2
       0
       4
       2
       2
       2
       2
       3
       2
       3
       1
       1
       1
       4
       2
       0
       1
       2
       6
       2
       2
       2
       0
       1
       1
       1
       4
       3
       3
       2
       1
       4
       1
       2
       1
       2
       0
       3
       0
       1
       1
       0
       3
       1
       0
       2
       0
       6
       0
       2
       0
       2
       1
       1
       0
       0
       2
       1
       0
       1
       2
       2
       2
       0
       1
       0
       2
       1
       2
       3
       0
       1
       0
       1
       2
       1
       4
       3
       0
       1
       1
       1
       0
       1
       1
       1
       1
       0
       2
       0
       1
       2
       1
       1
       1
       1
       2
       1
       1
       1
       1
       0
       1
       0
       2
       1
       1
       1
       0
       0
       1
       1
       0
       0
       2
       0
       0
       1
       0
       1
       1
       0
       0
       1
       2
       0
       1
       2
       2
       1
       0
       0
       1
       1
       1
       1
       0
       2
       0
       0
       0
       1
       1
       3
       0
       1
       0
       0
       0
       0
       0
       0
       0
       0
       1
       0
       0
       0
       0
       1
       0
       0
       0
       0
       0
       0
       1
       0
       0
       0
       0
       0
       0
       0
       0
       0
       0
       0
       0
       0
       0
       0
       0
       0
       1
       0
       0
       1
       0
       0
       0
       0
       0
       0
       0
       0
       0
       0
       0
       0
       1
       1
       0
       0
       0
       0
       0
       0
       0
       0
       0
       0
       0
       0
       0
       0
       0
       0
       0
       0
       0
       0
       0
       0
       0
       0
       2
       0
       0
       0
       0
       0
       0
       0
       0
       0
       0
       0
       0
       0
       0
       0
       0
       0
       0
       1
       0
       0
       0
       0
       0
       0
       0
       0
       0
       0
       0
       0
       0
       0
       0
       0
       0
       1
       0
       1
       0
       2
       0
       0
       0
       0
       0
       0
       0
       0
       1
       1
       0
       0
       0
       0
       0
       0
       0
       0
       0
       1
       0
       0
       0
       0
       1
       0
       0
       0
       0
       0
       0
       0
       0
       2
       0
       0
       0
       0
       1
       2
       1
       0
       0
       0
       0
       1
       0
       0
       0
       0
       0
       0
       0
       0
       0
       0
       0
       0
       0
       0
       0
       0
       0
       0
       0
       0
       1
       0
       0
       0
       0
       0
       0
       0
       0
       1
       0
       0
       1
       0
       0
       0
       0
       0
       0
       1
       0
       1
       0
       0
       0
       1
       0
       0
       0
       0
       0
       1
       0
       0
       0
       0
       0
       0
       0
       0
       0
       0
       0
       0
       1
       0
       0
       0
       0
       0
       0
       0
       0
       0
       0
       0
       0
       0
       0
       0
       0
       0
       0
       0
       0
       0
       0
       0
       0
       0
       0
       0
       0
       0
       0
       0
       0
       0
       0
       0
       0
       0
       0
       0
       0
       0
       0
       1
       0
       0
       1
       0
       0
       0
       0
       1
       0
       0
       1
       0
       0
       0
       0
       0
       0
       0
       0
       1
       0
       0
       0
       0
       0
       0
       1
       0
       0
       0
       0
       0
       0
       0
       0
       0
       0
       0
       0
       0
       0
       0
       0
       0
       0
       0
       0
       0
       0
       0
       0
       0
       0
       0
       0
       1
       0
       0
       0
       0
       0
       0
       0
       0
       0
       1
       0
       0
       0
       0
       0
       0
       0
       0
       0
       0
       0
       0
       1
       0
       0
       0
       0
       0
       0
       0
       0
       1
       0
       0
       0
       0
       0
       0
       0
       0
       0
       0
       0
       0
       0
       0
       2
       0
       0
       0
       0
       0
       0
       0
       0
       0
       0
       0
       0
       0
       0
       0
       0
       0
       0
       1
       0
       0
       0
       0
       0
       0
       0
       0
       0
       1
       0
       0
       0
       0
       0
       0
       0
       0
       0
       0
       0
       1
       0
       0
       0
       0
       0
       0
       0
       0
       0
       1
       0
       0
       0
       0
       0
       0
       0
       0
       0
       0
       0
       0
       0
       0
       0
       1
       0
       0
       0
       0
       0
       0
       0
       0
       0
       0
       0
       1
       0
       0
       0
       0
       0
       1
       0
       0
       0
       0
       0
       1
       0
       0
       0
       0
       0
       0
       0
       0
       0
       0
       0
       1
       0
       0
       0
       0
       0
       0
       0
       0
       0
       0
       0
       0
       0
       0
       0
       0
       0
       0
       0
       0
       1
       0
       0
       0
       0
       0
       0
       0
       0
       0
       0
       1
       0
       0
       0
       0
       0
       0
       0
       0
       0
       0
       0
       0
       0
       0
       0
       1
       0
       0
       0
       0
       0
       0
       1
       0
       0
       0
       0
       0
       0
       0
       0
       0
       0
       0
       1
       0
       0
       0
       1
       0
       0
       0
       1
       0
       1
       0
       1
       0
       0
       0
       0
       0
       0
       0
       0
       0
       0
       0
       0
       0
       0
       0
       0
       0
       0
       0
       0
       0
       0
       0
       0
       0
       0
       0
       0
       0
       0
       0
       0
       0
       0
       1
       0
       0
       0
       0
       0
       0
       0
       0
       0
       0
       0
       0
       0
       0
       0
       0
       0
       0
       0
       1
       0
       0
       1
       0
       0
       1
       0
       0
       0
       1
       1
       0
       0
       0
       3
       1
       0
       0
       1
       0
       0
       0
       0
       0
       0
       0
       0
       0
       0
       0
       0
       0
       0
       0
       0
       0
       0
       0
       0
       0
       0
       0
       0
       0
       0
       0
       0
       0
       0
       0
       0
       0
$ROI:
1
171 189
$PRESETS:
Real Time
300
0
$ENER_FIT:
0.000000 0.000000
$MCA_CAL:
3
0.000000E+000 0.000000E+000 0.000000E+000 
$SHAPE_CAL:
3
0.000000E+000 0.000000E+000 0.000000E+000
