$SPEC_ID:
No sample description was entered.
$SPEC_REM:
DET# 1
DETDESC# TL-101B-03 digiBASE-RH SN 16039579
AP# Maestro Version 7.01
$DATE_MEA:
03/06/2026 14:44:49
$MEAS_TIM:
299 300
$DATA:
0 1023
       0
       0
       0
       0
       0
       0
       0
       0
       0
       0
       7
     328
     687
     821
     812
     832
     894
     888
    1033
     926
     971
     965
     883
     870
     895
     869
     831
     818
     779
     683
     721
     717
     674
     720
     634
     542
     553
     520
     481
     480
     438
     387
     427
     402
     391
     370
     325
     339
     338
     327
     306
     308
     319
     274
     266
     282
     248
     262
     246
     226
     228
     215
     229
     208
     206
     194
     222
     210
     176
     201
     189
     170
     165
     177
     185
     171
     163
     121
     148
     148
     137
     142
     150
     123
     136
     123
     140
     137
     123
     153
     119
     131
     105
     125
     109
     123
     107
     106
     101
     102
      94
      80
      92
     114
      93
     104
      91
      95
      96
     108
      88
      70
      87
      81
      82
      90
      77
      89
      97
      76
      78
      70
      99
     109
      95
      89
      89
      81
      89
      77
      72
      58
      56
      76
      63
      74
      56
      52
      51
      49
      53
      66
      38
      52
      67
      48
      55
      56
      55
      57
      56
      63
      66
      70
      66
      74
      88
      66
      88
      87
      88
      72
      63
      62
      35
      48
      28
      34
      31
      28
      32
      47
      45
      50
      36
      60
      49
      53
      59
      63
      56
      48
      54
      32
      40
      43
      49
      31
      27
      18
      22
      17
      14
      13
       9
       9
       6
      12
       8
       8
      12
       6
      12
       6
       4
       4
       5
       6
       5
       4
       4
       5
       0
       2
       3
       1
       0
       2
       7
       0
       0
       1
       2
       1
       1
       2
       3
       1
       1
       2
       0
       2
       2
       1
       2
       2
       5
       4
       2
       0
       1
       2
       1
       0
       1
       3
       2
       0
       3
       3
       1
       2
       0
       2
       2
       4
       1
       0
       0
       1
       1
       3
       2
       0
       1
       0
       1
       2
       1
       2
       2
       0
       2
       0
       0
       0
       1
       0
       3
       0
       2
       2
       1
       1
       1
       3
       2
       0
       1
       0
       1
       1
       1
       2
       3
       1
       4
       2
       1
       2
       0
       1
       1
       0
       0
       2
       2
       0
       1
       3
       2
       0
       0
       0
       1
       2
       3
       2
       0
       0
       0
       2
       0
       0
       1
       0
       1
       0
       1
       0
       2
       0
       0
       0
       2
       0
       0
       2
       1
       1
       3
       1
       3
       2
       1
       0
       1
       0
       0
       2
       0
       2
       0
       1
       0
       0
       0
       0
       0
       0
       0
       1
       0
       0
       1
       1
       1
       0
       0
       0
       1
       0
       0
       0
       0
       0
       0
       0
       0
       0
       0
       0
       0
       0
       0
       0
       0
       0
       0
       1
       0
       0
       1
       0
       0
       0
       0
       0
       0
       0
       0
       0
       0
       0
       0
       0
       0
       0
       0
       0
       0
       0
       0
       0
       0
       0
       0
       0
       0
       0
       0
       0
       0
       0
       1
       0
       1
       0
       0
       0
       0
       0
       0
       0
       0
       0
       1
       0
       0
       0
       0
       1
       0
       0
       0
       0
       0
       0
       1
       0
       0
       0
       0
       0
       0
       0
       0
       0
       0
       0
       0
       0
       0
       0
       1
       0
       0
       0
       0
       0
       0
       0
       2
       0
       0
       0
       0
       0
       1
       0
       0
       0
       0
       0
       0
       1
       0
       0
       0
       1
       0
       0
       0
       0
       0
       1
       0
       0
       0
       0
       1
       0
       0
       1
       0
       0
       0
       0
       0
       0
       0
       0
       0
       0
       0
       0
       0
       0
       0
       0
       1
       0
       0
       0
       0
       0
       0
       0
       0
       0
       0
       0
       0
       0
       0
       0
       0
       0
       0
       0
       1
       0
       0
       0
       0
       0
       1
       0
       0
       0
       0
       0
       0
       0
       0
       0
       0
       0
       0
       0
       0
       0
       1
       0
       1
       0
       0
       0
       0
       0
       0
       0
       0
       0
       0
       0
       0
       0
       0
       0
       1
       0
       0
       0
       0
       0
       0
       0
       1
       0
       0
       0
       0
       1
       0
       0
       0
       0
       0
       0
       0
       0
       1
       0
       0
       0
       0
       0
       0
       0
       0
       1
       0
       0
       0
       0
       0
       0
       0
       0
       0
       0
       0
       0
       1
       0
       1
       0
       1
       0
       1
       0
       0
       0
       0
       0
       0
       0
       0
       1
       0
       0
       0
       0
       0
       0
       0
       0
       0
       0
       0
       0
       0
       0
       0
       0
       0
       1
       0
       0
       0
       0
       0
       0
       0
       0
       0
       0
       0
       0
       0
       0
       0
       0
       0
       0
       0
       0
       0
       0
       0
       0
       0
       0
       0
       0
       0
       0
       0
       0
       0
       0
       0
       0
       0
       0
       0
       0
       0
       0
       0
       0
       0
       1
       0
       0
       0
       0
       0
       0
       0
       0
       0
       0
       1
       0
       0
       0
       0
       0
       1
       0
       0
       0
       0
       0
       0
       0
       0
       0
       0
       0
       0
       0
       0
       0
       0
       0
       0
       0
       0
       0
       0
       0
       0
       0
       0
       0
       0
       0
       0
       0
       0
       0
       0
       0
       0
       0
       0
       1
       0
       0
       0
       0
       0
       0
       0
       0
       0
       0
       0
       0
       0
       0
       0
       0
       1
       1
       0
       1
       0
       0
       1
       2
       0
       0
       0
       0
       0
       0
       0
       0
       1
       0
       0
       0
       1
       0
       0
       0
       0
       0
       0
       0
       0
       0
       0
       0
       0
       0
       0
       0
       0
       0
       0
       1
       0
       0
       0
       0
       0
       0
       0
       0
       0
       0
       0
       0
       0
       0
       0
       1
       0
       0
       0
       0
       0
       1
       0
       0
       0
       0
       0
       0
       0
       1
       0
       0
       0
       0
       0
       0
       0
       0
       0
       0
       0
       0
       0
       0
       0
       0
       0
       0
       0
       0
       0
       0
       0
       1
       0
       0
       0
       0
       0
       0
       0
       0
       0
       0
       0
       0
       0
       0
       0
       0
       0
       0
       0
       0
       0
       0
       0
       0
       0
       0
       0
       0
       0
       0
       0
       0
       0
       0
       0
       0
       0
       1
       0
       0
       0
       0
       0
       0
       0
       0
       0
       0
       1
       0
       1
       0
       0
       0
       0
       0
       0
       0
       0
       0
       0
       0
       0
       0
       0
       0
       0
       0
       0
       0
       0
       0
       0
       0
       0
       0
       0
       0
       0
       0
       0
       0
       0
       1
       0
       1
       0
       0
       0
       0
       0
       0
       0
       0
       0
       0
       0
       1
       0
       0
       0
       0
       0
       0
       0
       0
       0
       0
       0
       0
       0
       0
       0
       0
       0
       0
       0
       0
       0
       0
       0
       0
       0
       0
       0
       0
       0
       0
       0
       1
       0
       0
       0
       0
       1
       0
       0
       0
       0
       0
       0
       0
       0
       0
       0
       0
       0
       0
       0
       0
       0
       0
       0
       0
$ROI:
1
171 189
$PRESETS:
Real Time
300
0
$ENER_FIT:
0.000000 0.000000
$MCA_CAL:
3
0.000000E+000 0.000000E+000 0.000000E+000 
$SHAPE_CAL:
3
0.000000E+000 0.000000E+000 0.000000E+000
