$SPEC_ID:
No sample description was entered.
$SPEC_REM:
DET# 1
DETDESC# TL-101B-03 digiBASE-RH SN 16039579
AP# Maestro Version 7.01
$DATE_MEA:
03/06/2026 15:26:26
$MEAS_TIM:
299 300
$DATA:
0 1023
       0
       0
       0
       0
       0
       0
       0
       0
       0
       0
       2
     284
     618
     661
     725
     677
     659
     676
     688
     624
     665
     596
     611
     544
     568
     562
     497
     491
     522
     510
     448
     472
     445
     401
     420
     380
     350
     301
     295
     250
     230
     243
     227
     209
     202
     220
     214
     181
     216
     172
     187
     172
     170
     165
     164
     160
     166
     149
     143
     163
     152
     126
     144
     133
     153
     123
     133
     129
     160
     143
     124
     142
     134
     132
     134
     132
     134
     116
     129
     125
     137
     116
     123
     116
     108
     116
     104
     105
     116
     127
     114
     107
     118
     113
      89
     104
     100
     106
     108
      95
      99
      94
      82
     102
      89
      93
      98
      78
     102
      90
     103
      88
      75
     100
      85
      91
      86
      91
     104
      84
      84
     107
      97
      96
     111
      89
      85
      98
      78
      84
      89
      76
      70
      65
      71
      76
      90
      64
      61
      62
      65
      72
      69
      63
      58
      67
      69
      61
      74
      72
      70
      64
      69
      70
     109
      99
     118
      95
      99
     125
      98
      87
      93
      67
      72
      70
      58
      42
      46
      41
      40
      41
      47
      55
      56
      64
      65
      71
      72
      71
      87
      79
      65
      78
      68
      63
      51
      40
      40
      25
      10
      18
      15
      12
      10
      11
       9
       9
      13
       7
       7
      16
      11
      10
       4
       3
       7
       6
       6
       5
       2
       4
       2
       5
       3
       1
       3
       3
       2
       1
       1
       1
       0
       3
       2
       0
       3
       3
       3
       2
       1
       1
       4
       2
       2
       2
       5
       2
       1
       4
       1
       0
       2
       1
       6
       1
       0
       3
       1
       0
       0
       4
       0
       4
       1
       0
       2
       1
       1
       4
       1
       1
       0
       2
       1
       0
       0
       1
       1
       1
       1
       2
       1
       0
       2
       0
       0
       1
       0
       2
       0
       1
       0
       0
       1
       0
       3
       1
       1
       1
       0
       2
       1
       0
       2
       4
       0
       1
       2
       2
       1
       1
       1
       0
       2
       2
       1
       0
       0
       0
       2
       0
       1
       1
       2
       1
       0
       0
       0
       1
       0
       0
       1
       1
       1
       1
       1
       1
       1
       0
       0
       2
       0
       0
       0
       0
       1
       1
       1
       2
       2
       1
       1
       1
       4
       1
       1
       0
       0
       1
       2
       1
       0
       2
       0
       1
       1
       1
       1
       0
       1
       0
       1
       0
       0
       0
       0
       0
       0
       0
       0
       0
       1
       0
       0
       0
       0
       1
       0
       0
       0
       1
       0
       0
       0
       0
       1
       0
       0
       0
       0
       1
       1
       0
       0
       0
       0
       0
       0
       0
       0
       0
       0
       0
       1
       1
       1
       0
       0
       0
       0
       0
       0
       0
       1
       0
       0
       0
       0
       0
       0
       0
       0
       0
       0
       0
       0
       0
       0
       0
       0
       0
       0
       0
       0
       0
       0
       0
       0
       0
       0
       0
       1
       0
       0
       0
       0
       0
       1
       0
       0
       0
       0
       0
       1
       0
       0
       1
       0
       0
       0
       0
       0
       0
       0
       1
       0
       0
       0
       0
       1
       0
       0
       0
       0
       1
       0
       1
       0
       1
       0
       0
       0
       0
       0
       1
       1
       0
       0
       0
       0
       0
       0
       0
       0
       0
       0
       0
       0
       1
       0
       0
       0
       0
       0
       0
       0
       0
       0
       0
       1
       0
       0
       0
       0
       0
       0
       0
       1
       0
       0
       0
       0
       0
       0
       0
       0
       0
       0
       0
       0
       0
       0
       0
       0
       0
       0
       0
       0
       0
       0
       0
       0
       0
       1
       0
       0
       0
       0
       0
       0
       0
       0
       0
       1
       1
       0
       0
       0
       0
       0
       0
       0
       0
       0
       0
       0
       0
       0
       0
       0
       0
       1
       0
       0
       0
       1
       0
       0
       0
       0
       1
       0
       0
       0
       1
       0
       0
       1
       0
       0
       1
       0
       0
       0
       0
       0
       0
       0
       0
       0
       0
       1
       0
       0
       0
       1
       0
       0
       1
       0
       0
       0
       0
       0
       0
       0
       0
       0
       0
       0
       0
       0
       0
       0
       1
       0
       0
       0
       0
       0
       0
       0
       0
       0
       0
       0
       0
       0
       0
       0
       0
       1
       0
       0
       0
       0
       0
       0
       0
       1
       0
       0
       1
       0
       0
       0
       0
       0
       0
       0
       0
       0
       0
       0
       0
       1
       0
       0
       0
       0
       1
       0
       0
       0
       0
       0
       0
       0
       0
       0
       0
       0
       0
       0
       0
       1
       0
       1
       0
       0
       1
       0
       1
       0
       0
       0
       0
       0
       0
       0
       0
       0
       0
       0
       0
       0
       0
       0
       0
       1
       0
       0
       0
       0
       0
       0
       0
       0
       0
       0
       0
       0
       0
       0
       0
       0
       0
       0
       0
       0
       0
       0
       0
       0
       0
       0
       1
       0
       0
       0
       0
       0
       0
       0
       1
       0
       0
       0
       0
       1
       1
       0
       0
       0
       0
       0
       0
       0
       0
       0
       0
       0
       1
       0
       0
       0
       0
       0
       0
       0
       0
       0
       0
       0
       0
       1
       0
       0
       0
       1
       0
       0
       0
       1
       0
       0
       0
       0
       0
       0
       0
       0
       0
       0
       0
       0
       0
       0
       0
       0
       0
       0
       0
       0
       0
       0
       0
       1
       0
       0
       0
       0
       0
       0
       1
       0
       0
       0
       0
       0
       0
       1
       0
       0
       0
       0
       0
       0
       0
       2
       0
       0
       0
       0
       0
       0
       0
       1
       0
       0
       0
       0
       0
       0
       1
       0
       0
       0
       0
       0
       0
       0
       0
       0
       0
       0
       0
       0
       0
       0
       0
       0
       0
       1
       1
       2
       0
       0
       2
       0
       0
       0
       1
       0
       0
       0
       0
       0
       0
       0
       1
       0
       1
       1
       0
       0
       0
       0
       1
       0
       0
       0
       0
       0
       0
       0
       0
       1
       0
       0
       0
       0
       0
       0
       0
       0
       0
       0
       0
       0
       0
       0
       0
       0
       0
       0
       0
       0
       0
       0
       0
       0
       0
       0
       0
       0
       0
       0
       0
       0
       0
       0
       0
       1
       0
       0
       0
       0
       0
       0
       0
       0
       1
       0
       0
       0
       0
       0
       0
       0
       0
       0
       0
       1
       0
       0
       0
       0
       0
       0
       0
       0
       0
       0
       0
       0
       0
       0
       0
       0
       0
       0
       0
       0
       0
       0
       0
       0
       0
       0
       0
       0
       1
       0
       0
       0
       0
       0
       0
       0
       0
       0
       0
       0
       0
       1
       0
       0
       0
       0
       0
       0
       0
       0
       0
       0
       0
       0
       0
       0
       0
       0
       1
       0
       1
       0
       2
       0
       0
       0
       0
       0
       0
$ROI:
1
171 189
$PRESETS:
Real Time
300
0
$ENER_FIT:
0.000000 0.000000
$MCA_CAL:
3
0.000000E+000 0.000000E+000 0.000000E+000 
$SHAPE_CAL:
3
0.000000E+000 0.000000E+000 0.000000E+000
