$SPEC_ID:
No sample description was entered.
$SPEC_REM:
DET# 1
DETDESC# TL-101B-03 digiBASE-RH SN 16039579
AP# Maestro Version 7.01
$DATE_MEA:
03/06/2026 15:13:56
$MEAS_TIM:
299 300
$DATA:
0 1023
       0
       0
       0
       0
       0
       0
       0
       0
       0
       0
      10
     452
    1103
    1240
    1347
    1302
    1345
    1345
    1279
    1239
    1191
    1137
    1103
    1126
     973
     942
     859
     888
     812
     805
     722
     711
     654
     643
     615
     565
     481
     481
     396
     433
     421
     402
     390
     356
     372
     335
     372
     357
     329
     330
     317
     291
     272
     270
     265
     249
     240
     210
     223
     206
     236
     198
     193
     206
     187
     180
     198
     180
     194
     174
     191
     201
     182
     151
     166
     170
     189
     139
     153
     164
     141
     125
     167
     138
     158
     149
     120
     126
     127
     113
     150
     121
     133
     138
     106
     118
     125
     114
     112
     110
     108
     118
     105
      99
     106
     107
      96
      99
     101
      86
     115
     109
      88
      97
      98
      85
      96
      88
      95
      84
      97
      94
      70
      80
      81
      88
      79
      74
      72
      77
      82
      76
      69
      65
      60
      67
      53
      51
      56
      56
      72
      60
      70
      58
      51
      67
      65
      68
      54
      57
      65
      61
      65
      69
      89
      82
      82
     109
      73
      84
      98
      73
      75
      64
      53
      46
      42
      37
      35
      40
      29
      38
      37
      54
      51
      56
      53
      58
      66
      70
      61
      58
      58
      50
      45
      38
      40
      25
      26
      18
      23
      19
      16
       6
      16
      12
       7
      14
      13
      13
       7
       4
       4
      12
       8
       3
       3
       9
       5
       0
       2
       4
       6
       1
       2
       2
       2
       4
       3
       3
       2
       2
       1
       4
       1
       1
       2
       2
       3
       2
       0
       2
       0
       2
       0
       0
       3
       2
       3
       0
       1
       0
       2
       1
       2
       2
       3
       2
       2
       3
       1
       1
       0
       2
       2
       1
       1
       0
       1
       1
       1
       2
       0
       2
       0
       0
       1
       0
       2
       0
       0
       1
       1
       0
       1
       0
       5
       1
       1
       0
       2
       3
       1
       4
       2
       0
       0
       0
       1
       2
       0
       4
       1
       0
       1
       5
       2
       1
       2
       1
       0
       0
       1
       0
       0
       1
       0
       2
       1
       1
       0
       0
       0
       0
       2
       2
       0
       0
       0
       0
       1
       0
       1
       3
       0
       2
       0
       0
       0
       1
       0
       2
       1
       0
       1
       0
       0
       1
       1
       1
       0
       1
       1
       1
       0
       1
       2
       1
       0
       1
       0
       2
       0
       0
       1
       0
       0
       1
       0
       1
       1
       1
       2
       1
       0
       0
       1
       0
       0
       0
       0
       0
       0
       0
       0
       0
       0
       0
       0
       0
       0
       0
       0
       0
       0
       0
       0
       1
       0
       0
       0
       0
       1
       0
       0
       0
       0
       0
       0
       0
       0
       1
       0
       1
       0
       0
       0
       0
       0
       0
       1
       0
       0
       0
       0
       0
       1
       1
       0
       0
       0
       0
       0
       0
       0
       1
       0
       0
       0
       1
       0
       1
       0
       0
       0
       0
       0
       0
       0
       0
       0
       0
       0
       0
       0
       0
       0
       0
       1
       0
       0
       0
       0
       0
       0
       0
       0
       0
       0
       0
       0
       0
       0
       0
       0
       0
       0
       1
       0
       0
       0
       1
       0
       0
       0
       0
       0
       0
       0
       0
       0
       0
       0
       0
       0
       0
       0
       0
       0
       0
       0
       0
       0
       0
       0
       0
       0
       0
       0
       0
       0
       0
       0
       0
       0
       0
       0
       0
       0
       0
       0
       0
       0
       1
       0
       0
       0
       0
       0
       0
       0
       1
       0
       0
       0
       0
       0
       1
       0
       0
       0
       0
       0
       0
       0
       0
       0
       1
       0
       0
       0
       0
       0
       0
       0
       0
       0
       0
       0
       0
       0
       0
       0
       1
       1
       0
       0
       0
       0
       0
       0
       0
       0
       1
       0
       0
       0
       0
       0
       0
       0
       0
       0
       1
       0
       0
       0
       0
       1
       0
       0
       0
       0
       0
       1
       1
       0
       0
       0
       0
       0
       0
       0
       0
       0
       0
       0
       0
       1
       0
       0
       0
       0
       0
       0
       0
       0
       0
       0
       0
       0
       0
       0
       0
       1
       0
       0
       0
       0
       0
       0
       0
       0
       0
       0
       0
       0
       0
       0
       0
       0
       0
       0
       0
       0
       0
       0
       0
       0
       0
       0
       0
       0
       0
       0
       0
       0
       0
       0
       0
       0
       0
       0
       1
       0
       0
       0
       0
       0
       0
       0
       0
       1
       0
       0
       2
       0
       0
       1
       0
       0
       0
       0
       0
       0
       1
       0
       0
       0
       0
       0
       0
       0
       1
       0
       0
       0
       0
       0
       0
       0
       0
       0
       0
       0
       0
       0
       0
       1
       0
       0
       0
       0
       0
       0
       0
       0
       0
       0
       0
       0
       0
       0
       0
       0
       0
       0
       0
       0
       0
       0
       0
       0
       0
       0
       0
       1
       0
       0
       0
       0
       0
       0
       1
       0
       0
       0
       0
       0
       0
       0
       0
       1
       1
       0
       1
       0
       0
       0
       0
       1
       0
       0
       0
       0
       1
       0
       0
       0
       0
       0
       0
       0
       0
       0
       0
       0
       0
       0
       0
       0
       0
       0
       0
       0
       0
       0
       0
       0
       0
       0
       0
       0
       0
       0
       0
       0
       0
       1
       1
       1
       0
       0
       0
       0
       0
       0
       0
       0
       0
       0
       0
       0
       0
       0
       0
       0
       0
       0
       0
       0
       0
       0
       0
       0
       0
       1
       0
       0
       0
       0
       0
       0
       0
       0
       1
       0
       0
       0
       0
       0
       0
       0
       0
       0
       0
       0
       0
       0
       0
       0
       0
       0
       0
       0
       0
       0
       0
       0
       0
       0
       0
       0
       0
       0
       0
       0
       0
       0
       0
       0
       0
       0
       0
       0
       0
       0
       0
       0
       0
       0
       0
       0
       1
       0
       0
       0
       0
       0
       0
       0
       0
       0
       0
       0
       0
       0
       0
       0
       0
       0
       0
       0
       0
       0
       0
       0
       0
       0
       0
       0
       0
       0
       0
       0
       0
       0
       0
       0
       0
       0
       0
       0
       0
       0
       0
       0
       0
       0
       0
       0
       0
       0
       0
       0
       0
       0
       0
       0
       0
       0
       0
       0
       0
       0
       0
       0
       0
       0
       0
       0
       1
       0
       0
       0
       0
       0
       0
       0
       0
       0
       0
       0
       0
       0
       0
       0
       0
       1
       0
       0
       0
       0
       0
       0
       0
       0
       0
       0
       0
       0
       0
       0
       0
       0
       0
       0
       0
       0
       0
       0
       0
       0
       0
       0
       0
       0
       0
       0
       0
       0
       0
       0
       0
       0
       0
       0
       0
       0
       0
       0
       0
       0
       0
       0
       0
       0
       0
       0
       0
       0
       0
       0
       0
       0
       0
       1
       0
       0
       0
       0
       1
       0
       0
$ROI:
1
171 189
$PRESETS:
Real Time
300
0
$ENER_FIT:
0.000000 0.000000
$MCA_CAL:
3
0.000000E+000 0.000000E+000 0.000000E+000 
$SHAPE_CAL:
3
0.000000E+000 0.000000E+000 0.000000E+000
