$SPEC_ID:
No sample description was entered.
$SPEC_REM:
DET# 1
DETDESC# TL-101B-03 digiBASE-RH SN 16039579
AP# Maestro Version 7.01
$DATE_MEA:
03/06/2026 15:20:57
$MEAS_TIM:
299 300
$DATA:
0 1023
       0
       0
       0
       0
       0
       0
       0
       0
       0
       0
       5
     251
     584
     620
     630
     651
     671
     657
     629
     605
     595
     578
     576
     546
     531
     489
     488
     499
     420
     449
     421
     431
     432
     401
     375
     349
     318
     257
     277
     229
     224
     221
     211
     201
     199
     199
     164
     179
     148
     175
     160
     150
     138
     140
     143
     143
     115
     118
     131
     127
      97
      91
     123
     122
     112
     110
     108
     114
     112
     109
     128
     105
     127
     116
     113
     104
     109
      94
      96
      94
     100
     122
      87
     113
      98
      95
      92
      88
      80
      97
      94
     108
      81
      85
      77
      72
      77
      75
      74
      86
      73
      81
      85
      69
      65
      81
      75
      70
      86
      77
      63
      66
      77
      73
      78
      68
      76
      71
      69
      65
      73
      66
      84
      77
      66
      68
      60
      67
      59
      56
      55
      49
      64
      56
      56
      51
      36
      53
      52
      45
      48
      42
      35
      60
      38
      62
      44
      62
      49
      39
      62
      50
      48
      68
      73
      60
      65
      81
      61
      75
      79
      71
      66
      47
      38
      53
      46
      38
      36
      25
      27
      29
      31
      35
      41
      39
      44
      46
      60
      41
      65
      56
      43
      52
      53
      41
      36
      27
      20
      23
       9
      18
      15
      13
      23
      10
      10
      10
      10
       9
      15
       9
      10
       9
       3
       4
       7
       5
       3
       3
       3
       5
       2
       3
       2
       6
       0
       2
       2
       1
       0
       3
       2
       1
       0
       3
       1
       1
       2
       3
       4
       1
       2
       2
       2
       2
       0
       0
       4
       1
       0
       2
       4
       0
       2
       1
       3
       0
       0
       3
       1
       0
       0
       2
       1
       0
       0
       2
       1
       1
       1
       3
       1
       0
       2
       1
       0
       0
       1
       1
       1
       0
       0
       1
       2
       1
       1
       1
       2
       1
       0
       1
       1
       1
       0
       0
       1
       3
       2
       2
       1
       1
       1
       2
       0
       0
       0
       0
       2
       2
       1
       1
       0
       0
       1
       0
       1
       2
       0
       0
       0
       0
       0
       0
       1
       3
       1
       0
       0
       0
       1
       2
       1
       1
       0
       1
       1
       0
       2
       0
       3
       0
       0
       0
       1
       1
       4
       0
       1
       1
       1
       0
       1
       3
       0
       0
       1
       0
       1
       0
       0
       1
       0
       0
       1
       0
       0
       0
       0
       3
       0
       2
       0
       0
       0
       1
       0
       0
       0
       0
       0
       1
       1
       0
       1
       1
       0
       0
       0
       0
       0
       0
       1
       0
       0
       0
       1
       0
       0
       0
       0
       0
       0
       0
       0
       0
       0
       0
       0
       0
       0
       0
       0
       1
       0
       0
       0
       0
       0
       0
       0
       0
       0
       0
       0
       0
       0
       0
       0
       0
       0
       0
       0
       0
       0
       0
       0
       0
       0
       0
       0
       0
       1
       0
       2
       0
       0
       0
       0
       0
       1
       0
       0
       0
       0
       0
       0
       0
       0
       0
       0
       0
       0
       1
       0
       3
       0
       0
       1
       0
       0
       0
       0
       0
       0
       0
       0
       0
       0
       0
       1
       0
       0
       0
       0
       0
       0
       0
       0
       0
       0
       0
       0
       0
       0
       0
       0
       0
       1
       0
       0
       1
       1
       1
       0
       0
       1
       0
       0
       0
       0
       1
       0
       0
       0
       1
       0
       0
       0
       0
       1
       0
       0
       0
       0
       0
       0
       0
       0
       0
       0
       0
       0
       1
       0
       0
       0
       1
       0
       0
       1
       0
       0
       0
       0
       0
       1
       0
       0
       0
       0
       0
       0
       1
       0
       0
       0
       1
       1
       0
       1
       0
       0
       0
       0
       0
       0
       0
       0
       0
       0
       0
       0
       0
       0
       0
       1
       0
       0
       0
       1
       1
       0
       0
       0
       0
       0
       0
       0
       0
       1
       0
       0
       0
       0
       0
       0
       0
       0
       1
       0
       0
       0
       0
       0
       0
       0
       0
       0
       0
       0
       0
       0
       0
       0
       0
       0
       0
       0
       0
       0
       0
       0
       1
       0
       0
       0
       0
       0
       0
       0
       1
       0
       0
       0
       0
       0
       0
       0
       0
       0
       0
       0
       0
       0
       0
       0
       0
       0
       0
       0
       0
       0
       0
       0
       0
       0
       0
       0
       0
       0
       0
       0
       0
       0
       0
       0
       0
       0
       0
       0
       0
       0
       0
       0
       1
       0
       0
       0
       1
       0
       0
       0
       1
       0
       1
       0
       0
       0
       0
       0
       0
       0
       0
       0
       0
       0
       0
       0
       0
       0
       0
       0
       0
       0
       0
       0
       0
       1
       0
       0
       0
       1
       0
       0
       0
       0
       0
       0
       0
       0
       0
       1
       0
       0
       0
       0
       0
       0
       0
       0
       0
       0
       0
       0
       0
       0
       0
       0
       0
       0
       0
       0
       0
       0
       1
       0
       0
       0
       0
       0
       0
       0
       1
       0
       0
       1
       0
       0
       0
       0
       0
       0
       0
       0
       0
       0
       0
       0
       0
       0
       0
       0
       0
       0
       0
       0
       0
       0
       0
       0
       0
       0
       0
       0
       0
       0
       0
       0
       0
       0
       0
       1
       0
       0
       0
       0
       0
       0
       0
       0
       0
       0
       0
       0
       0
       1
       0
       0
       0
       0
       0
       0
       0
       0
       0
       0
       0
       0
       0
       0
       0
       0
       0
       0
       0
       0
       0
       0
       0
       0
       0
       0
       0
       0
       0
       0
       1
       0
       0
       0
       0
       0
       0
       0
       0
       0
       0
       0
       0
       0
       0
       0
       0
       0
       0
       0
       0
       0
       0
       0
       1
       0
       0
       0
       0
       0
       0
       0
       0
       0
       0
       0
       0
       0
       0
       0
       0
       0
       0
       0
       0
       0
       0
       0
       0
       0
       1
       0
       0
       0
       0
       0
       0
       0
       0
       0
       0
       0
       0
       0
       0
       0
       0
       0
       0
       1
       0
       0
       0
       0
       0
       0
       0
       0
       0
       0
       0
       0
       0
       1
       0
       0
       0
       1
       0
       0
       0
       0
       0
       0
       0
       0
       0
       0
       0
       0
       0
       0
       0
       0
       0
       0
       0
       0
       1
       0
       0
       0
       0
       0
       0
       0
       0
       0
       0
       0
       0
       0
       0
       0
       0
       0
       0
       0
       0
       0
       0
       0
       0
       0
       0
       0
       0
       0
       0
       0
       0
       0
       0
       0
       0
       0
       0
       0
       0
       0
       0
       0
       0
       0
       0
       0
       1
       0
       0
       0
       0
       0
       1
       0
       0
       0
       0
       0
       0
       0
       0
       0
       0
       0
       0
       0
       0
       0
       0
       0
       0
       0
       0
       0
       1
       0
       0
       0
       0
       0
       0
       0
       0
       0
       0
       0
       0
$ROI:
1
171 189
$PRESETS:
Real Time
300
0
$ENER_FIT:
0.000000 0.000000
$MCA_CAL:
3
0.000000E+000 0.000000E+000 0.000000E+000 
$SHAPE_CAL:
3
0.000000E+000 0.000000E+000 0.000000E+000
