$SPEC_ID:
No sample description was entered.
$SPEC_REM:
DET# 1
DETDESC# TL-101B-03 digiBASE-RH SN 16039579
AP# Maestro Version 7.01
$DATE_MEA:
03/06/2026 14:25:24
$MEAS_TIM:
299 300
$DATA:
0 1023
       0
       0
       0
       0
       0
       0
       0
       0
       0
       0
       8
     319
     738
     816
     880
     869
     930
     916
     937
     943
     875
     906
     847
     852
     864
     835
     775
     810
     780
     793
     835
     826
     839
     810
     810
     771
     681
     588
     539
     559
     518
     494
     486
     483
     439
     469
     424
     367
     359
     334
     285
     295
     295
     247
     222
     231
     227
     188
     217
     192
     197
     201
     200
     173
     206
     192
     215
     180
     183
     166
     163
     175
     189
     197
     172
     169
     150
     170
     158
     161
     172
     175
     185
     184
     178
     155
     174
     204
     174
     151
     167
     160
     165
     146
     192
     198
     168
     177
     180
     164
     158
     156
     174
     180
     154
     162
     175
     194
     174
     176
     183
     187
     190
     167
     186
     196
     177
     190
     207
     184
     199
     164
     172
     193
     186
     188
     177
     166
     157
     168
     184
     163
     148
     139
     142
     124
     134
     129
     142
     146
     116
     114
     145
     112
     129
     128
     104
     119
     125
     121
     156
     174
     179
     205
     254
     304
     301
     302
     348
     332
     299
     299
     267
     228
     189
     171
     140
     116
      87
     110
      81
     103
     119
     140
     189
     170
     176
     230
     249
     250
     271
     264
     225
     234
     166
     166
     127
      77
      87
      64
      51
      35
      36
      29
      32
      23
      16
      10
      12
       7
      12
       9
      14
       6
       9
      10
      11
       4
       3
       3
       1
       3
       3
       5
       1
       4
       3
       2
       2
       1
       8
       3
       3
       2
       0
       0
       4
       1
       1
       3
       1
       3
       2
       2
       3
       1
       1
       3
       1
       2
       1
       2
       2
       4
       1
       2
       5
       0
       3
       0
       1
       0
       0
       6
       2
       1
       2
       2
       2
       1
       0
       2
       1
       0
       1
       2
       3
       0
       0
       2
       2
       2
       3
       2
       5
       2
       1
       1
       0
       2
       2
       0
       2
       0
       2
       0
       0
       3
       0
       2
       3
       1
       0
       1
       1
       1
       6
       1
       1
       1
       1
       1
       0
       1
       1
       0
       2
       1
       1
       1
       1
       2
       0
       0
       2
       2
       0
       0
       1
       0
       2
       0
       0
       0
       1
       0
       0
       1
       1
       1
       1
       1
       1
       1
       0
       2
       0
       1
       0
       2
       1
       1
       0
       3
       3
       1
       2
       2
       1
       0
       2
       1
       2
       0
       0
       2
       1
       1
       0
       0
       1
       1
       1
       1
       0
       0
       0
       1
       0
       0
       0
       0
       0
       0
       0
       1
       0
       0
       0
       1
       0
       0
       0
       0
       0
       0
       0
       0
       0
       0
       0
       0
       0
       0
       0
       1
       0
       1
       0
       0
       0
       0
       0
       0
       1
       0
       0
       0
       0
       0
       0
       0
       0
       0
       0
       0
       0
       0
       0
       0
       0
       0
       0
       0
       0
       0
       0
       0
       0
       0
       0
       0
       0
       0
       0
       0
       0
       1
       0
       0
       0
       0
       0
       0
       2
       0
       0
       0
       0
       0
       0
       0
       0
       0
       0
       0
       0
       0
       0
       0
       0
       0
       1
       0
       0
       0
       0
       0
       0
       0
       1
       0
       0
       0
       0
       0
       0
       0
       0
       0
       0
       0
       0
       0
       0
       1
       0
       0
       0
       1
       0
       0
       0
       0
       0
       0
       0
       0
       0
       0
       0
       0
       0
       0
       0
       0
       0
       0
       0
       0
       0
       0
       0
       1
       0
       0
       1
       1
       0
       0
       0
       0
       1
       0
       1
       0
       0
       0
       0
       0
       0
       0
       0
       0
       0
       0
       0
       0
       0
       0
       0
       0
       0
       0
       0
       0
       0
       0
       0
       0
       0
       0
       0
       0
       0
       0
       0
       0
       0
       0
       0
       0
       0
       0
       0
       0
       0
       1
       0
       0
       0
       0
       0
       0
       0
       0
       0
       0
       0
       0
       0
       0
       0
       0
       0
       1
       0
       0
       0
       0
       0
       0
       1
       0
       0
       0
       0
       0
       0
       0
       0
       0
       0
       0
       0
       0
       0
       0
       0
       0
       0
       0
       0
       0
       0
       0
       0
       0
       0
       0
       0
       0
       0
       0
       0
       0
       0
       0
       1
       1
       0
       0
       0
       0
       0
       0
       0
       0
       0
       0
       0
       1
       0
       0
       0
       0
       0
       1
       0
       0
       0
       0
       0
       0
       0
       0
       0
       1
       1
       0
       0
       0
       0
       0
       0
       0
       0
       0
       0
       0
       0
       0
       0
       1
       0
       0
       0
       0
       0
       0
       0
       0
       0
       0
       0
       0
       0
       0
       0
       0
       0
       0
       0
       0
       0
       0
       0
       0
       0
       0
       1
       0
       0
       0
       0
       0
       1
       0
       0
       0
       1
       0
       0
       0
       0
       0
       0
       0
       0
       0
       0
       0
       0
       0
       0
       0
       0
       0
       0
       0
       1
       0
       0
       0
       0
       0
       0
       0
       1
       0
       0
       0
       0
       0
       0
       0
       1
       0
       0
       0
       0
       0
       0
       0
       1
       0
       0
       0
       0
       0
       0
       0
       0
       1
       0
       0
       0
       0
       0
       1
       0
       0
       0
       0
       0
       1
       0
       1
       0
       0
       0
       0
       0
       0
       0
       0
       0
       0
       0
       0
       1
       0
       0
       0
       0
       1
       0
       0
       0
       0
       0
       0
       0
       1
       0
       0
       0
       0
       0
       0
       0
       0
       0
       0
       0
       0
       0
       0
       0
       0
       0
       0
       0
       0
       0
       0
       0
       2
       0
       0
       0
       0
       0
       1
       0
       0
       0
       1
       0
       0
       0
       0
       0
       0
       0
       0
       0
       0
       0
       1
       0
       0
       0
       0
       0
       0
       0
       0
       0
       0
       0
       0
       0
       0
       0
       0
       0
       1
       0
       0
       0
       0
       0
       1
       0
       0
       0
       0
       0
       0
       0
       0
       0
       0
       0
       0
       0
       0
       0
       0
       0
       0
       0
       0
       0
       0
       0
       0
       0
       1
       0
       0
       0
       0
       0
       0
       0
       0
       0
       0
       0
       0
       0
       0
       0
       0
       0
       0
       0
       0
       0
       0
       0
       1
       0
       1
       0
       1
       0
       0
       0
       0
       0
       0
       0
       0
       1
       0
       0
       0
       0
       0
       0
       0
       0
       0
       0
       0
       1
       0
       0
       0
       0
       1
       0
       0
       0
       0
       0
       0
       0
       0
       1
       0
       0
       0
       0
       0
       0
       0
       0
       0
       0
       0
       0
       0
       0
       0
       0
       0
       0
       0
       0
       0
       0
       0
       0
       0
       0
       0
       1
       0
       0
       0
       0
       0
       0
       1
       0
       0
       0
       0
       0
       0
       0
       0
       0
       0
       0
       0
       0
       0
       0
       0
       0
       0
       0
       0
       0
       0
       0
       0
       1
       0
$ROI:
1
170 188
$PRESETS:
Real Time
300
0
$ENER_FIT:
0.000000 0.000000
$MCA_CAL:
3
0.000000E+000 0.000000E+000 0.000000E+000 
$SHAPE_CAL:
3
0.000000E+000 0.000000E+000 0.000000E+000
