$SPEC_ID:
No sample description was entered.
$SPEC_REM:
DET# 1
DETDESC# TL-101B-03 digiBASE-RH SN 16039579
AP# Maestro Version 7.01
$DATE_MEA:
03/06/2026 13:48:25
$MEAS_TIM:
293 300
$DATA:
0 1023
       0
       0
       0
       0
       0
       0
       0
       0
       0
       0
     715
   47153
  142951
  175722
  120069
   50805
   28612
   33545
   40642
   35876
   25035
   19321
   18408
   19241
   19714
   18881
   17424
   16350
   15371
   14313
   13152
   12285
   11413
   10899
   10064
   10223
   11182
   13463
   16762
   20963
   24470
   29170
   33053
   34970
   34526
   33920
   36221
   44417
   58482
   72778
   81673
   81955
   74070
   62119
   52762
   44110
   37565
   30675
   23911
   19157
   16019
   14865
   14357
   13904
   12234
    9952
    7465
    5215
    3691
    2653
    1906
    1295
     891
     543
     397
     263
     248
     187
     183
     165
     168
     165
     166
     132
     173
     121
     115
     129
     115
     133
     119
     139
     108
     107
     108
     102
     124
     100
     100
      89
      86
      84
     103
      71
      89
      55
      56
      60
      53
      52
      28
      28
      47
      44
      29
      33
      33
      17
      21
      26
      23
      24
      28
      18
      20
      15
      22
      15
      13
       8
      13
      15
      19
      16
      15
       8
      11
       8
      18
       6
      10
       7
       8
      10
      12
       9
      11
      13
      14
      15
      10
       8
      12
       8
       9
       7
       7
       8
      11
      10
       7
       8
       6
      16
       6
      10
       5
      10
      14
       4
      10
       9
       7
       7
       5
       6
       3
       4
       4
      10
       5
       2
       4
       6
       6
       5
       3
      12
       7
       7
       8
       6
      14
      10
      11
      10
       6
      13
      11
      13
      12
       4
       9
       7
       8
       4
       3
       2
       4
       8
       2
       2
       3
       2
       3
       0
       4
       3
       1
       2
       4
       1
       0
       1
       4
       1
       5
       3
       3
       5
       0
       4
       1
       1
       3
       6
       2
       2
       1
       0
       3
       2
       2
       0
       1
       3
       2
       2
       0
       1
       1
       1
       1
       1
       0
       0
       1
       0
       1
       1
       1
       0
       0
       1
       1
       0
       1
       1
       3
       3
       1
       1
       4
       1
       0
       1
       1
       0
       0
       3
       1
       0
       1
       1
       3
       2
       3
       1
       0
       1
       2
       2
       2
       4
       1
       1
       1
       2
       1
       0
       0
       4
       0
       2
       1
       1
       0
       0
       0
       0
       2
       1
       2
       0
       4
       1
       1
       0
       2
       1
       0
       2
       1
       1
       1
       1
       0
       0
       5
       1
       0
       1
       1
       0
       0
       0
       0
       1
       0
       0
       0
       2
       2
       1
       1
       1
       2
       2
       1
       1
       1
       0
       0
       1
       2
       1
       0
       1
       0
       0
       0
       3
       0
       1
       0
       0
       0
       0
       1
       0
       0
       0
       0
       1
       0
       0
       0
       0
       0
       0
       0
       0
       0
       0
       0
       1
       0
       0
       0
       0
       0
       0
       0
       0
       0
       0
       0
       0
       0
       0
       0
       0
       0
       0
       0
       0
       0
       0
       0
       0
       0
       0
       0
       0
       1
       0
       0
       0
       0
       0
       0
       0
       0
       0
       0
       0
       1
       1
       0
       0
       0
       0
       0
       0
       0
       1
       0
       0
       0
       0
       0
       0
       1
       0
       1
       0
       0
       0
       0
       0
       0
       0
       0
       0
       0
       0
       0
       0
       0
       0
       0
       0
       0
       1
       0
       0
       1
       0
       0
       0
       1
       0
       0
       0
       0
       0
       1
       1
       0
       0
       0
       0
       0
       0
       0
       0
       0
       0
       0
       0
       0
       0
       0
       0
       0
       0
       0
       0
       0
       0
       0
       0
       0
       0
       0
       2
       0
       0
       0
       0
       0
       0
       0
       0
       1
       0
       0
       0
       0
       0
       0
       0
       0
       0
       0
       0
       0
       0
       0
       0
       0
       0
       0
       0
       0
       0
       0
       0
       0
       0
       0
       0
       0
       0
       0
       0
       0
       0
       0
       0
       0
       0
       0
       1
       0
       0
       0
       0
       0
       0
       0
       1
       0
       0
       0
       0
       0
       0
       0
       0
       0
       1
       0
       0
       0
       0
       0
       0
       0
       0
       0
       0
       0
       0
       0
       0
       0
       0
       0
       1
       0
       1
       0
       0
       0
       0
       0
       0
       0
       0
       0
       0
       0
       0
       0
       0
       0
       0
       0
       0
       0
       0
       0
       0
       0
       0
       0
       0
       0
       0
       0
       0
       1
       0
       0
       0
       0
       0
       0
       0
       0
       0
       0
       0
       0
       0
       0
       0
       1
       0
       0
       0
       0
       0
       0
       0
       0
       0
       0
       0
       0
       0
       0
       0
       0
       0
       0
       0
       0
       0
       0
       0
       0
       0
       0
       0
       1
       0
       0
       0
       0
       0
       0
       0
       0
       0
       0
       0
       0
       0
       0
       0
       0
       0
       0
       0
       0
       0
       0
       1
       1
       0
       0
       0
       0
       1
       0
       0
       0
       0
       0
       0
       0
       0
       0
       0
       0
       0
       0
       0
       0
       0
       0
       0
       0
       0
       0
       0
       1
       0
       0
       0
       0
       0
       0
       0
       0
       0
       0
       0
       0
       0
       0
       0
       0
       0
       0
       0
       0
       0
       0
       0
       0
       0
       0
       0
       0
       0
       0
       0
       0
       0
       0
       0
       0
       0
       0
       0
       0
       0
       0
       0
       0
       0
       0
       0
       0
       0
       0
       0
       1
       0
       0
       0
       0
       0
       1
       0
       0
       0
       0
       0
       0
       0
       0
       0
       0
       0
       0
       0
       2
       0
       0
       0
       0
       0
       0
       0
       0
       0
       0
       0
       0
       0
       0
       0
       0
       0
       0
       0
       0
       0
       0
       0
       0
       0
       0
       0
       0
       0
       0
       0
       0
       0
       1
       0
       0
       0
       0
       0
       0
       0
       1
       0
       0
       1
       0
       0
       0
       0
       0
       0
       0
       0
       0
       0
       0
       0
       0
       0
       0
       0
       0
       0
       1
       0
       0
       0
       0
       0
       0
       0
       0
       0
       0
       0
       0
       0
       2
       0
       0
       0
       0
       0
       0
       0
       0
       0
       1
       0
       1
       0
       0
       0
       0
       1
       0
       0
       0
       0
       0
       0
       1
       0
       0
       0
       0
       0
       0
       0
       0
       0
       0
       0
       0
       0
       0
       0
       0
       0
       0
       0
       0
       0
       1
       1
       0
       0
       0
       0
       0
       0
       0
       0
       0
       0
       0
       0
       0
       0
       1
       0
       0
       0
       0
       0
       0
       0
       0
       0
       0
       0
       0
       0
       0
       0
       0
       0
       1
       0
       0
       0
       0
       0
       0
       0
       1
       0
       0
       0
       0
       0
       0
       0
       0
       1
       1
       0
       0
       0
       0
       0
       0
       0
       0
       0
       0
       0
       0
       0
       0
       1
       0
       0
       0
       0
       0
       0
       0
       0
       0
       0
       0
       0
       0
       0
       1
       0
       0
       0
       0
       0
       0
       0
       0
       0
       0
       0
       0
       0
       0
       0
       0
       0
       0
       0
       0
       0
       0
       0
       0
       0
       0
       0
$ROI:
1
44 59
$PRESETS:
Real Time
300
0
$ENER_FIT:
0.000000 0.000000
$MCA_CAL:
3
0.000000E+000 0.000000E+000 0.000000E+000 
$SHAPE_CAL:
3
0.000000E+000 0.000000E+000 0.000000E+000
