$SPEC_ID:
No sample description was entered.
$SPEC_REM:
DET# 1
DETDESC# TL-101B-03 digiBASE-RH SN 16039579
AP# Maestro Version 7.01
$DATE_MEA:
03/06/2026 13:09:44
$MEAS_TIM:
294 300
$DATA:
0 1023
       0
       0
       0
       0
       0
       0
       0
       0
       0
       0
     148
    6621
   14282
   14188
   13902
   13810
   13864
   13965
   13737
   13478
   13672
   13596
   13340
   13626
   13640
   13981
   14450
   15036
   15472
   15386
   15479
   14987
   14979
   14660
   14522
   14161
   14136
   13579
   13221
   13198
   12946
   12867
   12765
   12452
   12615
   12595
   12292
   12218
   12400
   12251
   12215
   12259
   12233
   12197
   12358
   12399
   12322
   12404
   12406
   12395
   12391
   12207
   11942
   11443
   10528
    9429
    8254
    7146
    5792
    4839
    4049
    3526
    2970
    2592
    2243
    2082
    1944
    1904
    1960
    2035
    2125
    2617
    3335
    4524
    6930
   10439
   16090
   24128
   34204
   45420
   57185
   64696
   68877
   67089
   59070
   48488
   36041
   24470
   15465
    8900
    4811
    2463
    1212
     548
     294
     184
     147
     113
     115
     118
      97
     104
      92
      82
     101
      88
     103
      85
      82
      93
      75
      72
      69
      84
      73
      58
      71
      63
      55
      55
      69
      54
      55
      69
      48
      58
      44
      54
      55
      62
      45
      62
      43
      42
      46
      51
      46
      32
      35
      49
      37
      38
      37
      34
      37
      33
      33
      27
      36
      37
      49
      26
      34
      31
      21
      26
      36
      24
      23
      24
      32
      26
      24
      31
      27
      25
      28
      31
      24
      28
      29
      35
      34
      20
      29
      21
      14
      13
      21
      16
      11
      17
      11
      15
       8
      13
      11
      14
      10
      11
      20
      15
       7
      12
       5
      10
       4
       2
       2
       7
       1
       1
       3
       1
       1
       3
       4
       3
       4
       0
       2
       2
       2
       1
       0
       2
       2
       4
       1
       2
       3
       2
       1
       2
       2
       3
       2
       1
       5
       3
       2
       2
       4
       2
       0
       2
       1
       1
       2
       2
       2
       0
       3
       1
       1
       0
       0
       4
       0
       2
       1
       1
       1
       1
       3
       1
       0
       0
       1
       1
       1
       1
       0
       0
       1
       0
       1
       1
       2
       1
       0
       2
       2
       1
       3
       4
       1
       0
       0
       2
       0
       1
       3
       2
       0
       0
       2
       2
       0
       0
       1
       0
       0
       2
       1
       1
       0
       1
       2
       1
       2
       0
       2
       0
       1
       0
       0
       0
       0
       1
       0
       0
       0
       2
       1
       1
       0
       0
       0
       0
       3
       1
       1
       1
       0
       0
       0
       1
       2
       3
       1
       1
       2
       0
       0
       0
       0
       0
       0
       1
       2
       3
       1
       1
       1
       1
       0
       1
       0
       0
       2
       0
       0
       1
       0
       0
       0
       0
       1
       1
       1
       1
       0
       0
       0
       0
       0
       0
       0
       0
       0
       0
       0
       1
       0
       2
       0
       0
       0
       0
       0
       0
       0
       0
       0
       0
       0
       0
       1
       0
       0
       0
       0
       1
       0
       0
       0
       0
       0
       0
       1
       0
       0
       0
       0
       0
       0
       1
       0
       0
       0
       0
       0
       1
       0
       0
       0
       0
       0
       1
       0
       0
       0
       1
       0
       0
       0
       0
       0
       0
       0
       0
       0
       0
       0
       1
       0
       1
       0
       0
       0
       0
       0
       0
       1
       0
       0
       0
       0
       0
       0
       0
       0
       0
       0
       0
       0
       0
       0
       1
       0
       0
       0
       0
       0
       0
       0
       0
       0
       0
       0
       0
       0
       0
       0
       0
       0
       0
       0
       0
       1
       0
       0
       0
       0
       0
       0
       0
       0
       0
       0
       0
       0
       0
       0
       0
       0
       1
       0
       0
       0
       0
       0
       0
       0
       0
       0
       0
       0
       0
       0
       0
       0
       1
       0
       0
       0
       0
       0
       0
       1
       0
       0
       0
       0
       0
       0
       0
       0
       0
       1
       1
       0
       0
       0
       0
       0
       0
       0
       0
       0
       0
       0
       0
       0
       0
       0
       0
       0
       1
       0
       1
       0
       1
       0
       0
       0
       0
       1
       1
       1
       0
       0
       0
       0
       0
       0
       0
       0
       0
       0
       0
       0
       0
       1
       0
       0
       0
       0
       0
       0
       0
       1
       0
       0
       0
       0
       0
       0
       0
       0
       0
       0
       0
       0
       0
       0
       0
       0
       0
       1
       0
       0
       0
       0
       1
       0
       0
       0
       0
       0
       1
       0
       0
       0
       0
       0
       0
       0
       0
       0
       0
       0
       0
       0
       1
       0
       0
       2
       0
       1
       1
       0
       0
       0
       0
       0
       0
       0
       0
       0
       0
       0
       0
       0
       0
       0
       0
       1
       0
       0
       0
       0
       0
       0
       0
       1
       0
       0
       0
       0
       0
       0
       0
       0
       0
       0
       0
       0
       0
       0
       0
       0
       0
       0
       0
       0
       0
       0
       0
       0
       0
       1
       0
       0
       0
       0
       0
       0
       0
       0
       0
       0
       0
       0
       0
       0
       0
       0
       0
       0
       0
       0
       0
       0
       0
       0
       0
       0
       0
       0
       0
       0
       0
       0
       1
       0
       0
       0
       0
       0
       0
       0
       0
       0
       1
       0
       0
       0
       0
       0
       1
       0
       0
       0
       0
       0
       0
       0
       0
       0
       0
       0
       0
       0
       0
       1
       0
       0
       0
       0
       0
       0
       0
       1
       0
       0
       0
       0
       0
       0
       0
       0
       0
       0
       0
       0
       0
       0
       0
       0
       0
       0
       0
       0
       0
       0
       0
       0
       0
       0
       0
       0
       0
       0
       1
       0
       0
       0
       0
       0
       0
       0
       0
       0
       0
       0
       0
       0
       0
       0
       0
       0
       0
       0
       0
       0
       0
       0
       0
       0
       1
       0
       0
       0
       0
       0
       0
       0
       0
       0
       0
       0
       0
       0
       0
       0
       0
       0
       0
       0
       0
       0
       0
       0
       0
       1
       0
       0
       0
       0
       0
       0
       0
       0
       0
       0
       0
       0
       1
       0
       0
       0
       0
       0
       0
       0
       0
       0
       0
       0
       0
       0
       0
       0
       0
       0
       0
       0
       0
       0
       0
       0
       0
       0
       0
       0
       0
       0
       0
       0
       0
       0
       0
       1
       0
       0
       0
       0
       0
       0
       0
       0
       1
       1
       0
       0
       0
       0
       0
       1
       0
       0
       1
       0
       0
       0
       0
       0
       0
       0
       0
       0
       0
       0
       0
       0
       0
       0
       0
       0
       0
       0
       0
       0
       0
       0
       0
       0
       0
       0
       0
       0
       0
       0
       0
       0
       0
       1
       0
       0
       0
       0
       0
       0
       0
       0
       0
       0
       0
       0
       0
       0
       2
       0
       0
       0
       0
       0
       0
       0
       0
       0
       0
       0
       0
       0
       0
       0
       0
       0
       0
       0
       0
       0
       0
       0
       0
       0
       1
       0
       0
       0
       0
       0
       0
       0
       0
       0
       0
       0
       0
       0
       0
       1
       0
       0
       0
       0
       0
       0
       0
       0
       0
       0
       0
       0
       0
       0
       0
       0
       0
       0
       0
$ROI:
0
$PRESETS:
Real Time
300
0
$ENER_FIT:
0.000000 0.000000
$MCA_CAL:
3
0.000000E+000 0.000000E+000 0.000000E+000 
$SHAPE_CAL:
3
0.000000E+000 0.000000E+000 0.000000E+000
