$SPEC_ID:
No sample description was entered.
$SPEC_REM:
DET# 1
DETDESC# TL-101B-03 digiBASE-RH SN 16039579
AP# Maestro Version 7.01
$DATE_MEA:
03/06/2026 13:19:43
$MEAS_TIM:
297 300
$DATA:
0 1023
       0
       0
       0
       0
       0
       0
       0
       0
       0
       0
      55
    2739
    5846
    5928
    6002
    5814
    5708
    5734
    5880
    5759
    5697
    5745
    5600
    5697
    5834
    6055
    6145
    6331
    6232
    6345
    6260
    6249
    6232
    5894
    5873
    5643
    5674
    5699
    5619
    5593
    5503
    5521
    5337
    5377
    5266
    5192
    4715
    4313
    3662
    3310
    2885
    2484
    2362
    2195
    2004
    1916
    1873
    1848
    1805
    1845
    1758
    1852
    2109
    2488
    3068
    4459
    6759
   10235
   15553
   21416
   26594
   30659
   30932
   27787
   22328
   16308
   10700
    6423
    3775
    2325
    1550
    1371
    1160
    1121
    1149
    1135
    1108
    1084
    1086
    1056
    1037
    1124
    1078
    1102
    1139
    1115
    1120
    1142
    1163
    1130
    1176
    1174
    1097
    1109
    1123
    1213
    1188
    1121
    1143
    1104
    1193
    1127
    1115
    1105
    1123
    1162
    1130
    1185
    1218
    1160
    1227
    1238
    1231
    1158
    1135
    1188
    1223
    1248
    1211
    1244
    1266
    1232
    1259
    1296
    1283
    1286
    1142
    1229
    1198
    1153
    1142
    1111
    1096
    1031
     954
     859
     840
     776
     764
     688
     682
     603
     534
     556
     530
     502
     518
     508
     479
     523
     542
     637
     709
     814
    1041
    1192
    1448
    1695
    2072
    2420
    2725
    2999
    3039
    3149
    2988
    2806
    2566
    2265
    2024
    1700
    1389
    1166
     931
     786
     647
     568
     535
     473
     507
     436
     470
     419
     436
     436
     440
     446
     454
     407
     490
     445
     457
     436
     428
     420
     424
     447
     405
     408
     428
     399
     344
     365
     339
     336
     298
     274
     281
     240
     206
     209
     189
     174
     139
     160
     118
     113
     117
     105
     110
     106
      98
     129
     151
     168
     229
     248
     312
     392
     397
     459
     530
     571
     576
     613
     636
     550
     551
     468
     417
     394
     273
     242
     197
     143
     112
      79
      54
      35
      25
      23
      13
      10
      12
       5
       2
       3
       4
       3
       6
       6
       2
       7
       4
       4
       3
       7
       2
       2
       2
       5
       2
       1
       1
       2
       7
       3
       1
       2
       3
       6
       2
       1
       1
       0
       2
       1
       1
       2
       1
       2
       1
       0
       3
       0
       2
       3
       2
       1
       2
       1
       3
       3
       0
       3
       1
       2
       0
       0
       1
       0
       2
       1
       0
       2
       0
       0
       1
       0
       0
       0
       1
       3
       1
       1
       0
       2
       3
       0
       0
       0
       0
       3
       0
       2
       0
       5
       0
       0
       1
       1
       3
       2
       1
       2
       0
       0
       0
       1
       0
       0
       0
       0
       0
       0
       1
       0
       0
       0
       0
       0
       0
       0
       1
       0
       1
       0
       0
       0
       1
       0
       0
       0
       0
       0
       0
       0
       1
       0
       0
       0
       0
       0
       0
       0
       1
       0
       1
       0
       0
       0
       1
       0
       0
       0
       0
       0
       0
       0
       0
       1
       0
       0
       0
       0
       1
       0
       0
       0
       0
       0
       0
       0
       0
       0
       0
       0
       0
       0
       0
       0
       0
       0
       0
       0
       1
       0
       0
       0
       0
       0
       0
       0
       0
       0
       0
       0
       1
       0
       0
       0
       0
       0
       0
       1
       0
       0
       0
       0
       0
       0
       0
       0
       0
       0
       0
       0
       0
       1
       0
       2
       0
       1
       1
       0
       0
       0
       0
       1
       0
       0
       0
       0
       0
       0
       0
       0
       0
       0
       1
       1
       0
       0
       0
       0
       0
       0
       0
       0
       0
       0
       0
       0
       1
       0
       0
       0
       0
       0
       0
       1
       0
       0
       1
       0
       0
       0
       0
       0
       1
       0
       0
       0
       1
       0
       0
       0
       0
       1
       0
       0
       0
       1
       0
       0
       0
       0
       0
       1
       0
       0
       0
       1
       0
       0
       0
       0
       0
       1
       0
       1
       0
       0
       0
       0
       0
       0
       0
       1
       0
       0
       0
       1
       0
       0
       0
       0
       0
       0
       0
       0
       0
       0
       0
       0
       0
       0
       0
       0
       0
       0
       0
       0
       0
       0
       0
       1
       0
       1
       0
       0
       0
       0
       0
       0
       0
       0
       0
       0
       0
       0
       0
       0
       1
       0
       0
       0
       0
       0
       0
       0
       0
       0
       0
       0
       0
       0
       0
       1
       0
       0
       0
       0
       0
       0
       0
       1
       0
       0
       0
       0
       0
       0
       0
       0
       0
       0
       0
       1
       0
       0
       0
       0
       0
       0
       0
       0
       0
       1
       0
       0
       0
       0
       0
       0
       1
       0
       0
       1
       1
       0
       0
       0
       0
       0
       0
       0
       0
       0
       0
       0
       0
       0
       0
       1
       0
       0
       0
       0
       0
       0
       0
       0
       0
       0
       0
       0
       0
       0
       0
       0
       1
       0
       0
       0
       0
       0
       0
       0
       0
       0
       0
       0
       0
       0
       0
       0
       0
       0
       0
       1
       0
       1
       0
       0
       0
       0
       0
       0
       0
       0
       1
       1
       0
       0
       0
       0
       1
       0
       0
       0
       0
       0
       0
       0
       0
       0
       0
       1
       0
       1
       0
       0
       1
       0
       0
       0
       0
       0
       0
       0
       0
       1
       0
       0
       0
       2
       0
       0
       0
       0
       0
       0
       0
       0
       0
       0
       0
       0
       0
       0
       0
       0
       0
       0
       0
       0
       0
       0
       0
       0
       0
       0
       0
       0
       0
       0
       0
       0
       0
       0
       0
       0
       0
       0
       1
       0
       0
       0
       0
       0
       1
       0
       1
       0
       0
       0
       0
       0
       0
       0
       0
       0
       0
       0
       0
       0
       0
       0
       0
       0
       0
       0
       0
       0
       0
       0
       0
       0
       0
       0
       0
       0
       0
       0
       0
       0
       0
       0
       0
       0
       0
       0
       1
       0
       0
       0
       0
       0
       0
       0
       0
       0
       0
       0
       0
       0
       0
       0
       0
       0
       0
       0
       0
       0
       0
       0
       0
       0
       0
       0
       0
       0
       0
       1
       0
       0
       2
       0
       0
       0
       0
       0
       0
       0
       0
       0
       0
       0
       0
       0
       0
       0
       0
       0
       0
       0
       0
       0
       0
       0
       1
       0
       0
       0
       0
       0
       0
       0
       0
       0
       0
       0
       0
       0
       0
       0
       0
       0
       0
       0
       0
       0
       0
       0
       0
       1
       0
       0
       0
       0
       0
       0
       0
       0
       0
       0
       0
       0
       0
       0
       0
       0
       0
       0
       0
       0
       0
       0
       0
       0
       0
       0
       0
       0
       1
       0
       0
       0
       0
       0
       0
       0
       0
       0
       0
       0
       0
       0
       0
       0
       0
       0
       0
       1
       0
       0
       0
       0
       0
       1
       1
       1
       0
       0
       1
       0
       0
       0
       0
       1
       0
       0
       0
       0
       0
       0
       0
       0
       1
       0
       0
       1
       0
       0
       0
       0
       1
       0
       0
       0
       0
       0
       0
       0
       0
       0
       0
       0
       0
       0
       0
       0
       0
       0
$ROI:
1
229 255
$PRESETS:
Real Time
300
0
$ENER_FIT:
0.000000 0.000000
$MCA_CAL:
3
0.000000E+000 0.000000E+000 0.000000E+000 
$SHAPE_CAL:
3
0.000000E+000 0.000000E+000 0.000000E+000
