$SPEC_ID:
No sample description was entered.
$SPEC_REM:
DET# 1
DETDESC# TL-101B-03 digiBASE-RH SN 16039579
AP# Maestro Version 7.01
$DATE_MEA:
03/06/2026 13:40:31
$MEAS_TIM:
299 300
$DATA:
0 1023
       0
       0
       0
       0
       0
       0
       0
       0
       0
       0
       2
     211
     509
     530
     580
     610
     614
     594
     594
     606
     563
     536
     510
     454
     429
     432
     422
     393
     389
     355
     330
     298
     291
     298
     300
     279
     243
     226
     243
     215
     206
     201
     155
     168
     153
     159
     152
     140
     160
     123
     152
     118
     133
     116
      95
      91
     106
      78
      96
      97
      89
      71
      69
      79
      78
      82
      78
      73
      61
      60
      63
      71
      62
      55
      55
      68
      48
      63
      58
      62
      51
      70
      55
      46
      77
      51
      66
      53
      56
      50
      53
      40
      39
      36
      45
      25
      27
      24
      20
      22
      25
      31
      29
      24
      21
      29
      29
      32
      37
      50
      62
      66
      96
      95
      99
     111
     100
      96
      75
      67
      42
      36
      27
      30
      26
      22
      18
      12
      19
      17
      16
      14
      19
      17
      15
       5
      10
      23
       4
       8
      16
       8
       6
      18
       9
      11
      22
      17
      16
       8
      12
      12
      14
      15
       9
      12
       7
       4
       9
      12
      14
      12
      13
      15
       9
       9
      10
       6
      11
       2
       5
       9
       2
       8
       6
       5
       8
       5
       5
       4
       7
       9
       8
       6
       4
       7
       8
       7
       9
       5
       7
      10
       7
      12
      10
      11
      11
      12
      13
      15
       6
      10
       9
      11
       8
       3
       6
       1
       5
       6
       0
       1
       3
       2
       4
       5
       1
       1
       3
       2
       2
       2
       1
       1
       3
       3
       3
       2
       1
       2
       3
       1
       2
       3
       1
       0
       2
       0
       3
       1
       5
       0
       1
       1
       1
       0
       3
       0
       2
       1
       2
       0
       3
       0
       0
       1
       0
       2
       1
       0
       1
       2
       2
       2
       1
       0
       1
       2
       0
       3
       2
       0
       0
       0
       1
       1
       1
       1
       1
       1
       2
       2
       1
       2
       1
       0
       1
       3
       2
       5
       1
       3
       1
       1
       1
       0
       0
       3
       3
       4
       1
       0
       2
       2
       0
       4
       1
       0
       1
       1
       3
       1
       1
       1
       1
       2
       1
       1
       0
       1
       0
       1
       0
       0
       0
       1
       0
       0
       0
       0
       1
       0
       0
       1
       1
       0
       1
       0
       0
       2
       1
       0
       1
       2
       2
       1
       0
       3
       0
       0
       1
       0
       0
       1
       0
       1
       0
       1
       1
       0
       1
       0
       0
       0
       0
       0
       0
       0
       0
       0
       0
       0
       0
       1
       0
       0
       0
       1
       0
       0
       0
       0
       0
       1
       0
       0
       0
       0
       0
       0
       0
       0
       0
       0
       0
       0
       0
       0
       0
       0
       0
       2
       1
       0
       1
       0
       0
       0
       0
       0
       0
       0
       0
       1
       0
       0
       0
       0
       0
       0
       0
       1
       0
       0
       0
       1
       0
       0
       0
       1
       1
       0
       0
       0
       0
       0
       0
       0
       0
       1
       0
       0
       0
       0
       0
       1
       0
       0
       0
       1
       0
       0
       0
       0
       1
       0
       0
       0
       0
       0
       0
       0
       1
       0
       0
       0
       0
       0
       0
       0
       0
       2
       0
       0
       0
       1
       0
       0
       1
       0
       1
       0
       0
       0
       0
       0
       0
       0
       1
       0
       0
       0
       0
       1
       0
       0
       0
       0
       0
       0
       1
       0
       0
       0
       0
       0
       0
       0
       0
       0
       2
       0
       0
       0
       0
       0
       0
       0
       0
       1
       0
       0
       1
       0
       0
       0
       0
       0
       1
       0
       0
       1
       0
       0
       1
       0
       0
       0
       1
       0
       1
       0
       0
       0
       0
       0
       0
       0
       0
       0
       0
       0
       0
       0
       0
       0
       0
       0
       0
       0
       0
       0
       0
       0
       0
       0
       0
       0
       0
       0
       0
       0
       0
       0
       0
       0
       0
       0
       0
       1
       0
       0
       0
       0
       0
       0
       0
       0
       0
       0
       0
       0
       0
       0
       0
       0
       0
       0
       1
       0
       0
       0
       0
       0
       0
       0
       0
       0
       0
       0
       0
       0
       0
       0
       0
       1
       0
       0
       1
       0
       0
       0
       0
       0
       0
       0
       0
       0
       0
       0
       0
       1
       0
       0
       0
       0
       0
       0
       0
       0
       1
       0
       0
       1
       0
       0
       0
       1
       0
       0
       0
       0
       0
       0
       1
       0
       1
       0
       0
       1
       0
       0
       0
       0
       0
       0
       0
       0
       0
       0
       0
       1
       0
       0
       0
       0
       0
       0
       0
       0
       0
       0
       1
       0
       0
       0
       0
       0
       0
       0
       0
       0
       0
       0
       0
       0
       0
       0
       0
       0
       0
       0
       0
       0
       0
       0
       0
       0
       0
       0
       0
       0
       0
       0
       0
       1
       0
       0
       0
       0
       0
       0
       0
       1
       0
       0
       0
       0
       0
       0
       0
       0
       0
       0
       0
       0
       0
       0
       0
       0
       0
       0
       0
       0
       0
       0
       0
       1
       0
       0
       0
       0
       0
       0
       0
       0
       0
       0
       0
       0
       0
       0
       0
       0
       0
       0
       0
       0
       0
       0
       0
       1
       0
       0
       0
       0
       0
       0
       0
       0
       0
       0
       1
       0
       0
       0
       0
       0
       0
       0
       0
       0
       0
       0
       0
       1
       0
       0
       0
       0
       0
       0
       0
       0
       0
       0
       0
       0
       0
       0
       0
       0
       0
       0
       0
       0
       0
       0
       0
       0
       0
       0
       0
       0
       0
       0
       0
       0
       0
       0
       0
       1
       0
       0
       0
       0
       0
       0
       0
       0
       0
       0
       0
       0
       0
       0
       0
       0
       1
       0
       0
       0
       0
       0
       0
       0
       0
       0
       0
       0
       0
       0
       1
       0
       1
       0
       0
       0
       0
       0
       0
       0
       0
       0
       0
       0
       0
       0
       0
       0
       0
       0
       0
       0
       0
       0
       0
       0
       0
       0
       0
       0
       0
       0
       1
       0
       0
       0
       1
       1
       0
       0
       0
       0
       1
       0
       0
       0
       0
       0
       0
       2
       0
       0
       0
       0
       0
       0
       0
       0
       0
       0
       0
       0
       0
       0
       0
       0
       0
       0
       0
       0
       0
       0
       0
       0
       0
       0
       0
       0
       1
       0
       1
       1
       0
       0
       0
       0
       0
       0
       0
       0
       0
       0
       1
       1
       0
       0
       0
       0
       0
       0
       1
       0
       0
       1
       0
       0
       0
       0
       0
       1
       0
       0
       0
       0
       0
       0
       0
       0
       0
       0
       0
       0
       0
       0
       0
       0
       0
       0
       0
       0
       0
       0
       0
       0
       0
       0
       1
       0
       0
       0
       0
       0
       0
       0
       0
       0
       0
       0
       0
       0
       0
       0
       0
       0
       0
       0
       0
       0
       0
       0
       1
       0
$ROI:
1
104 126
$PRESETS:
Real Time
300
0
$ENER_FIT:
0.000000 0.000000
$MCA_CAL:
3
0.000000E+000 0.000000E+000 0.000000E+000 
$SHAPE_CAL:
3
0.000000E+000 0.000000E+000 0.000000E+000
