$SPEC_ID:
No sample description was entered.
$SPEC_REM:
DET# 1
DETDESC# TL-101B-03 digiBASE-RH SN 16039579
AP# Maestro Version 7.01
$DATE_MEA:
03/06/2026 13:28:48
$MEAS_TIM:
296 300
$DATA:
0 1023
       0
       0
       0
       0
       0
       0
       0
       0
       0
       0
      40
    2134
    4578
    4594
    4797
    4665
    4674
    4606
    4737
    4693
    4679
    4636
    4730
    4702
    4658
    4448
    4478
    4489
    4624
    4852
    5187
    5194
    5200
    5332
    5166
    5233
    4945
    4977
    4854
    4846
    4660
    4670
    4720
    4650
    4634
    4549
    4455
    4422
    4419
    4259
    4343
    4300
    4166
    4116
    4251
    4068
    4135
    4201
    4122
    4101
    4084
    4035
    4070
    3995
    3887
    3963
    3948
    4096
    3959
    4057
    3889
    3955
    4055
    3951
    3897
    4064
    4009
    3946
    4017
    3967
    3995
    3934
    4017
    3959
    4130
    3975
    3987
    4066
    4046
    4233
    4180
    4078
    4082
    4135
    4079
    4047
    4202
    4183
    4318
    4148
    4218
    4247
    4323
    4467
    4337
    4504
    4488
    4365
    4560
    4607
    4549
    4790
    4675
    4631
    4847
    4821
    4849
    4817
    4826
    4995
    5028
    5024
    4931
    5010
    4927
    4830
    4661
    4579
    4533
    4305
    4194
    3924
    3774
    3614
    3560
    3329
    3289
    3213
    3310
    3066
    3165
    3050
    3043
    3043
    3100
    3043
    3105
    3211
    3355
    3594
    3973
    4491
    5265
    6136
    7048
    7833
    8851
    9415
    9702
    9588
    9156
    8516
    7558
    6345
    5263
    4226
    3429
    2793
    2443
    2391
    2452
    2748
    3323
    3905
    4644
    5391
    6112
    6963
    7169
    7557
    7409
    7041
    6524
    5765
    4912
    4096
    3292
    2618
    1921
    1577
    1132
     893
     703
     598
     506
     468
     446
     402
     396
     381
     355
     341
     360
     366
     394
     379
     344
     370
     364
     350
     358
     349
     327
     352
     319
     345
     339
     346
     359
     328
     295
     342
     307
     317
     328
     334
     319
     290
     296
     315
     283
     275
     320
     335
     291
     273
     298
     274
     298
     275
     277
     308
     259
     276
     255
     251
     238
     283
     268
     237
     229
     249
     252
     238
     238
     250
     275
     250
     292
     200
     231
     237
     247
     240
     237
     220
     217
     245
     221
     229
     220
     215
     212
     213
     239
     210
     190
     195
     210
     220
     206
     217
     207
     217
     219
     209
     187
     233
     240
     234
     202
     231
     237
     224
     218
     227
     218
     222
     216
     204
     204
     212
     194
     180
     174
     167
     144
     129
     119
     122
     110
     103
      84
      79
      69
      64
      57
      61
      61
      46
      44
      74
      64
      82
      99
      87
      98
     138
     145
     191
     183
     192
     226
     201
     219
     244
     243
     241
     225
     219
     182
     151
     169
     134
      99
      93
      67
      46
      49
      42
      28
      23
      13
      13
       9
       0
       6
       8
       2
       4
       3
       5
       2
       3
       1
       0
       2
       0
       0
       2
       2
       0
       0
       1
       2
       3
       1
       3
       2
       1
       0
       0
       0
       0
       1
       1
       0
       1
       1
       2
       1
       0
       0
       1
       0
       1
       0
       0
       1
       0
       1
       0
       2
       0
       1
       0
       0
       4
       2
       0
       0
       1
       1
       0
       1
       1
       0
       2
       0
       1
       0
       2
       0
       1
       0
       0
       0
       0
       1
       1
       0
       0
       1
       1
       0
       0
       0
       0
       0
       2
       2
       1
       0
       0
       1
       0
       0
       1
       0
       0
       0
       0
       0
       0
       0
       0
       0
       0
       0
       1
       0
       0
       0
       0
       0
       1
       0
       1
       0
       0
       0
       0
       1
       0
       0
       0
       0
       1
       0
       0
       0
       0
       0
       0
       0
       1
       1
       0
       0
       0
       0
       0
       0
       0
       0
       0
       0
       0
       2
       0
       1
       1
       0
       0
       0
       0
       0
       0
       1
       0
       1
       0
       0
       0
       0
       0
       0
       0
       0
       0
       0
       0
       0
       0
       0
       0
       0
       0
       0
       1
       0
       0
       0
       0
       1
       0
       0
       0
       0
       0
       0
       0
       0
       0
       0
       0
       0
       0
       0
       0
       1
       0
       0
       0
       0
       0
       0
       0
       0
       0
       1
       1
       0
       0
       0
       0
       0
       0
       1
       1
       0
       0
       0
       1
       0
       1
       1
       0
       0
       0
       0
       0
       0
       0
       0
       0
       1
       0
       0
       0
       0
       0
       1
       0
       0
       0
       0
       0
       0
       0
       0
       2
       0
       0
       0
       0
       0
       0
       0
       0
       0
       0
       0
       0
       0
       0
       0
       0
       0
       0
       0
       0
       0
       0
       0
       0
       0
       0
       0
       0
       0
       0
       0
       0
       0
       0
       1
       1
       1
       0
       0
       0
       0
       0
       0
       0
       0
       0
       1
       0
       1
       0
       0
       0
       0
       0
       0
       0
       0
       0
       0
       0
       0
       0
       0
       1
       0
       0
       0
       0
       0
       0
       0
       0
       0
       0
       0
       0
       0
       0
       0
       0
       0
       0
       0
       0
       0
       0
       0
       1
       0
       0
       0
       0
       0
       0
       0
       0
       0
       0
       0
       0
       0
       1
       0
       0
       0
       0
       0
       0
       0
       1
       0
       1
       0
       0
       0
       0
       0
       0
       0
       0
       0
       0
       0
       1
       0
       0
       0
       0
       0
       0
       0
       0
       0
       0
       0
       0
       0
       0
       1
       0
       0
       0
       0
       0
       2
       0
       0
       0
       0
       0
       0
       0
       0
       1
       0
       0
       1
       0
       0
       0
       0
       0
       0
       0
       0
       0
       0
       0
       1
       0
       0
       0
       0
       0
       0
       0
       0
       0
       0
       0
       0
       0
       0
       0
       0
       0
       0
       0
       0
       0
       0
       0
       0
       0
       0
       0
       0
       0
       0
       0
       0
       0
       0
       0
       1
       0
       0
       0
       0
       0
       0
       0
       0
       0
       0
       1
       0
       0
       1
       0
       0
       0
       0
       0
       0
       1
       0
       0
       0
       0
       0
       0
       0
       0
       0
       0
       0
       1
       0
       1
       0
       0
       0
       0
       0
       0
       0
       0
       0
       0
       0
       0
       0
       0
       0
       0
       0
       0
       0
       0
       0
       0
       0
       0
       0
       0
       0
       0
       0
       0
       0
       0
       0
       1
       0
       0
       0
       0
       0
       0
       0
       1
       0
       0
       0
       0
       0
       0
       0
       0
       0
       0
       0
       0
       0
       0
       0
       0
       0
       0
       0
       0
       0
       0
       0
       1
       0
       0
       0
       1
       0
       0
       0
       0
       0
       0
       0
       0
       0
       0
       0
       0
       0
       0
       0
       0
       0
       0
       0
       1
       0
       0
       0
       0
       0
       0
       0
       0
       0
       0
       0
       0
       0
       0
       0
       0
       0
       0
       0
       0
       0
       0
       0
       0
       0
       0
       0
       0
       0
       0
       0
       0
       0
       0
       0
       0
       0
       0
       0
       0
       0
       0
       0
       0
       0
       0
       0
       0
       0
       0
       0
       0
       0
       0
       0
       0
       0
       0
       0
       0
       0
       0
       0
       0
       0
       0
       0
       0
       0
       0
       0
       0
       0
       0
       0
       0
       0
       0
       0
       0
       0
       0
       0
       0
       0
       0
       0
       0
       1
       0
       0
       0
$ROI:
0
$PRESETS:
None
0
0
$ENER_FIT:
0.000000 1.000000
$MCA_CAL:
3
0.000000E+000 1.000000E+000 0.000000E+000 keV
$SHAPE_CAL:
3
1.000000E+000 0.000000E+000 0.000000E+000
