$SPEC_ID:
No sample description was entered.
$SPEC_REM:
DET# 1
DETDESC# TL-101B-03 digiBASE-RH SN 16039579
AP# Maestro Version 7.01
$DATE_MEA:
03/06/2026 14:06:28
$MEAS_TIM:
899 900
$DATA:
0 1023
       0
       0
       0
       0
       0
       0
       0
       0
       0
       0
      10
     620
    1423
    1643
    1710
    1718
    1763
    1755
    1708
    1691
    1703
    1618
    1494
    1425
    1400
    1307
    1213
    1222
    1067
    1041
     995
     939
     872
     966
     789
     707
     709
     680
     585
     583
     522
     516
     463
     426
     449
     393
     422
     433
     366
     368
     373
     357
     308
     303
     259
     260
     255
     196
     198
     200
     211
     188
     199
     177
     192
     162
     194
     160
     188
     173
     186
     183
     147
     144
     146
     140
     128
     129
     131
     118
     125
     118
     103
     104
     120
     126
     111
     127
     146
     134
     130
     140
     131
     113
     104
      85
      65
      78
      66
      70
      77
      67
      71
      67
      55
      54
      53
      54
      53
      53
      55
      67
      52
      47
      44
      41
      44
      50
      50
      50
      47
      37
      64
      51
      48
      44
      48
      53
      60
      45
      32
      49
      41
      38
      39
      28
      41
      39
      45
      37
      36
      42
      31
      32
      28
      31
      44
      31
      37
      28
      26
      36
      34
      39
      25
      41
      38
      34
      38
      36
      22
      25
      33
      24
      26
      24
      26
      30
      19
      24
      28
      27
      23
      12
      13
      24
      16
      22
      17
      26
      12
      17
      14
      17
      18
      25
      18
      16
      24
      24
      21
      27
      36
      21
      20
      34
      27
      37
      39
      36
      32
      30
      17
      20
      16
      13
      13
      14
      13
       8
       7
       5
       9
      12
       5
      10
      10
       4
      11
       5
       4
       4
       5
       9
       7
       7
       6
       6
       1
       8
      10
       3
       5
       5
       5
       9
       8
       6
       2
       3
       5
       5
       3
       3
       4
       8
       3
       2
       6
       7
       4
       4
       5
       3
       7
       4
       2
       3
       2
       5
       1
       4
       6
       6
       2
       2
       6
       3
       2
       3
       1
       2
       4
       3
       4
       8
       1
       2
       5
       4
       4
       4
       5
       3
       6
       2
       2
       8
       1
       5
       2
       3
       4
       2
       3
       3
       5
       2
       6
       6
       3
       2
       1
       0
       6
       3
       3
       2
       3
       3
       3
       4
       1
       2
       5
       3
       4
       1
       4
       4
       3
       0
       2
       2
       1
       2
       4
       3
       2
       2
       4
       3
       0
       1
       5
       3
       3
       3
       0
       3
       3
       1
       4
       4
       7
       4
       3
       3
       3
       0
       1
       0
       2
       1
       4
       2
       3
       2
       2
       4
       2
       0
       0
       1
       1
       1
       1
       0
       0
       1
       0
       3
       0
       2
       0
       0
       0
       1
       1
       1
       2
       1
       0
       1
       1
       0
       3
       0
       0
       0
       0
       0
       2
       0
       0
       0
       0
       0
       0
       0
       0
       0
       1
       0
       1
       0
       0
       0
       1
       2
       1
       0
       1
       3
       0
       0
       0
       0
       0
       0
       0
       0
       2
       0
       2
       0
       1
       0
       1
       0
       1
       0
       0
       0
       0
       0
       1
       0
       0
       0
       1
       0
       1
       1
       0
       1
       2
       0
       0
       1
       0
       0
       0
       1
       0
       0
       0
       1
       0
       0
       0
       0
       1
       0
       0
       0
       0
       0
       0
       0
       0
       1
       0
       0
       0
       0
       0
       0
       0
       2
       0
       0
       0
       0
       1
       1
       0
       0
       0
       0
       0
       1
       0
       0
       0
       0
       0
       0
       0
       0
       0
       1
       0
       0
       1
       0
       0
       1
       0
       1
       1
       0
       0
       0
       0
       1
       0
       0
       0
       0
       0
       0
       1
       1
       1
       0
       1
       0
       1
       0
       2
       1
       0
       1
       1
       2
       0
       0
       0
       2
       0
       0
       0
       1
       2
       0
       1
       0
       0
       0
       0
       0
       0
       0
       0
       0
       0
       0
       0
       0
       1
       0
       0
       0
       0
       0
       0
       0
       0
       0
       0
       1
       0
       0
       0
       2
       2
       0
       1
       0
       0
       0
       0
       0
       2
       0
       0
       1
       0
       1
       0
       1
       1
       1
       0
       1
       0
       2
       1
       0
       0
       0
       0
       0
       1
       0
       0
       0
       0
       0
       0
       0
       1
       0
       0
       1
       0
       0
       0
       2
       1
       0
       1
       0
       0
       0
       0
       1
       0
       0
       0
       0
       0
       0
       0
       0
       1
       1
       0
       0
       0
       0
       1
       1
       0
       0
       0
       0
       0
       0
       0
       0
       0
       0
       1
       0
       1
       0
       0
       0
       0
       0
       0
       0
       1
       0
       0
       0
       1
       0
       1
       0
       1
       0
       0
       0
       1
       0
       0
       0
       0
       1
       1
       0
       0
       0
       2
       1
       1
       0
       0
       0
       0
       1
       0
       0
       0
       0
       0
       1
       0
       1
       1
       0
       0
       0
       1
       0
       0
       0
       0
       0
       1
       0
       0
       0
       1
       0
       2
       0
       1
       1
       0
       0
       0
       0
       0
       0
       0
       0
       1
       0
       0
       0
       0
       0
       1
       0
       0
       1
       0
       0
       0
       0
       0
       0
       0
       0
       0
       0
       0
       0
       0
       0
       1
       1
       0
       1
       0
       0
       0
       1
       0
       0
       0
       0
       0
       1
       0
       0
       0
       0
       0
       0
       0
       0
       1
       0
       0
       0
       0
       1
       0
       0
       1
       0
       0
       0
       0
       0
       0
       0
       0
       0
       0
       0
       1
       0
       0
       0
       0
       0
       0
       0
       0
       0
       0
       0
       0
       0
       1
       0
       0
       0
       0
       0
       0
       1
       0
       1
       0
       0
       0
       0
       0
       0
       0
       0
       0
       0
       0
       1
       0
       0
       0
       1
       0
       0
       0
       1
       0
       0
       1
       0
       0
       0
       0
       0
       1
       1
       0
       0
       0
       0
       1
       0
       0
       0
       0
       1
       0
       0
       0
       0
       0
       0
       1
       0
       0
       0
       1
       0
       1
       1
       0
       1
       0
       0
       0
       0
       0
       1
       0
       1
       0
       0
       0
       0
       0
       0
       0
       1
       0
       1
       0
       0
       1
       0
       0
       0
       0
       0
       0
       0
       0
       0
       0
       0
       0
       0
       0
       0
       0
       0
       0
       0
       1
       0
       0
       0
       1
       0
       0
       0
       0
       0
       0
       0
       0
       0
       0
       0
       0
       1
       0
       0
       0
       1
       0
       0
       1
       0
       1
       0
       0
       0
       0
       0
       0
       0
       0
       0
       1
       0
       0
       0
       0
       1
       0
       0
       0
       0
       0
       0
       0
       1
       1
       1
       1
       0
       1
       1
       0
       0
       0
       1
       0
       1
       0
       0
       0
       0
       0
       0
       0
       0
       0
       0
       0
       1
       1
       0
       0
       0
       0
       0
       0
       0
       0
       0
       0
       0
       0
       0
       0
       0
       2
       1
       0
       0
       0
       0
       1
       0
       0
       0
       0
       0
       0
       0
       0
       0
       0
       0
$ROI:
0
$PRESETS:
Real Time
900
0
$ENER_FIT:
0.000000 0.000000
$MCA_CAL:
3
0.000000E+000 0.000000E+000 0.000000E+000 
$SHAPE_CAL:
3
0.000000E+000 0.000000E+000 0.000000E+000
