============================== SRIM-2013.00 ==============================
==============================================================================
===== TRIMOUT.txt: File of Transmitted / Backscattered / Sputtered Atoms =====
=  This file tabulates the kinetics of ions or atoms leaving the target.     =
=  Column #1: S= Sputtered Atom, B= Backscattered Ion, T= Transmitted Ion.   =
=  Col.#2: Ion Number, Col.#3: Z of atom leaving, Col.#4: Atom energy (eV).  =
=  Col.#5-7: Last location:  X= Depth into target, Y,Z= Transverse axes.     =
=  Col.#8-10: Cosines of final trajectory.                                   =
= *** This data file is in the same format as TRIM.DAT (see manual for uses).=
====== TRIM Calc.= He(5.48 MeV) ==> Layer 1(  1 mm) ==========================
 Ion  Atom   Energy        Depth       Lateral-Position        Atom Direction      
 Numb Numb    (eV)          X(A)        Y(A)       Z(A)      Cos(X)  Cos(Y) Cos(Z) 
T    1  2 .5394672E+07   1000001E+01 -.4835E+04  .3491E+04   .9999984 -.0017787 -.0003610
T    2  2 .5391631E+07   1000003E+01  .1168E+04 -.6761E+04   .9999913  .0017394 -.0037841
T    3  2 .5391794E+07   1000001E+01 -.3444E+04 -.2960E+04   .9999996  .0006911  .0005567
T    4  2 .5393375E+07   1000001E+01 -.3238E+05 -.1428E+05   .9999787 -.0057311 -.0031241
T    5  2 .5396027E+07   1000000E+01 -.2347E+05  .1006E+05   .9999870 -.0050676 -.0005054
T    6  2 .5388876E+07   1000002E+01  .3933E+04 -.1851E+04   .9999950  .0027984 -.0014760
T    7  2 .5393259E+07   1000000E+01  .1043E+05 -.6393E+04   .9999975  .0014573 -.0016845
T    8  2 .5406500E+07   1000000E+01 -.2323E+03  .5061E+03   .9999997 -.0005619  .0006173
T    9  2 .5395291E+07   1000002E+01 -.7295E+04 -.1150E+05   .9999868 -.0028722 -.0042666
T   10  2 .5382070E+07   1000002E+01 -.8402E+04 -.2738E+04   .9999999 -.0000728  .0001993
T   11  2 .5377161E+07   1000001E+01 -.9288E+04  .2233E+03   .9999984 -.0017445 -.0003663
T   12  2 .5393476E+07   1000002E+01  .5449E+04 -.5646E+04   .9999938  .0032291 -.0013900
T   13  2 .5392671E+07   1000002E+01  .2247E+04 -.7077E+04   .9999971  .0000678 -.0024110
T   14  2 .5394123E+07   1000001E+01 -.1037E+05  .8313E+04   .9999952 -.0027517  .0014265
T   15  2 .5385985E+07   1000002E+01 -.3242E+04  .1016E+04   .9999970 -.0024345  .0000031
T   16  2 .5388784E+07   1000002E+01  .1646E+04 -.6575E+04   .9999996  .0008262 -.0003623
T   17  2 .5389785E+07   1000001E+01 -.3125E+04 -.9260E+03   .9999987 -.0014914  .0005872
T   18  2 .5396521E+07   1000002E+01  .4443E+04 -.1269E+04   .9999920  .0019545  .0034799
T   19  2 .5395298E+07   1000003E+01  .8801E+04  .5867E+04   .9999991  .0012007  .0006606
T   20  2 .5395253E+07   1000003E+01 -.1544E+04 -.5356E+04   .9999937 -.0013649 -.0032855
T   21  2 .5398286E+07   1000001E+01 -.1091E+05 -.1194E+04   .9999894 -.0045719 -.0004967
T   22  2 .5390689E+07   1000001E+01  .4789E+03  .6568E+04   .9999999  .0000097  .0000586
T   23  2 .5391175E+07   1000002E+01 -.3952E+04  .4101E+04   .9999929  .0019969  .0031819
T   24  2 .5401053E+07   1000002E+01 -.1192E+04 -.2367E+04   .9999882  .0048580  .0000634
T   25  2 .5394431E+07   1000001E+01  .5710E+04 -.4126E+03   .9999920  .0036278 -.0016588
T   26  2 .5401329E+07   1000001E+01  .8366E+03  .1395E+05   .9999989  .0007861  .0012741
T   27  2 .5395162E+07   1000002E+01 -.4399E+03 -.7055E+04   .9999945  .0009308 -.0031749
T   28  2 .5393146E+07   1000002E+01  .3219E+04  .3909E+04   .9999999  .0005020  .0000334
T   29  2 .5388989E+07   1000001E+01 -.2926E+04  .6576E+04   .9999985 -.0013746  .0010968
T   30  2 .5404080E+07   1000001E+01  .2667E+05 -.7424E+04   .9999788  .0061727 -.0020956
T   31  2 .5402572E+07   1000000E+01  .5361E+04  .3824E+04   .9999961 -.0021368 -.0017930
T   32  2 .5395959E+07   1000001E+01  .1696E+05  .4039E+04   .9999925  .0038409 -.0003924
T   33  2 .5401643E+07   1000002E+01 -.2145E+03  .6415E+04   .9999954 -.0000298  .0030314
T   34  2 .5397443E+07   1000001E+01  .1124E+05  .2729E+04   .9999995  .0001467  .0010128
T   35  2 .5392661E+07   1000002E+01  .1408E+04 -.1745E+04   .9999993  .0008119 -.0008659
T   36  2 .5393808E+07   1000002E+01 -.1887E+05  .8564E+04   .9999793 -.0058970  .0025834
T   37  2 .5383869E+07   1000001E+01 -.2591E+05  .9031E+04   .9999587 -.0088468  .0020780
T   38  2 .5390404E+07   1000001E+01 -.2431E+04 -.3015E+04   .9999958  .0007520 -.0028030
T   39  2 .5396359E+07   1000001E+01 -.2362E+04 -.1052E+04   .9999976 -.0008291 -.0020153
T   40  2 .5391261E+07   1000001E+01  .1364E+05 -.1293E+05   .9999460  .0090807 -.0050485
T   41  2 .5386933E+07   1000000E+01  .9081E+04 -.8176E+04   .9999956  .0026837 -.0012310
T   42  2 .5390177E+07   1000001E+01 -.3521E+04 -.2249E+04   .9999982 -.0012624 -.0014103
T   43  2 .5407344E+07   1000000E+01  .9683E+04  .2172E+04   .9999960  .0025324  .0012242
T   44  2 .5401140E+07   1000002E+01 -.6832E+04 -.3092E+03   .9999966 -.0026060  .0000741
T   45  2 .5384949E+07   1000003E+01  .1482E+05 -.2189E+05   .9999917 -.0001092 -.0040683
T   46  2 .5388506E+07   1000002E+01 -.6970E+03 -.3358E+04   .9999992 -.0010856 -.0007077
T   47  2 .5393677E+07   1000003E+01  .6038E+02 -.1080E+05   .9999969  .0013053 -.0021405
T   48  2 .5395506E+07   1000000E+01  .4836E+04  .7793E+02   .9999980 -.0010380  .0016861
T   49  2 .5392352E+07   1000001E+01  .3436E+03  .3807E+04   .9999972  .0003707  .0023452
T   50  2 .5389389E+07   1000001E+01  .1105E+05  .3327E+04   .9999904  .0038688  .0020464
T   51  2 .5386326E+07   1000002E+01  .1332E+04  .2293E+04   .9999969  .0019922  .0015187
T   52  2 .5396401E+07   1000002E+01  .1291E+05  .5571E+04   .9999995  .0009365 -.0001734
T   53  2 .5389990E+07   1000001E+01  .4282E+04 -.1645E+04   .9999987  .0013667  .0008955
T   54  2 .5391678E+07   1000000E+01 -.1217E+05 -.5989E+04   .9999905 -.0042997 -.0006441
T   55  2 .5391433E+07   1000002E+01 -.1426E+04  .2354E+03   .9999995  .0001984 -.0009535
T   56  2 .5399269E+07   1000003E+01 -.7701E+04  .9284E+04   .9999927 -.0030198  .0023270
T   57  2 .5394722E+07   1000000E+01 -.2059E+04  .1916E+04   .9999994 -.0010694 -.0001387
T   58  2 .5391189E+07   1000003E+01 -.4566E+04  .1966E+04   .9999976 -.0021039 -.0006548
T   59  2 .5394547E+07   1000002E+01  .4854E+04  .6734E+04   .9999976  .0012127  .0018094
T   60  2 .5391539E+07   1000002E+01  .7449E+03 -.1411E+05   .9999949 -.0010433 -.0030342
T   61  2 .5387281E+07   1000002E+01 -.1294E+05  .2243E+05   .9999869 -.0015683  .0048781
T   62  2 .5396638E+07   1000003E+01 -.1234E+04 -.1769E+05   .9999917 -.0003708 -.0040598
T   63  2 .5391948E+07   1000001E+01  .9976E+04 -.5135E+04   .9999910  .0041841 -.0007058
T   64  2 .5390608E+07   1000002E+01  .1168E+05 -.3034E+04   .9999974  .0022691  .0000806
T   65  2 .5384986E+07   1000002E+01  .2327E+04  .7005E+03   .9999995  .0009890  .0002899
T   66  2 .5389524E+07   1000002E+01 -.3954E+04 -.7230E+04   .9999981 -.0009208 -.0017408
T   67  2 .5387428E+07   1000002E+01  .6393E+04 -.1233E+05   .9999886  .0032016 -.0035420
T   68  2 .5398230E+07   1000002E+01  .5599E+04  .5061E+04   .9999985  .0017444 -.0000436
T   69  2 .5396183E+07   1000002E+01  .1788E+04  .9480E+04   .9999988  .0009301  .0012447
T   70  2 .5402126E+07   1000002E+01  .2201E+04 -.7343E+04   .9999968 -.0008157 -.0023970
T   71  2 .5392096E+07   1000002E+01  .5390E+04  .4150E+04   .9999964  .0022861  .0014197
T   72  2 .5396506E+07   1000000E+01  .7042E+04  .1897E+04   .9999978  .0016547  .0012648
T   73  2 .5381836E+07   1000000E+01 -.7994E+04  .3184E+05   .9999848 -.0016117  .0052727
T   74  2 .5402765E+07   1000002E+01  .1518E+04  .2132E+04   .9999995  .0008181  .0005336
T   75  2 .5393227E+07   1000001E+01 -.4265E+04 -.1445E+04   .9999964 -.0025055 -.0009193
T   76  2 .5392417E+07   1000001E+01 -.3320E+04 -.2529E+04   .9999990 -.0010230 -.0010248
T   77  2 .5395425E+07   1000001E+01  .2365E+04  .4899E+04   .9999997 -.0007980 -.0001857
T   78  2 .5404884E+07   1000002E+01 -.7921E+04 -.4017E+04   .9999887 -.0042257 -.0021988
T   79  2 .5399688E+07   1000001E+01 -.2475E+04  .1944E+04   .9999997 -.0007262  .0003475
T   80  2 .5391976E+07   1000001E+01  .1230E+05 -.1170E+04   .9999963  .0026195 -.0006990
T   81  2 .5397024E+07   1000001E+01 -.4667E+04  .1541E+04   .9999983 -.0018447  .0000246
T   82  2 .5382605E+07   1000000E+01 -.1998E+03 -.3275E+04   .9999996  .0000378 -.0008647
T   83  2 .5398604E+07   1000002E+01 -.1087E+05  .1320E+05   .9999892 -.0024435  .0039539
T   84  2 .5381655E+07   1000001E+01 -.4009E+03 -.4571E+04   .9999981 -.0000465 -.0019337
T   85  2 .5397827E+07   1000002E+01 -.8578E+04 -.1421E+05   .9999920 -.0022063 -.0033332
T   86  2 .5397744E+07   1000003E+01  .4544E+04  .1750E+04   .9999978  .0015820 -.0013842
T   87  2 .5398747E+07   1000000E+01 -.5072E+04  .1181E+05   .9999940 -.0012282  .0032364
T   88  2 .5390118E+07   1000002E+01 -.8628E+03 -.8247E+03   .9999999 -.0003102 -.0003119
T   89  2 .5394806E+07   1000001E+01  .2448E+04  .8578E+04   .9999991  .0012504  .0004547
T   90  2 .5389718E+07   1000002E+01 -.1467E+05  .1029E+04   .9999949 -.0030943 -.0008453
T   91  2 .5389819E+07   1000000E+01 -.6216E+04 -.8492E+04   .9999951 -.0031196  .0002260
T   92  2 .5390661E+07   1000001E+01  .3314E+04  .1499E+04   .9999969  .0024848  .0000330
T   93  2 .5393105E+07   1000001E+01 -.7162E+04  .1968E+04   .9999930 -.0032964 -.0017449
T   94  2 .5385374E+07   1000001E+01 -.9697E+04  .6149E+04   .9999994 -.0008820  .0005729
T   95  2 .5389035E+07   1000002E+01  .2969E+04 -.4627E+03   .9999999  .0002418 -.0001123
T   96  2 .5394386E+07   1000002E+01 -.2888E+04  .8092E+04   .9999919  .0012006  .0038390
T   97  2 .5392524E+07   1000001E+01 -.1454E+04  .2979E+04   .9999994  .0008374 -.0007280
T   98  2 .5390949E+07   1000000E+01 -.2103E+03 -.3429E+04   .9999984 -.0001188 -.0017926
T   99  2 .5400741E+07   1000001E+01 -.2190E+04  .2551E+04   .9999992  .0009316  .0008210
T  100  2 .5390891E+07   1000002E+01  .4133E+04  .9214E+03   .9999998  .0006871  .0001225
T  101  2 .5398305E+07   1000001E+01 -.6515E+04 -.5254E+04   .9999962 -.0022855 -.0015603
T  102  2 .5392811E+07   1000001E+01  .9734E+04  .9873E+04   .9999948  .0015250  .0028352
T  103  2 .5392962E+07   1000002E+01 -.2786E+04 -.6543E+04   .9999989  .0010147 -.0011143
T  104  2 .5396621E+07   1000002E+01  .2100E+05  .1307E+05   .9999876  .0041889  .0027024
T  105  2 .5395461E+07   1000003E+01 -.2473E+03  .7059E+04   .9999968  .0002283  .0025036
T  106  2 .5382262E+07   1000001E+01 -.4345E+04 -.1567E+05   .9999950 -.0017779 -.0026304
T  107  2 .5392517E+07   1000000E+01 -.2996E+04 -.7746E+03   .9999999 -.0003520 -.0000372
T  108  2 .5395613E+07   1000002E+01 -.3635E+03 -.6557E+04   .9999966 -.0015260 -.0021120
T  109  2 .5392385E+07   1000002E+01 -.5238E+04  .9140E+03   .9999986 -.0015911 -.0006058
T  110  2 .5399593E+07   1000002E+01  .4589E+04 -.5153E+04   .9999991  .0001219 -.0013567
T  111  2 .5384280E+07   1000001E+01  .8481E+03  .5803E+04   .9999990  .0000453  .0014477
T  112  2 .5380001E+07   1000002E+01  .4062E+04 -.7522E+04   .9999994 -.0006291 -.0008546
T  113  2 .5391915E+07   1000000E+01 -.2746E+04 -.1097E+05   .9999984 -.0002975 -.0017700
T  114  2 .5395454E+07   1000000E+01 -.6808E+04  .2591E+05   .9999929  .0004456  .0037359
T  115  2 .5383758E+07   1000003E+01 -.1907E+05 -.4471E+05   .9998528 -.0063907 -.0159232
T  116  2 .5400263E+07   1000001E+01 -.1032E+05 -.7643E+03   .9999950 -.0029691 -.0011079
T  117  2 .5385902E+07   1000001E+01 -.2939E+04 -.1191E+05   .9999900  .0012367 -.0043071
T  118  2 .5397168E+07   1000002E+01  .8093E+04 -.1593E+05   .9999919  .0004084 -.0039972
T  119  2 .5392476E+07   1000001E+01  .5718E+04 -.2168E+04   .9999999 -.0004642 -.0000881
T  120  2 .5391838E+07   1000000E+01  .2788E+03 -.9022E+04   .9999817  .0007406 -.0059980
T  121  2 .5393642E+07   1000000E+01 -.2275E+04 -.1427E+05   .9999750 -.0029239 -.0064351
T  122  2 .5399560E+07   1000002E+01  .4985E+04 -.3933E+04   .9999999  .0001538 -.0003974
T  123  2 .5389778E+07   1000002E+01  .3880E+04  .6075E+04   .9999982  .0014461  .0012582
T  124  2 .5391031E+07   1000002E+01  .6904E+04 -.9908E+04   .9999943  .0021655 -.0025788
T  125  2 .5389121E+07   1000002E+01  .1450E+06 -.4479E+05   .9998262  .0178900 -.0052375
T  126  2 .5391407E+07   1000001E+01 -.1366E+05  .8705E+04   .9999936 -.0030207  .0019046
T  127  2 .5395452E+07   1000001E+01 -.9739E+03 -.2462E+04   .9999974  .0022706 -.0001151
T  128  2 .5392762E+07   1000002E+01  .2169E+05 -.1842E+05   .9999718  .0055221 -.0050920
T  129  2 .5382393E+07   1000000E+01 -.1504E+05 -.2057E+05   .9999987 -.0009480 -.0013365
T  130  2 .5394387E+07   1000000E+01  .1747E+04 -.9590E+03   .9999999  .0000553 -.0004263
T  131  2 .5391424E+07   1000000E+01  .1484E+04  .5886E+04   .9999889  .0034398  .0032259
T  132  2 .5391435E+07   1000002E+01  .3008E+04  .1649E+04   .9999983  .0016799 -.0007663
T  133  2 .5402223E+07   1000001E+01  .3256E+04  .2995E+04   .9999991  .0011564  .0006137
T  134  2 .5388619E+07   1000001E+01  .1622E+03 -.1070E+04   .9999993  .0000903 -.0012129
T  135  2 .5401062E+07   1000001E+01  .6394E+04  .5146E+04   .9999989  .0014138  .0005379
T  136  2 .5401612E+07   1000001E+01 -.3609E+04 -.2674E+04   .9999822  .0048497  .0034664
T  137  2 .5410198E+07   1000002E+01  .9228E+04  .7837E+03   .9999959  .0028544 -.0003313
T  138  2 .5387995E+07   1000003E+01 -.2120E+05  .3524E+04   .9999761 -.0061144  .0032350
T  139  2 .5398023E+07   1000001E+01 -.6310E+04  .6082E+04   .9999985 -.0016904 -.0003822
T  140  2 .5389297E+07   1000002E+01  .1179E+05  .1600E+04   .9999883  .0047633 -.0008646
T  141  2 .5401131E+07   1000001E+01  .9144E+04  .1008E+04   .9999928  .0037933  .0002933
T  142  2 .5398936E+07   1000002E+01  .3599E+04 -.8746E+04   .9999983  .0015744 -.0009110
T  143  2 .5400326E+07   1000002E+01  .5180E+04  .1073E+05   .9999935  .0007142  .0035352
T  144  2 .5390339E+07   1000002E+01 -.1870E+04 -.1044E+05   .9999914 -.0018727 -.0036917
T  145  2 .5401157E+07   1000002E+01  .5023E+04  .1649E+05   .9999669  .0014768  .0080047
T  146  2 .5388598E+07   1000002E+01 -.2099E+05 -.8072E+04   .9999795 -.0057460 -.0028206
T  147  2 .5391565E+07   1000002E+01  .5828E+04 -.1720E+05   .9999976 -.0002745 -.0021743
T  148  2 .5393956E+07   1000001E+01  .1117E+04  .3894E+04   .9999997  .0004618 -.0006120
T  149  2 .5396314E+07   1000001E+01  .2436E+04 -.5347E+03   .9999999  .0003771 -.0003428
T  150  2 .5406571E+07   1000002E+01  .1020E+05 -.1156E+04   .9999958  .0020425 -.0020582
T  151  2 .5392008E+07   1000003E+01 -.8092E+04 -.3340E+04   .9999892 -.0040453 -.0022983
T  152  2 .5398807E+07   1000001E+01  .1083E+05 -.1154E+04   .9999947  .0032675  .0001062
T  153  2 .5388104E+07   1000001E+01  .2685E+04 -.2363E+04   .9999992  .0009522 -.0008561
T  154  2 .5399839E+07   1000002E+01 -.6128E+04 -.9792E+04   .9999912 -.0023660 -.0034685
T  155  2 .5387469E+07   1000003E+01 -.1784E+04  .2389E+04   .9999990  .0008838  .0011024
T  156  2 .5396811E+07   1000001E+01  .4001E+04  .1482E+03   .9999921  .0036743  .0014959
T  157  2 .5393051E+07   1000003E+01 -.3333E+04  .3048E+04   .9999968 -.0018021  .0017674
T  158  2 .5398960E+07   1000000E+01 -.5788E+04 -.1003E+05   .9999962 -.0027589  .0001485
T  159  2 .5403748E+07   1000002E+01 -.2351E+02 -.4130E+04   .9999968  .0001820 -.0025081
T  160  2 .5402012E+07   1000002E+01  .1244E+05 -.1939E+05   .9999925  .0024143 -.0030341
T  161  2 .5406520E+07   1000002E+01  .5010E+04 -.3866E+04   .9999935  .0032286 -.0016008
T  162  2 .5390702E+07   1000002E+01 -.5571E+04 -.9679E+04   .9999969 -.0019350 -.0015713
T  163  2 .5394984E+07   1000002E+01  .1462E+05 -.7547E+04   .9999953  .0029384 -.0008354
T  164  2 .5382350E+07   1000002E+01 -.1722E+05  .4238E+04   .9999890 -.0046492  .0006436
T  165  2 .5386774E+07   1000002E+01 -.2002E+02  .3605E+04   .9999980  .0015920  .0012192
T  166  2 .5402831E+07   1000002E+01 -.2123E+04  .1275E+05   .9999823  .0014734  .0057730
T  167  2 .5376897E+07   1000002E+01 -.2704E+03  .3621E+04   .9999985  .0016001  .0006521
T  168  2 .5389691E+07   1000001E+01 -.6227E+04 -.7368E+03   .9999944 -.0024149 -.0023114
T  169  2 .5391140E+07   1000001E+01 -.2116E+04 -.2271E+04   .9999946 -.0020403 -.0025707
T  170  2 .5399680E+07   1000002E+01 -.1638E+05 -.4033E+04   .9999744 -.0070917 -.0009788
T  171  2 .5388730E+07   1000000E+01 -.1336E+05 -.2136E+04   .9999933 -.0034480 -.0012391
T  172  2 .5400348E+07   1000001E+01  .3100E+04 -.6780E+04   .9999964 -.0005922 -.0025988
T  173  2 .5385537E+07   1000000E+01  .4426E+04  .3901E+04   .9999987  .0008956  .0013553
T  174  2 .5396200E+07   1000002E+01 -.4494E+04 -.7332E+04   .9999954 -.0023237 -.0019451
T  175  2 .5385135E+07   1000002E+01 -.5013E+04  .1665E+04   .9999938 -.0019824 -.0029259
T  176  2 .5390445E+07   1000001E+01  .2756E+04 -.4648E+03   .9999998  .0005546  .0000577
T  177  2 .5392560E+07   1000003E+01 -.8904E+04 -.5149E+04   .9999993 -.0009914 -.0006820
T  178  2 .5385557E+07   1000002E+01 -.8571E+04  .8007E+04   .9999915 -.0024651  .0033144
T  179  2 .5389677E+07   1000001E+01  .5042E+04  .1893E+04   .9999900  .0038212  .0023387
T  180  2 .5394140E+07   1000001E+01 -.1697E+05  .1087E+05   .9999912 -.0037532  .0018864
T  181  2 .5390771E+07   1000003E+01 -.4929E+04 -.8579E+03   .9999994 -.0007202  .0008084
T  182  2 .5404682E+07   1000000E+01 -.4837E+04  .5757E+04   .9999962 -.0019655  .0019073
T  183  2 .5380754E+07   1000001E+01  .1142E+05 -.1613E+05   .9999871  .0039104 -.0032267
T  184  2 .5401506E+07   1000001E+01 -.1340E+04  .1474E+04   .9999994 -.0008992  .0006394
T  185  2 .5383989E+07   1000002E+01  .8908E+03  .1886E+04   .9999999  .0004081  .0001530
T  186  2 .5397227E+07   1000002E+01  .1058E+05 -.7320E+03   .9999960  .0027212  .0008163
T  187  2 .5377321E+07   1000002E+01  .1206E+05  .8594E+03   .9999997  .0004953 -.0006668
T  188  2 .5381259E+07   1000002E+01 -.1534E+05  .1114E+05   .9999513 -.0096328  .0021595
T  189  2 .5383601E+07   1000002E+01  .4982E+04 -.3658E+04   .9999949  .0028006 -.0015127
T  190  2 .5383807E+07   1000000E+01  .5703E+04 -.4825E+04   .9999942  .0029634 -.0016556
T  191  2 .5385768E+07   1000000E+01  .1182E+04 -.5880E+04   .9999937  .0028035  .0021778
T  192  2 .5383943E+07   1000003E+01  .1340E+05 -.2374E+04   .9999939  .0029584 -.0018306
T  193  2 .5397214E+07   1000001E+01  .1830E+05  .7158E+04   .9999972  .0022313  .0007248
T  194  2 .5387233E+07   1000002E+01 -.1379E+05 -.1142E+05   .9999956 -.0013636 -.0026216
T  195  2 .5398517E+07   1000002E+01 -.8286E+04 -.7900E+04   .9999958  .0011205 -.0026554
T  196  2 .5387890E+07   1000001E+01  .1900E+02 -.5650E+04   .9999981  .0004531 -.0018943
T  197  2 .5398977E+07   1000001E+01 -.5234E+04 -.1222E+05   .9999890  .0008097 -.0046200
T  198  2 .5394519E+07   1000001E+01  .8349E+04 -.1572E+04   .9999845  .0054654 -.0010958
T  199  2 .5386896E+07   1000000E+01 -.7821E+04  .2109E+05   .9999930 -.0015199  .0034082
T  200  2 .5377056E+07   1000002E+01  .1512E+05  .2320E+05   .9999840  .0038834  .0041062
T  201  2 .5400686E+07   1000001E+01 -.8771E+04  .2951E+04   .9999963 -.0024049  .0012642
T  202  2 .5391179E+07   1000002E+01  .2031E+04 -.1422E+04   .9999980  .0013628 -.0014408
T  203  2 .5390956E+07   1000001E+01  .4933E+04 -.1909E+04   .9999992  .0008251 -.0009244
T  204  2 .5394501E+07   1000002E+01  .1228E+05  .1546E+05   .9999864  .0037864  .0035741
T  205  2 .5399293E+07   1000001E+01  .3560E+04 -.1639E+05   .9999993  .0002988 -.0011499
T  206  2 .5397336E+07   1000000E+01 -.1271E+04  .5011E+04   .9999985  .0008453  .0014974
T  207  2 .5402051E+07   1000001E+01 -.7874E+04  .8787E+04   .9999982 -.0011565  .0015217
T  208  2 .5396984E+07   1000002E+01 -.1685E+04 -.6727E+04   .9999942 -.0016761 -.0029592
T  209  2 .5378872E+07   1000001E+01  .1139E+05  .5843E+04   .9999964  .0020232  .0017685
T  210  2 .5402647E+07   1000001E+01 -.3269E+03 -.2607E+04   .9999993  .0011718  .0000644
T  211  2 .5393986E+07   1000002E+01 -.6390E+04  .2931E+05   .9999865 -.0003107  .0051838
T  212  2 .5403868E+07   1000002E+01  .6593E+02 -.1134E+05   .9999908  .0040460 -.0014192
T  213  2 .5395321E+07   1000000E+01 -.3866E+04 -.1163E+05   .9999956  .0002985 -.0029653
T  214  2 .5391028E+07   1000001E+01  .5433E+04  .1463E+05   .9999882  .0033863  .0034844
T  215  2 .5390671E+07   1000000E+01 -.1293E+05 -.5361E+04   .9999980 -.0018311 -.0008328
T  216  2 .5404095E+07   1000000E+01 -.4046E+04 -.2603E+04   .9999999 -.0002665 -.0001073
T  217  2 .5394889E+07   1000002E+01 -.3625E+05 -.1926E+04   .9999647 -.0081047  .0022116
T  218  2 .5390528E+07   1000002E+01 -.3771E+04 -.2051E+04   .9999992 -.0012568  .0000517
T  219  2 .5393585E+07   1000001E+01  .7658E+03 -.3757E+04   .9999966 -.0025798 -.0002338
T  220  2 .5391222E+07   1000000E+01  .1508E+04  .2882E+04   .9999973  .0003176  .0022994
T  221  2 .5392976E+07   1000001E+01  .4929E+04  .4753E+04   .9999996 -.0004081 -.0007717
T  222  2 .5398851E+07   1000002E+01 -.6887E+04  .9948E+03   .9999891 -.0045050  .0012310
T  223  2 .5402185E+07   1000003E+01  .6976E+03  .5306E+04   .9999931  .0023730  .0028701
T  224  2 .5386135E+07   1000000E+01  .4774E+03 -.2382E+04   .9999991  .0013278  .0001909
T  225  2 .5391097E+07   1000000E+01  .9750E+04  .3092E+04   .9999985  .0017171 -.0002296
T  226  2 .5402964E+07   1000002E+01  .8303E+04  .1785E+04   .9999792  .0064367  .0003674
T  227  2 .5395510E+07   1000002E+01  .6045E+04 -.4045E+04   .9999894  .0028307 -.0036184
T  228  2 .5382373E+07   1000002E+01 -.1476E+03  .5999E+04   .9999985 -.0004344  .0016570
T  229  2 .5390401E+07   1000001E+01  .1738E+05  .1197E+05   .9999895  .0040549  .0021316
T  230  2 .5390543E+07   1000000E+01  .2165E+04  .4722E+04   .9999989  .0014800 -.0000146
T  231  2 .5386352E+07   1000002E+01 -.1427E+05 -.2092E+04   .9999939 -.0034894  .0000764
T  232  2 .5385268E+07   1000001E+01  .2093E+04  .1398E+04   .9999972  .0017856  .0015398
T  233  2 .5389085E+07   1000002E+01 -.1040E+05 -.7114E+04   .9999897 -.0039898 -.0021444
T  234  2 .5389455E+07   1000001E+01  .1041E+05 -.3102E+04   .9999956  .0029086 -.0005558
T  235  2 .5392139E+07   1000001E+01 -.1400E+05  .8838E+04   .9999985 -.0013956 -.0010547
T  236  2 .5388894E+07   1000002E+01  .5794E+04 -.7157E+04   .9999978  .0006562 -.0019862
T  237  2 .5392765E+07   1000000E+01 -.7557E+04  .1220E+03   .9999983 -.0018423  .0001124
T  238  2 .5383918E+07   1000001E+01 -.2334E+04  .1579E+05   .9999969 -.0001709  .0024892
T  239  2 .5395606E+07   1000002E+01  .6694E+04  .2093E+05   .9999822  .0007506  .0059233
T  240  2 .5388976E+07   1000002E+01  .4552E+03 -.6501E+04   .9999977 -.0009347 -.0019072
T  241  2 .5387553E+07   1000002E+01  .6204E+04  .3150E+04   .9999975  .0021783  .0004658
T  242  2 .5389581E+07   1000002E+01  .4800E+04 -.2444E+04   .9999931  .0007189 -.0036510
T  243  2 .5386398E+07   1000001E+01 -.2083E+05 -.1359E+04   .9999931 -.0036252 -.0008211
T  244  2 .5381700E+07   1000002E+01  .1455E+03 -.2068E+05   .9999922  .0009068 -.0038321
T  245  2 .5392043E+07   1000002E+01  .5474E+04  .3660E+04   .9999897  .0043085  .0014585
T  246  2 .5391315E+07   1000002E+01  .1121E+05  .1639E+04   .9999926  .0036105  .0013154
T  247  2 .5383263E+07   1000003E+01 -.3080E+05  .3064E+05   .9999662 -.0058737  .0057450
T  248  2 .5397309E+07   1000003E+01  .8813E+04 -.4217E+03   .9999877  .0048575 -.0009862
T  249  2 .5405390E+07   1000002E+01 -.9576E+03  .2733E+04   .9999974 -.0003960  .0022495
T  250  2 .5394686E+07   1000002E+01  .1259E+05 -.1822E+05   .9999315  .0091431 -.0073091
T  251  2 .5380929E+07   1000002E+01  .1889E+05  .9221E+04   .9999966  .0024429 -.0009041
T  252  2 .5388840E+07   1000003E+01  .6212E+04 -.1872E+04   .9999983  .0007546 -.0016598
T  253  2 .5395820E+07   1000002E+01  .4351E+04 -.1858E+05   .9999836  .0010555 -.0056250
T  254  2 .5399855E+07   1000001E+01  .5549E+04 -.3010E+04   .9999990  .0013577 -.0004915
T  255  2 .5387367E+07   1000001E+01  .4863E+04 -.5808E+04   .9999942  .0009251 -.0032671
T  256  2 .5385177E+07   1000002E+01  .3701E+04  .3867E+04   .9999987  .0012972  .0009962
T  257  2 .5391758E+07   1000003E+01  .2135E+05 -.2688E+04   .9999937  .0033741 -.0011418
T  258  2 .5397923E+07   1000002E+01 -.2908E+04 -.1345E+05   .9999908 -.0006822 -.0042412
T  259  2 .5395002E+07   1000002E+01  .3320E+04  .4422E+04   .9999950  .0021331  .0023160
T  260  2 .5387094E+07   1000001E+01  .2985E+02 -.1255E+05   .9999995  .0005571  .0008821
T  261  2 .5405273E+07   1000002E+01 -.1062E+05  .6754E+04   .9999980 -.0006750  .0018861
T  262  2 .5394650E+07   1000002E+01 -.6674E+04  .4464E+05   .9999772 -.0027885  .0061503
T  263  2 .5390646E+07   1000001E+01 -.7186E+04  .1464E+05   .9999920  .0006268  .0039500
T  264  2 .5391528E+07   1000002E+01 -.4777E+04  .5040E+04   .9999993 -.0006756  .0010016
T  265  2 .5383540E+07   1000002E+01 -.8542E+04  .7570E+04   .9999932 -.0033226  .0015950
T  266  2 .5391032E+07   1000001E+01 -.4229E+04  .1680E+03   .9999993 -.0009227 -.0007493
T  267  2 .5394979E+07   1000001E+01  .1576E+03  .1075E+05   .9999947  .0014154  .0029373
T  268  2 .5399406E+07   1000000E+01 -.2555E+04 -.2883E+04   .9999977 -.0003851 -.0021081
T  269  2 .5385119E+07   1000000E+01 -.3984E+04 -.2777E+04   .9999991 -.0008684 -.0010381
T  270  2 .5391441E+07   1000001E+01  .1943E+05  .3895E+04   .9999929  .0036595  .0008898
T  271  2 .5389066E+07   1000002E+01  .1153E+05 -.5196E+04   .9999955  .0016546 -.0025101
T  272  2 .5385406E+07   1000002E+01  .8740E+04 -.1078E+05   .9999952  .0010998 -.0029099
T  273  2 .5392106E+07   1000002E+01  .5681E+04  .2604E+03   .9999991  .0013216 -.0003330
T  274  2 .5395027E+07   1000000E+01 -.1112E+05  .8432E+04   .9999877 -.0045866  .0018780
T  275  2 .5384641E+07   1000000E+01  .5055E+04 -.3103E+04   .9999989  .0015125 -.0000206
T  276  2 .5387010E+07   1000002E+01 -.4486E+03 -.1544E+04   .9999974 -.0022886  .0001558
T  277  2 .5388558E+07   1000002E+01 -.1356E+05  .1652E+05   .9999905 -.0015524  .0040782
T  278  2 .5394273E+07   1000001E+01 -.4069E+04 -.3465E+04   .9999938 -.0011991 -.0033075
T  279  2 .5398595E+07   1000002E+01 -.5221E+03  .3965E+04   .9999991  .0012314  .0005676
T  280  2 .5391081E+07   1000002E+01 -.3527E+04 -.1341E+04   .9999967  .0004898 -.0025048
T  281  2 .5404703E+07   1000000E+01 -.1285E+05 -.1800E+04   .9999992  .0000673 -.0012614
T  282  2 .5385872E+07   1000001E+01  .2407E+04 -.3205E+04   .9999961  .0017987 -.0021544
T  283  2 .5397497E+07   1000002E+01  .1444E+04  .6724E+04   .9999959  .0007662  .0027615
T  284  2 .5394233E+07   1000001E+01 -.6607E+04  .5790E+01   .9999940 -.0034713 -.0001228
T  285  2 .5393831E+07   1000001E+01  .1702E+05  .3722E+04   .9999945  .0031952  .0008926
T  286  2 .5392633E+07   1000001E+01  .2684E+04  .3062E+03   .9999988  .0015528 -.0001084
T  287  2 .5395794E+07   1000003E+01  .1170E+05 -.7520E+04   .9999972  .0016340 -.0017389
T  288  2 .5400399E+07   1000000E+01 -.6973E+04  .4231E+02   .9999963 -.0026897 -.0003598
T  289  2 .5388859E+07   1000001E+01  .2344E+04 -.4349E+04   .9999990  .0004833 -.0013082
T  290  2 .5383461E+07   1000002E+01  .4035E+05 -.9511E+04   .9999791  .0061599 -.0019770
T  291  2 .5395295E+07   1000003E+01 -.3594E+04 -.1164E+05   .9999650 -.0051397 -.0065989
T  292  2 .5385672E+07   1000001E+01  .4883E+04  .1160E+05   .9999937  .0017719  .0030716
T  293  2 .5399247E+07   1000000E+01  .2550E+04  .4747E+04   .9999998  .0001779  .0006161
T  294  2 .5397332E+07   1000001E+01 -.1366E+04 -.4064E+04   .9999991 -.0007575 -.0010822
T  295  2 .5394609E+07   1000003E+01 -.2163E+04  .1125E+04   .9999959 -.0019130  .0021420
T  296  2 .5404141E+07   1000002E+01 -.6021E+03  .5381E+03   .9999999  .0002636  .0003372
T  297  2 .5393118E+07   1000000E+01 -.2973E+04 -.4319E+04   .9999934 -.0024201 -.0027084
T  298  2 .5381031E+07   1000003E+01 -.1364E+04 -.3866E+02   .9999976 -.0021367  .0005207
T  299  2 .5390030E+07   1000001E+01  .2747E+04 -.4955E+04   .9999955  .0021253 -.0020977
T  300  2 .5404075E+07   1000002E+01 -.1932E+04 -.8836E+03   .9999999 -.0005157  .0000045
T  301  2 .5390764E+07   1000001E+01 -.5650E+04 -.1962E+04   .9999981 -.0007788  .0017632
T  302  2 .5379928E+07   1000001E+01 -.5840E+04 -.2470E+04   .9999988 -.0014214  .0006004
T  303  2 .5396714E+07   1000002E+01  .8256E+04  .3332E+04   .9999957  .0029044  .0002757
T  304  2 .5397504E+07   1000002E+01  .1100E+05  .8952E+04   .9999995  .0005201  .0008762
T  305  2 .5391448E+07   1000002E+01 -.1791E+05 -.3102E+05   .9999765 -.0056206 -.0039376
T  306  2 .5393621E+07   1000002E+01  .2950E+05 -.1111E+05   .9999932  .0030688 -.0020306
T  307  2 .5391544E+07   1000001E+01 -.1048E+05  .1731E+04   .9999951 -.0030993  .0004064
T  308  2 .5390097E+07   1000002E+01  .6565E+02 -.8851E+04   .9999992 -.0006412 -.0010602
T  309  2 .5391201E+07   1000002E+01  .6978E+04  .1967E+04   .9999992  .0012002 -.0002627
T  310  2 .5394500E+07   1000001E+01  .1593E+05 -.6365E+04   .9999927  .0038127  .0001236
T  311  2 .5391140E+07   1000001E+01  .5613E+05  .6889E+05   .9998436  .0101123  .0145100
T  312  2 .5394577E+07   1000001E+01  .4234E+05 -.4182E+03   .9999198  .0124645 -.0022630
T  313  2 .5395882E+07   1000001E+01  .1945E+04  .8675E+03   .9999976  .0021710 -.0001305
T  314  2 .5397749E+07   1000001E+01 -.5382E+04 -.5139E+04   .9999984  .0004021 -.0017158
T  315  2 .5395703E+07   1000000E+01 -.4369E+04  .1666E+04   .9999974 -.0020837  .0009201
T  316  2 .5391669E+07   1000002E+01 -.3974E+04 -.1910E+04   .9999982 -.0014960 -.0011241
T  317  2 .5403628E+07   1000002E+01  .2044E+04  .6355E+03   .9999997  .0002152 -.0007564
T  318  2 .5396390E+07   1000002E+01  .2345E+05  .1103E+05   .9999841  .0047967  .0029783
T  319  2 .5381665E+07   1000001E+01 -.2134E+04  .1836E+04   .9999982 -.0017880  .0006106
T  320  2 .5394287E+07   1000002E+01 -.1810E+04  .1649E+04   .9999986 -.0015806  .0005860
T  321  2 .5391292E+07   1000002E+01 -.2050E+04 -.1105E+05   .9999969 -.0024319  .0004506
T  322  2 .5389403E+07   1000002E+01  .8022E+04 -.2525E+04   .9999975  .0016303 -.0015474
T  323  2 .5381112E+07   1000001E+01  .9789E+04 -.1744E+04   .9999916  .0040980  .0003064
T  324  2 .5385185E+07   1000003E+01 -.7573E+04 -.2761E+04   .9999988 -.0006206 -.0013879
T  325  2 .5400263E+07   1000002E+01 -.1924E+04  .2363E+04   .9999966 -.0017309  .0019404
T  326  2 .5396779E+07   1000002E+01  .3670E+04 -.5377E+04   .9999909  .0022713 -.0036234
T  327  2 .5388690E+07   1000003E+01 -.2075E+05 -.1141E+04   .9999493 -.0095890 -.0030834
T  328  2 .5405530E+07   1000002E+01  .9002E+04 -.2838E+04   .9999972  .0022364  .0008122
T  329  2 .5382552E+07   1000003E+01  .6396E+04 -.3642E+04   .9999999 -.0000317  .0001377
T  330  2 .5401089E+07   1000001E+01  .4183E+05 -.4660E+05   .9999465  .0075929 -.0070288
T  331  2 .5390953E+07   1000002E+01 -.1801E+04 -.5823E+04   .9999965 -.0009951 -.0024692
T  332  2 .5394469E+07   1000001E+01  .3009E+04 -.2125E+04   .9999989  .0014415  .0002487
T  333  2 .5388011E+07   1000002E+01  .1245E+05  .1958E+04   .9999596  .0089432  .0008816
T  334  2 .5386680E+07   1000001E+01  .8894E+04 -.3389E+04   .9999957  .0027976 -.0008544
T  335  2 .5396700E+07   1000002E+01  .1440E+05  .6794E+04   .9999967  .0022575  .0011907
T  336  2 .5390661E+07   1000002E+01 -.1197E+04  .8245E+04   .9999987  .0003825  .0015941
T  337  2 .5391396E+07   1000001E+01  .2933E+04  .1508E+05   .9999941 -.0004857  .0033950
T  338  2 .5387560E+07   1000000E+01  .1961E+05 -.1227E+03   .9999944  .0032628 -.0007693
T  339  2 .5390816E+07   1000002E+01 -.1238E+04  .1764E+04   .9999986 -.0009539  .0013754
T  340  2 .5396245E+07   1000002E+01  .5496E+04  .2697E+04   .9999948  .0029526  .0012857
T  341  2 .5390747E+07   1000001E+01  .3587E+04 -.3076E+04   .9999995  .0003621 -.0009214
T  342  2 .5390898E+07   1000002E+01  .4699E+04  .6558E+04   .9999990  .0007946  .0011748
T  343  2 .5393896E+07   1000001E+01 -.3652E+04  .1996E+05   .9999923  .0005211  .0038849
T  344  2 .5381563E+07   1000002E+01 -.3843E+04  .5757E+03   .9999998 -.0005037 -.0003184
T  345  2 .5384985E+07   1000001E+01 -.8311E+04 -.1411E+05   .9999962 -.0014129 -.0023807
T  346  2 .5376960E+07   1000003E+01  .5354E+03  .8446E+04   .9999985  .0013060  .0011509
T  347  2 .5387068E+07   1000002E+01  .9605E+03  .5041E+04   .9999971 -.0009603  .0021880
T  348  2 .5389949E+07   1000002E+01 -.5376E+04  .1893E+04   .9999986 -.0015841 -.0005131
T  349  2 .5390665E+07   1000001E+01  .2655E+04 -.1617E+05   .9999978  .0008930 -.0019095
T  350  2 .5385370E+07   1000003E+01  .1045E+04  .2633E+04   .9999968  .0009605  .0023551
T  351  2 .5395189E+07   1000002E+01 -.1166E+05  .8131E+04   .9999255 -.0121592  .0011088
T  352  2 .5384579E+07   1000000E+01  .4683E+04 -.7904E+04   .9999850  .0033652 -.0043176
T  353  2 .5384761E+07   1000002E+01  .1823E+04 -.2239E+04   .9999987 -.0015851 -.0000133
T  354  2 .5388668E+07   1000002E+01  .1014E+05  .5947E+04   .9999979  .0017843  .0009574
T  355  2 .5388852E+07   1000001E+01  .2494E+05  .4162E+04   .9999894  .0038639  .0025097
T  356  2 .5391377E+07   1000001E+01 -.2409E+04 -.3665E+03   .9999999 -.0001556 -.0003498
T  357  2 .5401735E+07   1000002E+01  .3503E+04  .2072E+03   .9999997  .0004206  .0006218
T  358  2 .5401375E+07   1000003E+01  .1235E+05  .4230E+05   .9999868  .0023778  .0045473
T  359  2 .5405161E+07   1000002E+01  .3184E+04 -.3651E+04   .9999971  .0016751 -.0017052
T  360  2 .5385880E+07   1000001E+01 -.6244E+04  .1413E+04   .9999967 -.0025638 -.0001599
T  361  2 .5391988E+07   1000003E+01 -.2070E+05 -.1298E+05   .9999868 -.0045037 -.0024933
T  362  2 .5394714E+07   1000000E+01  .2655E+04 -.3669E+04   .9999992 -.0006260 -.0011126
T  363  2 .5392052E+07   1000002E+01 -.4015E+04  .5388E+04   .9999989  .0006017 -.0013685
T  364  2 .5386348E+07   1000003E+01  .2851E+05 -.8850E+04   .9999856  .0053090 -.0007348
T  365  2 .5394923E+07   1000001E+01  .2107E+04  .6660E+04   .9999958  .0013043  .0026064
T  366  2 .5391928E+07   1000001E+01  .6849E+04  .7529E+04   .9999948  .0030099  .0011992
T  367  2 .5385876E+07   1000003E+01  .6458E+04  .5229E+04   .9999999  .0002444  .0003907
T  368  2 .5400698E+07   1000002E+01 -.2556E+05 -.5640E+04   .9999919 -.0040315  .0001305
T  369  2 .5388806E+07   1000001E+01 -.2536E+05  .1457E+04   .9999940 -.0034546 -.0001789
T  370  2 .5397801E+07   1000002E+01 -.4903E+04 -.2728E+04   .9999975 -.0019021  .0011890
T  371  2 .5399125E+07   1000001E+01 -.6993E+03  .3756E+04   .9999995 -.0008040 -.0005908
T  372  2 .5389971E+07   1000001E+01  .1956E+05 -.8765E+04   .9999966  .0018488 -.0018412
T  373  2 .5409333E+07   1000002E+01  .4083E+04  .5901E+04   .9999976  .0015942  .0015108
T  374  2 .5399537E+07   1000003E+01  .1425E+04 -.7422E+04   .9999968  .0014970 -.0020534
T  375  2 .5390321E+07   1000002E+01  .7628E+04  .5659E+04   .9999992  .0011989  .0005074
T  376  2 .5402151E+07   1000000E+01  .2929E+04 -.2712E+04   .9999961  .0016364 -.0022761
T  377  2 .5397304E+07   1000002E+01 -.8535E+03 -.6032E+04   .9999967  .0005561 -.0025214
T  378  2 .5394723E+07   1000001E+01 -.3742E+04  .5148E+04   .9999978 -.0020968 -.0001107
T  379  2 .5382812E+07   1000001E+01  .4303E+04  .3643E+04   .9999980  .0016628  .0010954
T  380  2 .5386993E+07   1000002E+01 -.5478E+04  .1015E+05   .9999944 -.0012712  .0030802
T  381  2 .5400678E+07   1000001E+01 -.1743E+05 -.1458E+04   .9999930 -.0037219 -.0004572
T  382  2 .5399695E+07   1000001E+01  .7024E+02 -.1562E+05   .9999895  .0006021 -.0045484
T  383  2 .5382989E+07   1000001E+01  .2601E+05 -.2314E+05   .9999405  .0081021 -.0073100
T  384  2 .5405047E+07   1000000E+01  .1303E+05  .4870E+04   .9999966  .0024159  .0009569
T  385  2 .5395431E+07   1000002E+01 -.5194E+04 -.3697E+04   .9999768 -.0053190 -.0042474
T  386  2 .5396872E+07   1000002E+01  .3903E+04 -.5845E+04   .9999980  .0009667 -.0017374
T  387  2 .5401086E+07   1000001E+01 -.3378E+04 -.8472E+05   .9997644 -.0015589 -.0216486
T  388  2 .5391133E+07   1000001E+01 -.2061E+04 -.1605E+04   .9999972 -.0023233 -.0004302
T  389  2 .5407379E+07   1000001E+01 -.7044E+04 -.1939E+04   .9999997 -.0004266 -.0006910
T  390  2 .5384234E+07   1000001E+01 -.2257E+04  .3629E+04   .9999951 -.0018359  .0025203
T  391  2 .5396704E+07   1000002E+01 -.1288E+05 -.1851E+05   .9999857 -.0020638 -.0049244
T  392  2 .5403533E+07   1000000E+01  .1643E+05  .1083E+05   .9999898  .0038651  .0023573
T  393  2 .5394116E+07   1000001E+01 -.9818E+04  .2032E+04   .9999966 -.0024352 -.0009753
T  394  2 .5394466E+07   1000001E+01  .7216E+04 -.2061E+04   .9999983  .0017965 -.0002912
T  395  2 .5400015E+07   1000002E+01  .1957E+03 -.3730E+04   .9999997  .0007726 -.0002010
T  396  2 .5380350E+07   1000003E+01 -.8909E+03  .4559E+04   .9999994 -.0007676  .0007540
T  397  2 .5385958E+07   1000001E+01 -.3333E+04 -.6792E+04   .9999932 -.0018190 -.0032103
T  398  2 .5397913E+07   1000001E+01 -.6287E+04  .9589E+04   .9999915 -.0016326  .0037817
T  399  2 .5393260E+07   1000000E+01 -.3499E+04 -.1125E+05   .9999961 -.0010091 -.0025860
T  400  2 .5401933E+07   1000001E+01  .1054E+03 -.1369E+04   .9999947 -.0028695 -.0015386
T  401  2 .5400317E+07   1000001E+01 -.3443E+04 -.1419E+04   .9999994  .0001632 -.0010635
T  402  2 .5400796E+07   1000002E+01  .1195E+04 -.1942E+04   .9999998  .0002610 -.0005638
T  403  2 .5394126E+07   1000002E+01  .4958E+04  .8524E+03   .9999999  .0001565  .0001096
T  404  2 .5391051E+07   1000002E+01 -.1668E+04  .3048E+04   .9999888  .0043894 -.0017815
T  405  2 .5395391E+07   1000001E+01 -.9416E+03  .9273E+04   .9999969 -.0002797  .0024588
T  406  2 .5404293E+07   1000002E+01  .1507E+04 -.2051E+05   .9999884 -.0023422 -.0042004
T  407  2 .5380225E+07   1000002E+01 -.5925E+04 -.6628E+04   .9999968 -.0013988 -.0021128
T  408  2 .5406424E+07   1000002E+01 -.1504E+03 -.6546E+04   .9999979 -.0007471 -.0019314
T  409  2 .5398194E+07   1000001E+01 -.2955E+04 -.6945E+04   .9999985  .0010295 -.0013829
T  410  2 .5401023E+07   1000002E+01  .2392E+05  .1256E+04   .9999951  .0029727 -.0009472
T  411  2 .5390378E+07   1000002E+01 -.1352E+05  .9836E+04   .9999801 -.0029607  .0055690
T  412  2 .5386828E+07   1000000E+01  .3125E+04  .5776E+04   .9999984  .0006438  .0016502
T  413  2 .5397251E+07   1000001E+01  .3387E+04 -.4481E+04   .9999946  .0024882 -.0021354
T  414  2 .5395179E+07   1000001E+01  .1306E+05  .4852E+04   .9999952  .0028586  .0012097
T  415  2 .5391807E+07   1000002E+01  .4459E+03 -.1165E+05   .9999975 -.0001456 -.0022248
T  416  2 .5388153E+07   1000000E+01  .3041E+03  .3113E+04   .9999978 -.0004415  .0020294
T  417  2 .5388705E+07   1000001E+01 -.5009E+04 -.5674E+04   .9999990 -.0005789 -.0012525
T  418  2 .5382232E+07   1000002E+01 -.3299E+04  .2515E+03   .9999998  .0005532  .0001364
T  419  2 .5385236E+07   1000003E+01  .1546E+04  .3602E+04   .9999982 -.0011267  .0015393
T  420  2 .5396595E+07   1000001E+01  .9801E+04 -.1339E+05   .9999963  .0018188 -.0020009
T  421  2 .5384697E+07   1000002E+01  .1412E+05  .1290E+05   .9999933  .0030272  .0020465
T  422  2 .5389792E+07   1000001E+01 -.3887E+04 -.1152E+04   .9999981 -.0015909 -.0011153
T  423  2 .5405534E+07   1000003E+01  .9493E+03  .3630E+04   .9999993  .0011874  .0000904
T  424  2 .5397092E+07   1000001E+01 -.4432E+05  .1819E+05   .9998961 -.0131759  .0058398
T  425  2 .5403220E+07   1000003E+01  .2450E+04  .2711E+04   .9999982  .0018626 -.0003182
T  426  2 .5394161E+07   1000002E+01  .5428E+04  .6856E+04   .9999979  .0018690  .0008455
T  427  2 .5384507E+07   1000001E+01 -.2051E+04 -.2690E+04   .9999992  .0004176 -.0011553
T  428  2 .5400153E+07   1000001E+01 -.9746E+03  .2653E+03   .9999996 -.0008863  .0001498
T  429  2 .5386268E+07   1000002E+01 -.3103E+04  .8024E+04   .9999985 -.0010623  .0013666
T  430  2 .5387542E+07   1000001E+01  .7750E+04 -.3096E+04   .9999971  .0018637 -.0015550
T  431  2 .5396342E+07   1000001E+01 -.1344E+05  .2646E+04   .9999919 -.0034930 -.0020080
T  432  2 .5401706E+07   1000002E+01  .1101E+05 -.9346E+04   .9999847  .0050110 -.0023601
T  433  2 .5393984E+07   1000001E+01 -.6392E+04 -.7886E+04   .9999928 -.0020809 -.0031820
T  434  2 .5399330E+07   1000002E+01 -.5160E+04  .4354E+04   .9999977 -.0005742  .0020834
T  435  2 .5383390E+07   1000000E+01 -.3478E+04  .4005E+03   .9999982 -.0018364  .0003592
T  436  2 .5382231E+07   1000000E+01 -.1917E+05  .2874E+04   .9999917 -.0035550  .0019662
T  437  2 .5390455E+07   1000002E+01  .4660E+04 -.1117E+04   .9999996  .0008218  .0003336
T  438  2 .5400608E+07   1000001E+01  .5862E+04 -.4892E+03   .9999986  .0011252 -.0012546
T  439  2 .5391965E+07   1000000E+01  .5611E+04 -.6768E+04   .9999975  .0021424 -.0006978
T  440  2 .5401333E+07   1000001E+01  .2370E+05 -.1764E+05   .9999893  .0030491 -.0034728
T  441  2 .5393200E+07   1000001E+01  .1853E+05 -.1547E+05   .9999931  .0023873 -.0028370
T  442  2 .5386208E+07   1000002E+01 -.2518E+04 -.1337E+04   .9999974 -.0020357 -.0010427
T  443  2 .5389069E+07   1000003E+01  .1205E+05 -.3906E+05   .9999910  .0011898 -.0040656
T  444  2 .5400575E+07   1000002E+01 -.5303E+04  .1985E+04   .9999925 -.0030317  .0023969
T  445  2 .5395087E+07   1000001E+01  .6675E+04 -.2370E+04   .9999986  .0016552  .0003657
T  446  2 .5391389E+07   1000000E+01 -.8460E+04 -.1168E+05   .9999971 -.0009739 -.0022051
T  447  2 .5386741E+07   1000001E+01 -.5904E+04  .1776E+02   .9999988 -.0007438 -.0013217
T  448  2 .5389569E+07   1000000E+01 -.5459E+04 -.3798E+04   .9999962 -.0023678 -.0014029
T  449  2 .5395114E+07   1000001E+01  .1069E+05  .7304E+04   .9999970  .0008524  .0023031
T  450  2 .5387816E+07   1000001E+01 -.3866E+04  .9965E+04   .9999974 -.0018168  .0013912
T  451  2 .5402613E+07   1000001E+01 -.1000E+04 -.2495E+04   .9999998 -.0005591 -.0003059
T  452  2 .5401775E+07   1000001E+01 -.2086E+04 -.3852E+04   .9999977 -.0005948 -.0020453
T  453  2 .5397003E+07   1000002E+01 -.8155E+04  .1187E+05   .9999984  .0017978 -.0000027
T  454  2 .5395668E+07   1000002E+01 -.4668E+04  .1208E+03   .9999963 -.0026694  .0004797
T  455  2 .5394252E+07   1000003E+01  .1080E+05 -.7149E+04   .9999905  .0030034  .0031545
T  456  2 .5392120E+07   1000001E+01  .4785E+04 -.4644E+04   .9999876  .0036383 -.0033972
T  457  2 .5396900E+07   1000002E+01  .7812E+02  .2687E+04   .9999987  .0003314  .0015871
T  458  2 .5396784E+07   1000001E+01  .7077E+04  .1512E+05   .9999991 -.0009951  .0009512
T  459  2 .5396537E+07   1000000E+01  .1363E+04 -.1488E+04   .9999750  .0003598 -.0070626
T  460  2 .5397401E+07   1000001E+01 -.3340E+04  .4808E+04   .9999991 -.0007127  .0011673
T  461  2 .5379461E+07   1000001E+01  .1788E+04 -.5102E+04   .9999990 -.0000171 -.0014061
T  462  2 .5385745E+07   1000002E+01  .3689E+04 -.5175E+04   .9999935  .0022055 -.0028351
T  463  2 .5389679E+07   1000003E+01 -.1107E+05  .1961E+05   .9999891 -.0020541  .0041823
T  464  2 .5392351E+07   1000001E+01  .1922E+04  .7976E+04   .9999989  .0013851  .0004463
T  465  2 .5388433E+07   1000002E+01  .6483E+04 -.2920E+04   .9999962  .0027052 -.0005156
T  466  2 .5387187E+07   1000002E+01  .2698E+04  .3373E+03   .9999988  .0014027  .0006204
T  467  2 .5391621E+07   1000001E+01  .1283E+05 -.9245E+04   .9999872 -.0001545 -.0050540
T  468  2 .5389902E+07   1000001E+01 -.1905E+05  .3343E+05   .9999681 -.0038797  .0069774
T  469  2 .5393921E+07   1000000E+01 -.4982E+04  .4566E+04   .9999997 -.0003090  .0006378
T  470  2 .5382614E+07   1000002E+01 -.1354E+05  .6066E+04   .9999937 -.0035434  .0002116
T  471  2 .5381810E+07   1000000E+01  .4963E+04  .3418E+04   .9999990  .0014201  .0002529
T  472  2 .5383321E+07   1000002E+01 -.1268E+05  .2900E+04   .9999857 -.0051510  .0014064
T  473  2 .5384295E+07   1000002E+01  .4932E+04  .5467E+03   .9999978  .0020855  .0002316
T  474  2 .5390770E+07   1000002E+01  .1524E+04  .3608E+04   .9999998 -.0000257  .0005542
T  475  2 .5400509E+07   1000001E+01 -.1459E+05  .3470E+04   .9999876 -.0047676  .0014471
T  476  2 .5379686E+07   1000001E+01 -.1391E+04 -.3240E+04   .9999994  .0003278 -.0010638
T  477  2 .5387169E+07   1000001E+01  .1013E+05 -.9038E+03   .9999964  .0026791 -.0002323
T  478  2 .5395329E+07   1000000E+01 -.3795E+04  .1738E+04   .9999998 -.0006114  .0003031
T  479  2 .5394622E+07   1000003E+01  .4253E+04  .6254E+04   .9999998 -.0005865 -.0001759
T  480  2 .5390334E+07   1000000E+01  .2875E+04 -.1688E+04   .9999982 -.0018014 -.0006545
T  481  2 .5380068E+07   1000001E+01 -.9423E+04  .8241E+04   .9999973 -.0017514  .0015442
T  482  2 .5395732E+07   1000002E+01  .1272E+04 -.3101E+02   .9999990 -.0001915  .0013842
T  483  2 .5399101E+07   1000000E+01 -.1936E+04 -.1870E+04   .9999983 -.0014864 -.0010939
T  484  2 .5400037E+07   1000000E+01 -.5113E+03 -.1710E+05   .9999905 -.0007380 -.0042999
T  485  2 .5385766E+07   1000001E+01 -.1780E+05 -.1171E+05   .9999811 -.0019483 -.0058330
T  486  2 .5393266E+07   1000001E+01 -.6402E+04  .3988E+04   .9999999  .0005307  .0001162
T  487  2 .5384227E+07   1000002E+01  .8047E+04  .4025E+04   .9999976  .0009634  .0019547
T  488  2 .5385018E+07   1000002E+01 -.4928E+04 -.4299E+04   .9999930 -.0027033 -.0025893
T  489  2 .5400442E+07   1000002E+01 -.2580E+04  .9070E+04   .9999961 -.0006524  .0027074
T  490  2 .5395123E+07   1000001E+01  .7198E+04 -.8408E+04   .9999870  .0039202 -.0032606
T  491  2 .5391337E+07   1000002E+01  .1671E+04  .1546E+05   .9999965 -.0011180  .0023970
T  492  2 .5395413E+07   1000001E+01  .3910E+04  .1191E+05   .9999967  .0012664  .0022470
T  493  2 .5389205E+07   1000001E+01 -.6313E+04  .5818E+04   .9999964 -.0018163  .0019573
T  494  2 .5399164E+07   1000002E+01 -.1430E+05  .3362E+04   .9999964 -.0025734  .0007271
T  495  2 .5393819E+07   1000002E+01  .3949E+04  .3918E+04   .9999990  .0011790  .0007910
T  496  2 .5400930E+07   1000000E+01  .5412E+04 -.2478E+04   .9999904  .0017058 -.0040306
T  497  2 .5398785E+07   1000002E+01  .1295E+04 -.4598E+04   .9999969  .0007965 -.0023536
T  498  2 .5394272E+07   1000002E+01 -.1910E+05  .5930E+04   .9999951 -.0017800  .0025756
T  499  2 .5399385E+07   1000002E+01 -.1647E+04  .2199E+04   .9999986 -.0015038  .0007330
T  500  2 .5404571E+07   1000001E+01  .3708E+04 -.2117E+04   .9999998  .0005426 -.0001960
T  501  2 .5403741E+07   1000001E+01 -.2214E+04 -.4797E+04   .9999943  .0021104 -.0026360
T  502  2 .5398171E+07   1000002E+01 -.6981E+03 -.1980E+04   .9999999  .0002655  .0004490
T  503  2 .5395456E+07   1000000E+01 -.1758E+04 -.3081E+04   .9999960  .0001619 -.0028356
T  504  2 .5394506E+07   1000000E+01  .4889E+04  .6887E+05   .9998249  .0014015  .0186594
T  505  2 .5394659E+07   1000001E+01 -.1770E+04  .1788E+04   .9999978 -.0014268  .0015114
T  506  2 .5400451E+07   1000003E+01  .7360E+02 -.2649E+04   .9999996 -.0000845 -.0008609
T  507  2 .5392185E+07   1000001E+01 -.1033E+05  .2401E+05   .9999716 -.0029349  .0069485
T  508  2 .5398247E+07   1000002E+01 -.5450E+04 -.2578E+04   .9999953 -.0028170 -.0011717
T  509  2 .5389016E+07   1000002E+01  .4122E+03 -.3807E+04   .9999988  .0015295  .0001658
T  510  2 .5382472E+07   1000000E+01  .5024E+03  .3427E+04   .9999992  .0000446  .0012819
T  511  2 .5396408E+07   1000002E+01 -.3003E+04  .1802E+03   .9999988 -.0015004  .0003229
T  512  2 .5397651E+07   1000001E+01  .2706E+05  .4054E+04   .9999787  .0064008 -.0012533
T  513  2 .5397041E+07   1000001E+01  .3089E+05  .6711E+04   .9999855  .0052344  .0013006
T  514  2 .5395149E+07   1000002E+01 -.1973E+04 -.1802E+05   .9999916  .0012666 -.0039006
T  515  2 .5395799E+07   1000003E+01  .7795E+04  .7174E+01   .9999974  .0022890 -.0001950
T  516  2 .5386054E+07   1000000E+01 -.6024E+04 -.8045E+04   .9999969  .0009225 -.0023231
T  517  2 .5400871E+07   1000002E+01  .1189E+04  .6247E+04   .9999996  .0007534  .0005387
T  518  2 .5392337E+07   1000001E+01  .1770E+04 -.5503E+03   .9999990  .0013889  .0003115
T  519  2 .5395210E+07   1000000E+01  .2549E+04  .7031E+04   .9999990  .0002638  .0013842
T  520  2 .5383231E+07   1000003E+01  .4681E+03  .4406E+04   .9999937  .0033603  .0011058
T  521  2 .5378233E+07   1000001E+01  .4706E+04  .1016E+04   .9999983  .0016879  .0007331
T  522  2 .5403170E+07   1000002E+01  .5720E+03 -.1016E+05   .9999981  .0000646 -.0019447
T  523  2 .5402992E+07   1000002E+01 -.1042E+05 -.3252E+04   .9999973 -.0014159 -.0018594
T  524  2 .5388463E+07   1000000E+01  .1606E+03  .5135E+04   .9999998  .0005675  .0001628
T  525  2 .5401230E+07   1000002E+01 -.3218E+04  .4265E+04   .9999919 -.0040213  .0001943
T  526  2 .5390805E+07   1000002E+01 -.2031E+05  .6232E+04   .9999913 -.0039210  .0014406
T  527  2 .5385803E+07   1000002E+01 -.1254E+05 -.9170E+03   .9999950 -.0031511 -.0001727
T  528  2 .5391306E+07   1000002E+01 -.1078E+05 -.2798E+04   .9999957 -.0029233 -.0001660
T  529  2 .5400344E+07   1000001E+01  .3064E+04 -.4868E+04   .9999959  .0011446 -.0026225
T  530  2 .5395328E+07   1000001E+01  .6895E+04  .6723E+04   .9999934  .0025361  .0026051
T  531  2 .5388064E+07   1000002E+01  .3480E+05  .2453E+05   .9999791  .0048555  .0042777
T  532  2 .5384849E+07   1000001E+01  .5661E+02 -.6435E+04   .9999989 -.0009432 -.0011563
T  533  2 .5381333E+07   1000001E+01  .3773E+04  .7398E+04   .9999953  .0012662  .0027821
T  534  2 .5396955E+07   1000002E+01  .4206E+04  .8352E+04   .9999936  .0021366  .0028746
T  535  2 .5387023E+07   1000002E+01  .5094E+04 -.4079E+04   .9999953  .0027429 -.0013627
T  536  2 .5395038E+07   1000001E+01  .1105E+05 -.4547E+04   .9999880  .0047265 -.0012715
T  537  2 .5393180E+07   1000000E+01 -.3427E+04  .2255E+04   .9999999  .0001241  .0002007
T  538  2 .5398694E+07   1000003E+01  .4446E+04  .1016E+05   .9999946  .0018520  .0027228
T  539  2 .5394688E+07   1000000E+01 -.3191E+04  .1109E+05   .9999805  .0011254  .0061390
T  540  2 .5390634E+07   1000002E+01  .1483E+04  .5125E+04   .9999995 -.0004135  .0008959
T  541  2 .5381659E+07   1000002E+01 -.6200E+04  .1176E+05   .9999857 -.0024132  .0047636
T  542  2 .5384137E+07   1000002E+01 -.8478E+04 -.4604E+04   .9999999 -.0000597 -.0003043
T  543  2 .5386103E+07   1000003E+01  .2465E+04  .1271E+04   .9999990  .0011913  .0007437
T  544  2 .5390820E+07   1000001E+01 -.3910E+03 -.6238E+04   .9999992 -.0000046 -.0012906
T  545  2 .5410342E+07   1000002E+01  .8802E+04  .5832E+04   .9999987  .0013915  .0007796
T  546  2 .5387539E+07   1000002E+01 -.2239E+04  .1825E+04   .9999999 -.0002992  .0004173
T  547  2 .5389712E+07   1000002E+01  .2558E+04  .2194E+03   .9999997  .0008024  .0001676
T  548  2 .5385249E+07   1000003E+01 -.1143E+05 -.2900E+05   .9999822 -.0031835 -.0050375
T  549  2 .5394752E+07   1000001E+01 -.1820E+05 -.6592E+04   .9999873 -.0047927 -.0015695
T  550  2 .5393818E+07   1000000E+01  .6399E+04  .1459E+04   .9999948  .0031433  .0007784
T  551  2 .5393504E+07   1000002E+01  .4135E+04 -.5408E+04   .9999972  .0002298 -.0023680
T  552  2 .5385530E+07   1000001E+01 -.7886E+04  .3713E+04   .9999995 -.0008957  .0004803
T  553  2 .5398778E+07   1000001E+01  .2576E+04 -.3102E+04   .9999987 -.0009835 -.0013085
T  554  2 .5383361E+07   1000001E+01 -.3325E+04 -.7415E+04   .9999984 -.0009625 -.0015096
T  555  2 .5397617E+07   1000001E+01 -.7625E+04  .8942E+03   .9999948 -.0022698 -.0022865
T  556  2 .5390181E+07   1000002E+01  .2390E+04  .2937E+03   .9999993  .0010883  .0003516
T  557  2 .5384609E+07   1000002E+01  .1479E+05  .1221E+06   .9993819  .0052293  .0347625
T  558  2 .5382928E+07   1000002E+01 -.3582E+04  .1110E+05   .9999917 -.0020815  .0034907
T  559  2 .5384296E+07   1000002E+01  .1267E+05 -.8398E+04   .9999974  .0021130 -.0008578
T  560  2 .5397304E+07   1000000E+01 -.1289E+05 -.8171E+04   .9999947 -.0029358 -.0014126
T  561  2 .5381765E+07   1000002E+01 -.7776E+04 -.1096E+05   .9999972  .0014758 -.0018240
T  562  2 .5396908E+07   1000001E+01  .1005E+05 -.6161E+04   .9999970  .0023651 -.0005694
T  563  2 .5389916E+07   1000000E+01 -.1236E+05  .4825E+04   .9999876 -.0044699  .0021737
T  564  2 .5388742E+07   1000002E+01 -.5535E+04 -.4768E+04   .9999941 -.0028428 -.0019396
T  565  2 .5404240E+07   1000001E+01 -.1819E+04  .3354E+04   .9999980 -.0005423  .0019499
T  566  2 .5390546E+07   1000002E+01  .2105E+04  .5751E+04   .9999989  .0007579  .0012586
T  567  2 .5390983E+07   1000002E+01  .6122E+04  .1997E+04   .9999958  .0017684 -.0022909
T  568  2 .5400345E+07   1000002E+01  .9410E+04 -.1008E+05   .9999915  .0038252 -.0015203
T  569  2 .5392785E+07   1000001E+01 -.8049E+04 -.2814E+04   .9999855 -.0051774 -.0014849
T  570  2 .5403665E+07   1000002E+01  .7250E+04 -.1921E+04   .9999997  .0006107  .0003972
T  571  2 .5382548E+07   1000002E+01  .1110E+04  .1311E+05   .9999957 -.0011577  .0026815
T  572  2 .5387791E+07   1000001E+01  .3865E+04 -.2976E+04   .9999974  .0017908 -.0014230
T  573  2 .5398824E+07   1000002E+01 -.2940E+05  .2197E+05   .9999890 -.0044366  .0014916
T  574  2 .5385603E+07   1000001E+01  .1715E+04 -.1357E+05   .9999991 -.0008661 -.0010151
T  575  2 .5394004E+07   1000001E+01  .1324E+04 -.4366E+04   .9999990  .0003445 -.0013825
T  576  2 .5391763E+07   1000002E+01  .2134E+04 -.5705E+03   .9999989 -.0000267 -.0015088
T  577  2 .5392822E+07   1000001E+01  .2319E+04 -.2881E+03   .9999993  .0011963  .0001540
T  578  2 .5384523E+07   1000001E+01 -.1017E+05 -.7071E+04   .9999975 -.0020693 -.0008037
T  579  2 .5386854E+07   1000001E+01 -.8353E+04 -.5310E+05   .9999748 -.0013600 -.0069609
T  580  2 .5387508E+07   1000002E+01  .1559E+04 -.1081E+05   .9999880  .0047355  .0012149
T  581  2 .5387216E+07   1000002E+01 -.2738E+04 -.3302E+04   .9999985 -.0010317 -.0013954
T  582  2 .5387395E+07   1000001E+01  .6392E+04  .2085E+04   .9999999  .0003418 -.0000339
T  583  2 .5384271E+07   1000001E+01  .5277E+04  .6088E+04   .9999874  .0045139 -.0022159
T  584  2 .5392908E+07   1000002E+01  .6937E+04  .3261E+04   .9999982  .0010951 -.0015347
T  585  2 .5400710E+07   1000001E+01  .5430E+03 -.1349E+05   .9999962  .0006333 -.0026775
T  586  2 .5394693E+07   1000000E+01 -.1076E+05 -.7254E+04   .9999967 -.0008027 -.0024326
T  587  2 .5394624E+07   1000002E+01  .2444E+03 -.9952E+04   .9999992  .0002763 -.0012400
T  588  2 .5404732E+07   1000000E+01 -.7078E+04 -.1311E+05   .9999968 -.0015422 -.0019903
T  589  2 .5392512E+07   1000001E+01 -.1627E+05  .1839E+04   .9999971 -.0022981 -.0006715
T  590  2 .5395839E+07   1000001E+01 -.3030E+03 -.6780E+04   .9999909  .0006746 -.0042043
T  591  2 .5384797E+07   1000002E+01 -.2784E+03 -.6383E+04   .9999929 -.0005999 -.0037186
T  592  2 .5401923E+07   1000000E+01  .1540E+03 -.4813E+04   .9999983  .0000795 -.0018462
T  593  2 .5381926E+07   1000001E+01  .3200E+04 -.2361E+04   .9999989 -.0002579 -.0014764
T  594  2 .5389376E+07   1000002E+01 -.5320E+04  .5804E+04   .9999958 -.0012886  .0025881
T  595  2 .5401045E+07   1000002E+01 -.8684E+03  .3518E+04   .9999989 -.0001536  .0014645
T  596  2 .5393226E+07   1000002E+01 -.3756E+05  .2844E+05   .9999079 -.0110056  .0079364
T  597  2 .5388755E+07   1000002E+01  .2884E+04 -.1419E+05   .9999999  .0000645 -.0004157
T  598  2 .5396453E+07   1000001E+01 -.5220E+04  .2124E+04   .9999998  .0004578  .0003188
T  599  2 .5395165E+07   1000002E+01 -.2944E+03 -.9904E+04   .9999880 -.0000314 -.0049081
T  600  2 .5385189E+07   1000002E+01 -.2391E+04 -.3035E+04   .9999972 -.0015391 -.0017834
T  601  2 .5401318E+07   1000003E+01  .3922E+04  .3182E+04   .9999955  .0007005  .0029251
T  602  2 .5387541E+07   1000001E+01  .1216E+05  .7362E+04   .9999782  .0047522  .0045738
T  603  2 .5391047E+07   1000001E+01 -.4994E+04 -.3627E+04   .9999971 -.0019690 -.0013887
T  604  2 .5388467E+07   1000001E+01 -.1208E+05  .2945E+05   .9999627 -.0015009  .0085044
T  605  2 .5385716E+07   1000001E+01 -.2944E+04 -.4004E+04   .9999976 -.0021529  .0004424
T  606  2 .5385621E+07   1000001E+01 -.1027E+04  .6866E+04   .9999981  .0010848  .0016211
T  607  2 .5391383E+07   1000000E+01  .3535E+03  .6068E+04   .9999969 -.0006961  .0023844
T  608  2 .5374380E+07   1000001E+01 -.5571E+04 -.6833E+04   .9999991 -.0013078 -.0002585
T  609  2 .5390182E+07   1000001E+01 -.3650E+05 -.1634E+05   .9999198 -.0103495 -.0072999
T  610  2 .5398984E+07   1000000E+01 -.1193E+04  .1708E+04   .9999993 -.0006290  .0010103
T  611  2 .5402512E+07   1000002E+01  .7758E+04  .1706E+05   .9999137 -.0037464  .0125936
T  612  2 .5384382E+07   1000001E+01  .6377E+04 -.6567E+04   .9999942  .0023687 -.0024608
T  613  2 .5396514E+07   1000003E+01 -.1199E+04  .5834E+04   .9999990  .0013820 -.0000574
T  614  2 .5396491E+07   1000001E+01 -.6260E+03  .2003E+04   .9999916 -.0029823 -.0028272
T  615  2 .5388127E+07   1000000E+01 -.8407E+04 -.7608E+04   .9999965 -.0007623 -.0025411
T  616  2 .5389062E+07   1000001E+01 -.1471E+04 -.6019E+04   .9999934 -.0017756 -.0031798
T  617  2 .5390262E+07   1000001E+01 -.1498E+04  .3969E+04   .9999970 -.0007697  .0023300
T  618  2 .5382947E+07   1000002E+01  .1421E+04  .1705E+04   .9999977  .0006190  .0020329
T  619  2 .5390951E+07   1000002E+01  .1010E+05 -.9624E+04   .9999766  .0044982 -.0051497
T  620  2 .5399255E+07   1000000E+01  .8024E+03 -.6692E+04   .9999983  .0012955 -.0012995
T  621  2 .5396742E+07   1000001E+01  .6049E+03  .6949E+04   .9999985 -.0010695  .0013555
T  622  2 .5389416E+07   1000002E+01 -.1334E+04 -.4927E+03   .9999971  .0000681  .0024264
T  623  2 .5393296E+07   1000002E+01  .7601E+03  .1355E+05   .9999863 -.0000816  .0052291
T  624  2 .5392145E+07   1000002E+01 -.3920E+04  .1403E+05   .9999923 -.0018540  .0034572
T  625  2 .5385300E+07   1000002E+01 -.1836E+05 -.3477E+04   .9999752 -.0070054  .0007721
T  626  2 .5385304E+07   1000001E+01 -.3944E+03 -.1951E+04   .9999999 -.0002388  .0001872
T  627  2 .5389885E+07   1000002E+01  .2444E+04  .6525E+04   .9999986  .0015586  .0006726
T  628  2 .5382687E+07   1000002E+01 -.5642E+03  .4972E+04   .9999985  .0001788  .0017479
T  629  2 .5386643E+07   1000002E+01 -.7783E+04  .5932E+03   .9999992  .0003661  .0011793
T  630  2 .5398288E+07   1000002E+01  .1119E+04 -.4952E+04   .9999991 -.0001298 -.0013661
T  631  2 .5391104E+07   1000002E+01  .1333E+04 -.2560E+04   .9999989  .0011193 -.0009990
T  632  2 .5402547E+07   1000001E+01 -.3195E+04 -.4367E+04   .9999999  .0003237  .0001607
T  633  2 .5404585E+07   1000002E+01 -.7346E+04 -.1945E+05   .9999897  .0001341 -.0045313
T  634  2 .5393963E+07   1000001E+01 -.1595E+04  .3909E+03   .9999998 -.0006577 -.0001383
T  635  2 .5394051E+07   1000001E+01 -.4159E+04  .5663E+03   .9999985 -.0011989  .0012534
T  636  2 .5393394E+07   1000001E+01 -.4653E+04  .3224E+04   .9999989  .0002559  .0014462
T  637  2 .5383433E+07   1000000E+01  .1298E+05  .1987E+05   .9999913  .0020903  .0036085
T  638  2 .5383474E+07   1000001E+01 -.7565E+04 -.3793E+05   .9998234 -.0021442 -.0186693
T  639  2 .5395517E+07   1000001E+01 -.5105E+04  .6383E+04   .9999972 -.0020533  .0012058
T  640  2 .5409231E+07   1000000E+01  .6075E+04 -.1069E+04   .9999971  .0023694 -.0004269
T  641  2 .5388823E+07   1000002E+01 -.1762E+05  .2596E+04   .9999878 -.0048365  .0010439
T  642  2 .5400835E+07   1000001E+01 -.2726E+03  .6303E+03   .9999999 -.0000950 -.0002869
T  643  2 .5385524E+07   1000001E+01  .5117E+03 -.8579E+04   .9999961  .0007183  .0026857
T  644  2 .5402277E+07   1000002E+01 -.3819E+04  .5578E+03   .9999976 -.0021862  .0000917
T  645  2 .5388966E+07   1000000E+01  .3858E+04 -.8838E+04   .9999963  .0018806 -.0019766
T  646  2 .5392433E+07   1000002E+01 -.1872E+04  .2848E+04   .9999997 -.0005836  .0004601
T  647  2 .5396530E+07   1000002E+01  .4387E+04 -.1432E+04   .9999996  .0007516  .0005487
T  648  2 .5395131E+07   1000002E+01  .7066E+04  .6431E+03   .9999998  .0001233 -.0006639
T  649  2 .5383014E+07   1000001E+01 -.2721E+05  .6023E+05   .9999445 -.0037020  .0098621
T  650  2 .5385694E+07   1000002E+01  .1584E+05 -.8886E+04   .9999523  .0073785 -.0063982
T  651  2 .5388206E+07   1000002E+01 -.1951E+03 -.1729E+04   .9999988  .0008786 -.0012694
T  652  2 .5392202E+07   1000002E+01  .1118E+05  .9230E+04   .9999941  .0020113  .0027704
T  653  2 .5394810E+07   1000001E+01 -.3872E+05 -.2080E+05   .9988120 -.0411587 -.0260867
T  654  2 .5392694E+07   1000000E+01  .1725E+04 -.3431E+04   .9999995 -.0002617 -.0010077
T  655  2 .5390193E+07   1000001E+01 -.4543E+04 -.4348E+04   .9999986 -.0008200 -.0014784
T  656  2 .5401729E+07   1000000E+01 -.1215E+03  .3161E+04   .9999995  .0009671  .0003789
T  657  2 .5398364E+07   1000001E+01  .3695E+03  .4415E+04   .9999993  .0008621 -.0008563
T  658  2 .5384760E+07   1000002E+01  .7289E+02  .4009E+04   .9999983  .0001627  .0018461
T  659  2 .5389137E+07   1000002E+01  .9630E+04 -.7347E+04   .9999833  .0054864 -.0018222
T  660  2 .5387213E+07   1000000E+01  .4964E+04 -.1329E+05   .9999939  .0005197 -.0034610
T  661  2 .5383474E+07   1000002E+01 -.2088E+05  .1928E+05   .9999916 -.0025327  .0032132
T  662  2 .5391021E+07   1000002E+01 -.6084E+03 -.3821E+04   .9999979 -.0003547 -.0020298
T  663  2 .5407027E+07   1000002E+01  .1175E+05  .2808E+04   .9999953  .0030641  .0002261
T  664  2 .5389333E+07   1000002E+01 -.8962E+04  .1092E+05   .9999907 -.0022299  .0036970
T  665  2 .5393521E+07   1000000E+01 -.2152E+04  .1792E+04   .9999985 -.0005734 -.0016316
T  666  2 .5393254E+07   1000002E+01 -.5019E+03 -.7027E+04   .9999961  .0015464 -.0023352
T  667  2 .5388512E+07   1000001E+01 -.5669E+04  .1646E+05   .9999995 -.0009056  .0004862
T  668  2 .5397475E+07   1000002E+01  .2202E+04 -.3488E+03   .9999962  .0020535  .0018281
T  669  2 .5387941E+07   1000002E+01 -.1941E+05 -.1369E+05   .9999629 -.0068264 -.0052627
T  670  2 .5385777E+07   1000000E+01  .8669E+04 -.2827E+04   .9999912  .0041169 -.0008037
T  671  2 .5389561E+07   1000002E+01 -.4175E+03  .3237E+04   .9999986  .0012653 -.0010758
T  672  2 .5401575E+07   1000002E+01  .1336E+04  .8338E+03   .9999992 -.0004955 -.0012013
T  673  2 .5405720E+07   1000002E+01 -.9080E+04  .3985E+03   .9999981 -.0016347 -.0010221
T  674  2 .5402023E+07   1000002E+01  .1237E+04 -.8096E+04   .9999967  .0011543 -.0022931
T  675  2 .5399050E+07   1000002E+01 -.6933E+04 -.4108E+04   .9999999 -.0001067 -.0000085
T  676  2 .5385594E+07   1000002E+01 -.7230E+03 -.6450E+04   .9999946  .0013769 -.0029810
T  677  2 .5397863E+07   1000001E+01 -.3545E+03  .2588E+04   .9999994  .0004638  .0009617
T  678  2 .5397228E+07   1000000E+01 -.1693E+05  .4908E+04   .9999935 -.0034857 -.0009298
T  679  2 .5393338E+07   1000002E+01 -.2313E+04  .6661E+04   .9999913 -.0001165  .0041653
T  680  2 .5400285E+07   1000001E+01 -.4516E+04 -.7036E+03   .9999986 -.0016370  .0003589
T  681  2 .5392639E+07   1000003E+01 -.1466E+04  .6496E+04   .9999997  .0001619  .0007051
T  682  2 .5395469E+07   1000001E+01 -.2308E+03  .1720E+05   .9999940 -.0004315  .0034317
T  683  2 .5387962E+07   1000002E+01  .1276E+05 -.9869E+04   .9999930  .0034478 -.0014191
T  684  2 .5401388E+07   1000001E+01 -.6488E+04 -.1066E+05   .9999950 -.0012706 -.0029042
T  685  2 .5395696E+07   1000003E+01 -.7665E+03  .1623E+05   .9999965 -.0002213  .0026331
T  686  2 .5388737E+07   1000002E+01  .9433E+04 -.3792E+04   .9999974  .0022864 -.0000911
T  687  2 .5399619E+07   1000001E+01 -.6745E+04  .6359E+04   .9999979 -.0009410  .0018092
T  688  2 .5398351E+07   1000002E+01  .1808E+05  .6885E+04   .9999956  .0026642  .0013120
T  689  2 .5384737E+07   1000000E+01  .5010E+04 -.7146E+04   .9999970  .0013774 -.0020070
T  690  2 .5393306E+07   1000000E+01 -.8267E+04  .4147E+04   .9999986 -.0008885  .0013943
T  691  2 .5393724E+07   1000000E+01 -.8486E+04  .5894E+04   .9999994 -.0009528  .0005565
T  692  2 .5382096E+07   1000001E+01 -.7648E+03  .4658E+04   .9999999 -.0000944  .0003835
T  693  2 .5381174E+07   1000002E+01  .4456E+05  .3691E+05   .9998503  .0104602  .0137816
T  694  2 .5398342E+07   1000001E+01  .6353E+04 -.8615E+04   .9999944  .0019331 -.0027261
T  695  2 .5400172E+07   1000002E+01  .1240E+05  .7054E+04   .9999914  .0034143  .0023562
T  696  2 .5392259E+07   1000000E+01  .9057E+04 -.1558E+05   .9999940  .0030496 -.0016569
T  697  2 .5393426E+07   1000002E+01 -.8264E+04  .3874E+04   .9999994 -.0009673  .0005934
T  698  2 .5383332E+07   1000002E+01  .8924E+04  .8937E+04   .9999856  .0046387  .0027075
T  699  2 .5392865E+07   1000003E+01  .1260E+05  .2171E+05   .9999788  .0046486  .0045495
T  700  2 .5380763E+07   1000002E+01  .6784E+04 -.9367E+04   .9999969  .0005714 -.0024247
T  701  2 .5397407E+07   1000002E+01  .3791E+04  .5262E+04   .9999954  .0030132  .0002554
T  702  2 .5389589E+07   1000002E+01  .7025E+04 -.3984E+04   .9999974  .0002414 -.0022658
T  703  2 .5386011E+07   1000002E+01 -.8197E+04 -.9564E+04   .9999909  .0010777 -.0041249
T  704  2 .5384907E+07   1000001E+01 -.2498E+04  .1828E+04   .9999986 -.0017002  .0000094
T  705  2 .5388941E+07   1000001E+01  .1651E+05  .6376E+03   .9999915  .0040981 -.0003294
T  706  2 .5398728E+07   1000003E+01  .3119E+04  .1268E+05   .9999914  .0016291  .0038105
T  707  2 .5386809E+07   1000002E+01 -.2737E+04 -.3342E+04   .9999950 -.0017401 -.0026531
T  708  2 .5388297E+07   1000002E+01  .2981E+04  .1135E+05   .9999999  .0002775  .0004284
T  709  2 .5388303E+07   1000001E+01  .3353E+04 -.1234E+04   .9999977  .0019143 -.0009279
T  710  2 .5401052E+07   1000001E+01 -.1958E+04 -.1007E+04   .9999995 -.0004358 -.0008732
T  711  2 .5394505E+07   1000002E+01  .2528E+04  .3959E+04   .9999988 -.0012001  .0009330
T  712  2 .5387807E+07   1000002E+01 -.2403E+05 -.8533E+04   .9999991 -.0012197  .0005401
T  713  2 .5383793E+07   1000002E+01 -.4413E+04  .2145E+04   .9999999  .0001516 -.0004779
T  714  2 .5396538E+07   1000002E+01 -.1487E+04  .1317E+04   .9999972 -.0009989 -.0021545
T  715  2 .5387392E+07   1000001E+01 -.7126E+04 -.1128E+03   .9999980 -.0003187  .0019657
T  716  2 .5400529E+07   1000002E+01 -.3428E+04  .4335E+04   .9999981 -.0017031  .0008979
T  717  2 .5397489E+07   1000003E+01 -.5326E+03 -.2749E+04   .9999988  .0000450 -.0015286
T  718  2 .5398628E+07   1000001E+01 -.6398E+04  .7110E+04   .9999967 -.0014495  .0021318
T  719  2 .5388868E+07   1000003E+01 -.8393E+04 -.5949E+04   .9999964 -.0015567 -.0021804
T  720  2 .5398075E+07   1000002E+01  .4160E+04 -.1088E+05   .9999713  .0003742 -.0075650
T  721  2 .5381473E+07   1000001E+01 -.3592E+04 -.7706E+03   .9999970 -.0023705  .0006396
T  722  2 .5399431E+07   1000001E+01  .1410E+05 -.3902E+03   .9999931  .0035018 -.0012615
T  723  2 .5396210E+07   1000001E+01 -.3980E+04 -.3511E+04   .9999973 -.0017149 -.0015385
T  724  2 .5394384E+07   1000001E+01  .2180E+04  .6333E+04   .9999977  .0005966  .0020505
T  725  2 .5393316E+07   1000001E+01  .4069E+04  .1183E+04   .9999992 -.0012419 -.0001939
T  726  2 .5392397E+07   1000002E+01  .1353E+03 -.4768E+04   .9999995  .0005816 -.0008671
T  727  2 .5392152E+07   1000002E+01  .1561E+04  .1150E+05   .9999992 -.0003303  .0011901
T  728  2 .5399575E+07   1000002E+01 -.8443E+03  .1095E+04   .9999998  .0004317  .0005530
T  729  2 .5387221E+07   1000003E+01 -.1682E+04  .1964E+04   .9999989 -.0011459  .0009155
T  730  2 .5388090E+07   1000000E+01 -.3431E+04 -.1422E+04   .9999999 -.0004083  .0000744
T  731  2 .5384841E+07   1000001E+01 -.1091E+04  .2075E+04   .9999980 -.0015659  .0012770
T  732  2 .5381832E+07   1000001E+01  .3780E+05  .1322E+04   .9999197  .0126675 -.0001778
T  733  2 .5400142E+07   1000001E+01  .1077E+05  .9223E+04   .9999886  .0035861  .0031533
T  734  2 .5399243E+07   1000002E+01  .3558E+04  .6702E+04   .9999964  .0018817  .0019271
T  735  2 .5390233E+07   1000001E+01  .3863E+04 -.5993E+03   .9999965  .0019736 -.0017892
T  736  2 .5397481E+07   1000002E+01  .3891E+03  .1063E+04   .9999998  .0004459 -.0004827
T  737  2 .5400920E+07   1000001E+01 -.2686E+04  .6756E+04   .9999690 -.0004541  .0078603
T  738  2 .5395189E+07   1000000E+01  .4207E+04  .5628E+04   .9999954  .0026907  .0013933
T  739  2 .5396618E+07   1000000E+01 -.4418E+04 -.3546E+04   .9999991 -.0011572 -.0006594
T  740  2 .5395691E+07   1000001E+01 -.3476E+03 -.2643E+04   .9999973 -.0013678 -.0018683
T  741  2 .5386742E+07   1000002E+01  .1557E+04  .2735E+04   .9999985  .0015632 -.0007488
T  742  2 .5385830E+07   1000003E+01 -.1428E+05  .2229E+05   .9999713 -.0050925  .0056044
T  743  2 .5394310E+07   1000002E+01 -.9041E+04  .2510E+04   .9999979 -.0014506  .0014750
T  744  2 .5386809E+07   1000000E+01  .5116E+03  .3166E+04   .9999988 -.0000052  .0015490
T  745  2 .5400900E+07   1000002E+01 -.9550E+03  .3187E+04   .9999971 -.0004606  .0023714
T  746  2 .5390746E+07   1000003E+01  .4155E+04  .7403E+04   .9999953  .0027469  .0013442
T  747  2 .5388396E+07   1000002E+01  .6397E+04  .6509E+04   .9999980  .0020073 -.0000622
T  748  2 .5391500E+07   1000001E+01  .2778E+04 -.2138E+04   .9999923  .0002168 -.0039283
T  749  2 .5393609E+07   1000001E+01  .1304E+04 -.5528E+04   .9999989 -.0005205 -.0013825
T  750  2 .5392019E+07   1000002E+01 -.4027E+04  .1220E+05   .9999970 -.0005859  .0023602
T  751  2 .5402336E+07   1000001E+01  .3140E+04 -.1898E+04   .9999992  .0012139 -.0002732
T  752  2 .5385813E+07   1000000E+01 -.2309E+04  .1428E+05   .9999754 -.0027313  .0064657
T  753  2 .5398630E+07   1000002E+01 -.5315E+04 -.4332E+03   .9999974 -.0022388  .0005295
T  754  2 .5385288E+07   1000002E+01 -.1101E+05 -.6000E+04   .9999961 -.0023733 -.0014908
T  755  2 .5400479E+07   1000003E+01 -.2843E+04  .9063E+04   .9999915 -.0015518  .0038079
T  756  2 .5393453E+07   1000001E+01 -.8064E+04  .6193E+04   .9999981 -.0014669  .0012853
T  757  2 .5393693E+07   1000001E+01  .1092E+05  .2356E+04   .9999950  .0031497  .0003245
T  758  2 .5387062E+07   1000000E+01 -.4459E+01  .6530E+04   .9999995 -.0006413  .0008181
T  759  2 .5395578E+07   1000001E+01 -.9541E+03  .1488E+05   .9999966  .0002926  .0025969
T  760  2 .5400071E+07   1000001E+01  .4451E+03 -.2320E+04   .9999992 -.0008145  .0009750
T  761  2 .5394821E+07   1000003E+01 -.1440E+05  .4580E+04   .9999951 -.0025480  .0018026
T  762  2 .5385474E+07   1000002E+01 -.5794E+03 -.2726E+04   .9999996  .0002103  .0008971
T  763  2 .5389001E+07   1000002E+01  .1476E+04  .1589E+05   .9999919  .0006886  .0039591
T  764  2 .5395915E+07   1000002E+01 -.5505E+04 -.1270E+04   .9999992  .0012269 -.0003252
T  765  2 .5400700E+07   1000000E+01 -.9579E+04  .4990E+04   .9999986 -.0007988  .0014461
T  766  2 .5389935E+07   1000002E+01 -.2574E+04 -.7270E+04   .9999962 -.0025667 -.0010428
T  767  2 .5398146E+07   1000002E+01  .7267E+04 -.8712E+04   .9999979  .0014390 -.0014456
T  768  2 .5384328E+07   1000002E+01  .5239E+03 -.6870E+04   .9999985  .0001810 -.0017293
T  769  2 .5383740E+07   1000002E+01  .2307E+04 -.2432E+04   .9999979  .0014187 -.0014802
T  770  2 .5401780E+07   1000001E+01  .3675E+04  .2055E+04   .9999973 -.0001444 -.0023132
T  771  2 .5398064E+07   1000002E+01  .1776E+04 -.1895E+05   .9999962  .0008588 -.0026301
T  772  2 .5389011E+07   1000002E+01 -.8067E+04 -.8603E+04   .9999929 -.0012922 -.0035322
T  773  2 .5391458E+07   1000000E+01  .3202E+04 -.3378E+02   .9999985  .0017036  .0002676
T  774  2 .5385315E+07   1000001E+01  .2702E+04 -.6378E+04   .9999962  .0012698 -.0024670
T  775  2 .5402458E+07   1000001E+01 -.4966E+04  .6001E+04   .9999988 -.0000172  .0015257
T  776  2 .5397941E+07   1000002E+01 -.1970E+04  .2575E+04   .9999956 -.0019553  .0022327
T  777  2 .5393112E+07   1000002E+01 -.1146E+05 -.4280E+04   .9999968 -.0007382 -.0024061
T  778  2 .5384826E+07   1000003E+01  .9148E+03 -.1723E+05   .9999873 -.0000918 -.0050412
T  779  2 .5389056E+07   1000002E+01 -.1854E+04 -.8355E+04   .9999976  .0005333 -.0021396
T  780  2 .5383500E+07   1000002E+01  .1042E+04  .5436E+03   .9999996 -.0003513  .0007998
T  781  2 .5399710E+07   1000002E+01  .1020E+05 -.1743E+04   .9999992 -.0011154 -.0005533
T  782  2 .5382213E+07   1000001E+01  .5013E+04  .3419E+04   .9999986  .0014237  .0008251
T  783  2 .5385209E+07   1000002E+01 -.8820E+04 -.1316E+04   .9999964 -.0019011  .0018990
T  784  2 .5380392E+07   1000001E+01  .1912E+04 -.4921E+04   .9999984  .0017185 -.0004427
T  785  2 .5398002E+07   1000002E+01  .8634E+03  .2058E+04   .9999972  .0018550  .0014384
T  786  2 .5401682E+07   1000001E+01  .5705E+04 -.9775E+04   .9999881  .0031702 -.0036987
T  787  2 .5390118E+07   1000002E+01  .1952E+05  .9017E+04   .9999960  .0026489  .0009776
T  788  2 .5389810E+07   1000001E+01  .2159E+04 -.8120E+04   .9999870  .0002439 -.0050914
T  789  2 .5381858E+07   1000001E+01  .2465E+04  .4392E+04   .9999953  .0019612  .0023653
T  790  2 .5400877E+07   1000000E+01  .2158E+05 -.4031E+05   .9998949  .0074976 -.0124120
T  791  2 .5399825E+07   1000000E+01 -.1569E+04  .1675E+04   .9999992  .0004633  .0011949
T  792  2 .5383178E+07   1000001E+01  .1227E+05  .1369E+05   .9999973  .0017869  .0014661
T  793  2 .5399946E+07   1000001E+01  .2700E+02 -.2327E+04   .9999998  .0000217 -.0005736
T  794  2 .5400249E+07   1000002E+01 -.1728E+04  .1689E+04   .9999989 -.0011842  .0008462
T  795  2 .5393245E+07   1000001E+01  .2585E+04 -.9265E+04   .9999976  .0008702 -.0020089
T  796  2 .5395208E+07   1000002E+01  .9521E+03  .1061E+05   .9999969  .0018779  .0016618
T  797  2 .5386591E+07   1000000E+01 -.5948E+04 -.1882E+05   .9999890 -.0000136 -.0047001
T  798  2 .5401980E+07   1000002E+01  .9643E+04  .1038E+05   .9999940  .0029255  .0018475
T  799  2 .5390843E+07   1000003E+01 -.9273E+04  .5088E+04   .9999980 -.0019279 -.0006081
T  800  2 .5388267E+07   1000002E+01  .4127E+04 -.5165E+04   .9999990  .0014053 -.0001678
T  801  2 .5402046E+07   1000001E+01 -.1127E+05  .1656E+05   .9999873 -.0034492  .0036678
T  802  2 .5397812E+07   1000001E+01  .2988E+04 -.5176E+04   .9999993 -.0001437 -.0011781
T  803  2 .5389699E+07   1000003E+01  .4789E+04  .1580E+05   .9999961  .0017929  .0021287
T  804  2 .5385751E+07   1000002E+01 -.7584E+04 -.2216E+05   .9999811 -.0022424 -.0057329
T  805  2 .5394407E+07   1000002E+01  .2039E+04 -.6508E+04   .9999897  .0016267 -.0042411
T  806  2 .5383990E+07   1000002E+01 -.1627E+05  .2546E+05   .9999882 -.0047886  .0008328
T  807  2 .5399654E+07   1000002E+01 -.1477E+05  .4621E+03   .9999571 -.0092594  .0001606
T  808  2 .5393918E+07   1000003E+01 -.5016E+03  .5166E+04   .9999999  .0002250 -.0000826
T  809  2 .5397571E+07   1000001E+01 -.4021E+03 -.5142E+04   .9999967 -.0013503 -.0021884
T  810  2 .5394651E+07   1000002E+01  .4368E+03  .1461E+04   .9999999 -.0001612  .0002074
T  811  2 .5391147E+07   1000002E+01 -.2897E+03  .2583E+04   .9999990  .0005164  .0013008
T  812  2 .5391578E+07   1000001E+01  .5944E+04 -.6729E+04   .9999993  .0010681 -.0005745
T  813  2 .5394411E+07   1000001E+01  .5127E+04 -.2060E+05   .9999931 -.0001448 -.0037068
T  814  2 .5398746E+07   1000003E+01  .3512E+04  .3797E+04   .9999969 -.0011134  .0022171
T  815  2 .5391298E+07   1000001E+01  .3416E+04 -.5887E+04   .9999986  .0010743 -.0012736
T  816  2 .5381325E+07   1000001E+01 -.4711E+04  .7785E+04   .9999997 -.0001123  .0007420
T  817  2 .5381604E+07   1000002E+01  .3885E+04 -.6107E+04   .9999991  .0011480 -.0006982
T  818  2 .5402202E+07   1000002E+01  .1512E+04 -.3545E+04   .9999991  .0003751 -.0012584
T  819  2 .5401663E+07   1000001E+01 -.2027E+05 -.1609E+05   .9999853 -.0031065 -.0044535
T  820  2 .5391826E+07   1000003E+01  .1129E+04 -.4800E+04   .9999972  .0006186 -.0022655
T  821  2 .5398708E+07   1000001E+01  .7753E+04  .2937E+04   .9999916  .0037337  .0016858
T  822  2 .5399896E+07   1000002E+01 -.2835E+04  .4880E+04   .9999993 -.0003329  .0011500
T  823  2 .5393488E+07   1000002E+01 -.1722E+04 -.3815E+03   .9999937 -.0009264 -.0034158
T  824  2 .5399791E+07   1000002E+01 -.9158E+04  .2148E+04   .9999966 -.0022565  .0013238
T  825  2 .5403031E+07   1000002E+01  .1118E+05 -.1360E+05   .9999864  .0047201 -.0021997
T  826  2 .5407360E+07   1000002E+01  .1811E+04  .4685E+04   .9999999 -.0005104  .0000896
T  827  2 .5399020E+07   1000001E+01  .2552E+05 -.1811E+05   .9998374  .0146289 -.0105397
T  828  2 .5401444E+07   1000002E+01 -.3958E+04 -.4181E+04   .9999982 -.0000420 -.0019123
T  829  2 .5383168E+07   1000003E+01  .6937E+04  .3397E+04   .9999915  .0039288  .0012236
T  830  2 .5389812E+07   1000002E+01 -.3344E+04 -.9711E+02   .9999954 -.0013098  .0027471
T  831  2 .5386357E+07   1000001E+01 -.6392E+03  .1842E+04   .9999765  .0010469 -.0067688
T  832  2 .5393133E+07   1000001E+01 -.7830E+04 -.2325E+04   .9999984 -.0016756 -.0006529
T  833  2 .5399410E+07   1000002E+01  .1701E+05 -.8596E+04   .9999904  .0034047 -.0027514
T  834  2 .5380849E+07   1000002E+01  .2500E+04  .6140E+03   .9999999  .0004921  .0002164
T  835  2 .5403831E+07   1000001E+01 -.4994E+04  .1804E+03   .9999978 -.0017898 -.0011052
T  836  2 .5393039E+07   1000000E+01  .1723E+04 -.6893E+04   .9999974 -.0003638 -.0022296
T  837  2 .5384069E+07   1000002E+01 -.1536E+04  .1337E+04   .9999990 -.0011367  .0008373
T  838  2 .5394457E+07   1000001E+01 -.1105E+05  .5496E+03   .9999941 -.0034092  .0003603
T  839  2 .5382212E+07   1000000E+01 -.2803E+04 -.8982E+03   .9999947 -.0021687  .0024264
T  840  2 .5391074E+07   1000002E+01  .5236E+03 -.4907E+04   .9999947  .0007101 -.0031808
T  841  2 .5386140E+07   1000002E+01  .4574E+04 -.1222E+04   .9999992  .0004626  .0011780
T  842  2 .5379696E+07   1000001E+01 -.3646E+05  .1327E+05   .9999299 -.0100160  .0063198
T  843  2 .5397408E+07   1000000E+01  .1602E+05  .6806E+03   .9999999 -.0005048  .0001995
T  844  2 .5394744E+07   1000001E+01  .4869E+04 -.5926E+03   .9999958  .0027330 -.0009346
T  845  2 .5395397E+07   1000001E+01  .1435E+04 -.2024E+04   .9999976 -.0022071 -.0001483
T  846  2 .5386031E+07   1000001E+01 -.8676E+04 -.2334E+04   .9999981 -.0012314 -.0015434
T  847  2 .5398098E+07   1000002E+01 -.3393E+04 -.7606E+04   .9999982 -.0013740 -.0013230
T  848  2 .5396688E+07   1000002E+01  .4557E+04 -.4020E+04   .9999958  .0021381 -.0019569
T  849  2 .5392088E+07   1000002E+01 -.1420E+05 -.7747E+04   .9999981 -.0009723 -.0016773
T  850  2 .5389310E+07   1000002E+01 -.1643E+04  .5606E+04   .9999996 -.0006611  .0006025
T  851  2 .5399188E+07   1000001E+01 -.8566E+04 -.7329E+03   .9999978 -.0020448 -.0003888
T  852  2 .5384875E+07   1000003E+01  .3720E+04 -.3253E+04   .9999961  .0012135 -.0025334
T  853  2 .5398684E+07   1000001E+01  .3026E+04  .4393E+03   .9999970  .0018533 -.0016065
T  854  2 .5389614E+07   1000001E+01  .2577E+04 -.7478E+04   .9999971  .0012584 -.0020341
T  855  2 .5388843E+07   1000000E+01  .3677E+04 -.3206E+04   .9999991  .0009746 -.0009366
T  856  2 .5385344E+07   1000000E+01  .1404E+04 -.7933E+04   .9999792  .0001419 -.0064498
T  857  2 .5394178E+07   1000000E+01 -.3106E+04 -.1466E+05   .9999858  .0001488 -.0053333
T  858  2 .5391610E+07   1000000E+01 -.5069E+04 -.8411E+03   .9999999  .0001589  .0005087
T  859  2 .5381082E+07   1000002E+01  .9485E+03  .5875E+04   .9999970  .0022471  .0009251
T  860  2 .5394109E+07   1000000E+01 -.1410E+05  .2473E+05   .9999929 -.0021740  .0030718
T  861  2 .5396795E+07   1000001E+01  .1005E+05 -.5199E+04   .9999972  .0018110  .0015163
T  862  2 .5385629E+07   1000002E+01 -.2260E+04 -.3234E+04   .9999997  .0002869 -.0006715
T  863  2 .5385598E+07   1000001E+01  .6272E+04 -.1447E+05   .9999594  .0028718 -.0085446
T  864  2 .5387153E+07   1000002E+01 -.1945E+04  .9698E+03   .9999993 -.0001420  .0011754
T  865  2 .5385365E+07   1000001E+01  .2153E+05 -.1378E+05   .9999728  .0064084 -.0036636
T  866  2 .5393717E+07   1000000E+01  .1785E+05 -.3631E+03   .9999176  .0128355 -.0003338
T  867  2 .5380604E+07   1000000E+01 -.3459E+04 -.4327E+04   .9999996 -.0008019  .0002464
T  868  2 .5392101E+07   1000002E+01 -.6571E+04  .2257E+05   .9999918 -.0009864  .0039160
T  869  2 .5394788E+07   1000000E+01 -.1759E+05  .2189E+05   .9999568 -.0052770  .0076539
T  870  2 .5386134E+07   1000002E+01 -.5511E+04 -.2777E+04   .9999976 -.0017491 -.0012877
T  871  2 .5387837E+07   1000000E+01 -.3717E+03 -.3668E+04   .9999980  .0006939 -.0018856
T  872  2 .5400837E+07   1000001E+01 -.1135E+05  .5467E+04   .9999934 -.0027450  .0023867
T  873  2 .5393241E+07   1000002E+01  .5626E+05  .3636E+05   .9999266  .0101467  .0066260
T  874  2 .5405330E+07   1000002E+01 -.4353E+04 -.1048E+05   .9999929 -.0018128 -.0033022
T  875  2 .5394796E+07   1000000E+01  .8160E+03 -.9846E+04   .9999989  .0004536 -.0014118
T  876  2 .5383294E+07   1000003E+01  .1058E+04  .5853E+04   .9999972 -.0000700  .0023813
T  877  2 .5392349E+07   1000003E+01 -.6123E+04 -.2761E+04   .9999995 -.0008098 -.0005568
T  878  2 .5389352E+07   1000001E+01 -.3478E+04 -.4593E+04   .9999988 -.0010646 -.0010922
T  879  2 .5383661E+07   1000002E+01 -.9144E+04 -.7340E+04   .9999960 -.0015942 -.0023258
T  880  2 .5387436E+07   1000002E+01 -.1092E+05 -.3354E+04   .9999958 -.0027892 -.0008332
T  881  2 .5389283E+07   1000001E+01  .1513E+04 -.2465E+04   .9999981  .0008821 -.0017622
T  882  2 .5396368E+07   1000002E+01  .7051E+03 -.9829E+04   .9999980 -.0002308 -.0019674
T  883  2 .5401560E+07   1000001E+01  .1151E+05 -.2545E+04   .9999975  .0017401 -.0013938
T  884  2 .5392847E+07   1000001E+01  .3345E+04 -.7227E+03   .9999989  .0014676  .0000668
T  885  2 .5392207E+07   1000001E+01 -.9972E+04  .1521E+05   .9999810 -.0034295  .0051259
T  886  2 .5390392E+07   1000002E+01  .4149E+03  .3993E+04   .9999970 -.0010523  .0022071
T  887  2 .5382739E+07   1000002E+01 -.1626E+03 -.6096E+04   .9999979  .0002435 -.0020184
T  888  2 .5388126E+07   1000002E+01  .7036E+03  .2755E+04   .9999978  .0002647  .0020696
T  889  2 .5384997E+07   1000002E+01 -.6757E+04 -.6643E+04   .9999991  .0006772 -.0011338
T  890  2 .5393671E+07   1000002E+01  .4415E+03 -.7211E+03   .9999993 -.0006966  .0009153
T  891  2 .5387347E+07   1000001E+01  .4193E+04 -.4302E+04   .9999953  .0030617 -.0003310
T  892  2 .5384103E+07   1000001E+01 -.2517E+04  .6035E+03   .9999977 -.0020057  .0008011
T  893  2 .5395322E+07   1000000E+01 -.5991E+04 -.6829E+03   .9999896 -.0043041 -.0014813
T  894  2 .5395283E+07   1000000E+01  .6127E+04 -.1326E+04   .9999969  .0024578 -.0002666
T  895  2 .5387531E+07   1000001E+01 -.2667E+04 -.7360E+04   .9999978 -.0013123 -.0016639
T  896  2 .5386439E+07   1000002E+01 -.9936E+04  .7782E+03   .9999945 -.0029285 -.0015246
T  897  2 .5400209E+07   1000002E+01  .8308E+04 -.8356E+04   .9999977  .0021055  .0002875
T  898  2 .5392849E+07   1000002E+01 -.4361E+04  .4072E+04   .9999991 -.0004223  .0012357
T  899  2 .5397549E+07   1000000E+01 -.1123E+05 -.1806E+04   .9999881 -.0044435 -.0020319
T  900  2 .5388752E+07   1000001E+01  .2373E+03 -.4690E+04   .9999975  .0004227 -.0021810
T  901  2 .5394629E+07   1000002E+01  .6108E+04 -.2262E+00   .9999993  .0005556  .0010500
T  902  2 .5401825E+07   1000002E+01 -.5682E+04 -.8359E+04   .9999959 -.0028492 -.0003605
T  903  2 .5398157E+07   1000002E+01 -.1288E+04  .2515E+04   .9999989 -.0006210  .0013370
T  904  2 .5386774E+07   1000001E+01 -.6088E+04  .2213E+04   .9999595 -.0072306 -.0053496
T  905  2 .5399057E+07   1000002E+01  .1082E+04  .1372E+04   .9999994  .0007692  .0008142
T  906  2 .5396348E+07   1000002E+01  .6361E+04 -.7857E+04   .9999919  .0007804 -.0039437
T  907  2 .5397046E+07   1000002E+01 -.1119E+05  .4885E+03   .9999907 -.0014329 -.0040623
T  908  2 .5398457E+07   1000001E+01 -.3838E+04  .3455E+04   .9999988 -.0013735  .0007421
T  909  2 .5395088E+07   1000002E+01  .1897E+05 -.7386E+04   .9999921  .0023704 -.0032020
T  910  2 .5386189E+07   1000001E+01  .6844E+02 -.4727E+04   .9999970 -.0002702 -.0024264
T  911  2 .5392376E+07   1000000E+01 -.1665E+04  .3762E+04   .9999992  .0001349  .0012549
T  912  2 .5388641E+07   1000002E+01  .9750E+04 -.1698E+04   .9999977  .0016557 -.0013473
T  913  2 .5386123E+07   1000002E+01 -.4317E+05 -.2396E+05   .9999140 -.0124366 -.0041508
T  914  2 .5398507E+07   1000001E+01 -.2745E+04  .4206E+04   .9999946 -.0013408  .0029929
T  915  2 .5393699E+07   1000000E+01 -.4181E+04 -.1538E+04   .9999965 -.0016587 -.0020409
T  916  2 .5393283E+07   1000000E+01  .1875E+05 -.3161E+03   .9999980  .0018647 -.0007032
T  917  2 .5392234E+07   1000001E+01  .2023E+04  .5962E+03   .9999962  .0027694  .0000465
T  918  2 .5378468E+07   1000001E+01 -.1995E+04 -.1188E+05   .9999970 -.0014931 -.0019521
T  919  2 .5386405E+07   1000001E+01  .1487E+05 -.4696E+05   .9999713  .0015020 -.0074223
T  920  2 .5391047E+07   1000000E+01 -.2849E+04 -.1597E+05   .9999951 -.0001765 -.0031248
T  921  2 .5396213E+07   1000002E+01 -.2292E+04  .2071E+04   .9999981 -.0016874  .0009425
T  922  2 .5395564E+07   1000002E+01  .5666E+04 -.1326E+04   .9999970  .0018243 -.0016530
T  923  2 .5396326E+07   1000002E+01  .5103E+05  .8428E+05   .9999362  .0068630  .0089761
T  924  2 .5402706E+07   1000001E+01  .2537E+04 -.9025E+03   .9999901  .0044237  .0005459
T  925  2 .5386517E+07   1000002E+01 -.7599E+04 -.7302E+03   .9999963 -.0026687 -.0004261
T  926  2 .5398178E+07   1000002E+01  .7861E+04 -.2820E+04   .9999972  .0017333 -.0016173
T  927  2 .5399247E+07   1000001E+01  .5016E+04 -.8116E+04   .9999949  .0014531 -.0028351
T  928  2 .5399968E+07   1000003E+01 -.1058E+05  .1006E+05   .9999958 -.0019566  .0021203
T  929  2 .5398095E+07   1000001E+01  .1422E+04 -.1909E+04   .9999983 -.0018585  .0000124
T  930  2 .5386569E+07   1000000E+01  .2238E+04  .1066E+05   .9999933  .0006957  .0035975
T  931  2 .5392020E+07   1000001E+01 -.9877E+04 -.4646E+04   .9999978 -.0011187 -.0017848
T  932  2 .5391040E+07   1000002E+01 -.4098E+04  .1653E+04   .9999984 -.0017601  .0004455
T  933  2 .5389191E+07   1000002E+01  .1132E+05 -.1234E+05   .9999878 -.0006694 -.0048869
T  934  2 .5394025E+07   1000001E+01 -.5627E+04  .2240E+04   .9999963 -.0026917  .0004374
T  935  2 .5387496E+07   1000002E+01  .2855E+04  .1731E+04   .9999995  .0004968 -.0008862
T  936  2 .5399844E+07   1000001E+01 -.4884E+04  .4483E+04   .9999969 -.0017420  .0017613
T  937  2 .5391867E+07   1000002E+01 -.1248E+04  .1281E+05   .9999985 -.0001719  .0017492
T  938  2 .5391653E+07   1000000E+01 -.5764E+04 -.7926E+03   .9999998 -.0003552  .0006059
T  939  2 .5397488E+07   1000002E+01  .2370E+04  .5635E+04   .9999996 -.0003591  .0007623
T  940  2 .5387180E+07   1000000E+01 -.6518E+04  .7441E+04   .9999979  .0006861  .0019087
T  941  2 .5396051E+07   1000001E+01 -.4354E+04 -.2653E+04   .9999744 -.0052939 -.0048073
T  942  2 .5403227E+07   1000000E+01 -.8350E+04 -.1710E+04   .9999947 -.0004056 -.0032443
T  943  2 .5388445E+07   1000003E+01  .2017E+05 -.4670E+05   .9999248  .0037349 -.0116769
T  944  2 .5398248E+07   1000001E+01  .9759E+04  .2064E+03   .9999981  .0019082 -.0003167
T  945  2 .5390526E+07   1000001E+01  .5506E+04 -.4782E+04   .9999997 -.0001399 -.0007127
T  946  2 .5398724E+07   1000000E+01  .6213E+03 -.1894E+04   .9999997 -.0004352 -.0005833
T  947  2 .5391277E+07   1000001E+01 -.1071E+05  .1099E+05   .9999882 -.0035430  .0033205
T  948  2 .5395721E+07   1000003E+01  .8055E+04  .4980E+04   .9999978  .0020873 -.0002337
T  949  2 .5403724E+07   1000001E+01 -.4072E+04  .6175E+04   .9999970 -.0016316  .0018276
T  950  2 .5401430E+07   1000000E+01  .7004E+03  .4427E+04   .9999997 -.0004583  .0005907
T  951  2 .5400654E+07   1000002E+01 -.1010E+05 -.3046E+04   .9999964 -.0026151 -.0006680
T  952  2 .5402038E+07   1000002E+01 -.5796E+04  .1789E+05   .9999967 -.0024234 -.0007920
T  953  2 .5389521E+07   1000002E+01  .1090E+04  .5634E+04   .9999968  .0014702  .0020506
T  954  2 .5396060E+07   1000001E+01  .9925E+04  .4232E+04   .9999963  .0017984  .0020445
T  955  2 .5397665E+07   1000000E+01  .1238E+05 -.7627E+04   .9999917  .0024617 -.0032426
T  956  2 .5394912E+07   1000001E+01 -.7086E+04  .6118E+04   .9999944 -.0018052  .0028143
T  957  2 .5382513E+07   1000002E+01  .3139E+04 -.5958E+03   .9999999  .0001964 -.0000539
T  958  2 .5388916E+07   1000002E+01 -.8374E+04  .1534E+04   .9999937 -.0034979  .0005711
T  959  2 .5390528E+07   1000001E+01 -.1741E+04 -.6066E+04   .9999968 -.0015651 -.0019965
T  960  2 .5384449E+07   1000002E+01 -.2240E+04 -.1591E+04   .9999999  .0000236  .0000740
T  961  2 .5388090E+07   1000001E+01 -.3145E+04  .2686E+04   .9999982 -.0015607  .0011125
T  962  2 .5396814E+07   1000003E+01  .1782E+05  .6870E+04   .9999930  .0032655  .0018042
T  963  2 .5388279E+07   1000002E+01 -.7625E+04 -.1544E+04   .9999958 -.0028972  .0001902
T  964  2 .5384582E+07   1000000E+01  .7419E+04 -.8433E+04   .9999866  .0046140 -.0023432
T  965  2 .5407216E+07   1000002E+01  .2080E+05 -.2134E+04   .9999857  .0050751  .0016954
T  966  2 .5394054E+07   1000002E+01 -.8525E+04  .5360E+04   .9999980 -.0013025  .0015245
T  967  2 .5389517E+07   1000002E+01 -.3488E+04  .2165E+04   .9999909 -.0040328  .0014053
T  968  2 .5389549E+07   1000001E+01 -.2274E+04  .3227E+04   .9999970 -.0006392  .0023471
T  969  2 .5392463E+07   1000001E+01 -.6540E+04 -.6236E+04   .9999961 -.0013208 -.0024770
T  970  2 .5395100E+07   1000002E+01 -.6219E+04  .4533E+04   .9999986 -.0014910  .0007403
T  971  2 .5391580E+07   1000003E+01 -.2990E+04  .9277E+04   .9999802 -.0036605  .0051246
T  972  2 .5393822E+07   1000000E+01  .1358E+05  .3528E+04   .9999986  .0016548 -.0001887
T  973  2 .5393066E+07   1000000E+01 -.2243E+04 -.6683E+04   .9999990 -.0013101 -.0005178
T  974  2 .5398672E+07   1000002E+01 -.4414E+03  .6159E+03   .9999978  .0020133  .0006540
T  975  2 .5388383E+07   1000002E+01  .8241E+04 -.5114E+04   .9999951  .0024172 -.0020022
T  976  2 .5392324E+07   1000002E+01 -.3243E+04 -.3574E+04   .9999982 -.0010663 -.0015468
T  977  2 .5400256E+07   1000002E+01  .1309E+05 -.3245E+04   .9999993  .0010459  .0006171
T  978  2 .5392669E+07   1000001E+01  .1062E+04  .2022E+03   .9999997  .0006487 -.0003365
T  979  2 .5385884E+07   1000001E+01 -.5711E+04  .1725E+05   .9999583  .0014363  .0090151
T  980  2 .5392502E+07   1000002E+01 -.2689E+03 -.6436E+04   .9999972 -.0004538 -.0023101
T  981  2 .5389164E+07   1000002E+01  .4258E+03 -.6689E+03   .9999999 -.0005023  .0001288
T  982  2 .5385528E+07   1000003E+01  .9075E+04 -.8890E+03   .9999988  .0014645 -.0004979
T  983  2 .5384001E+07   1000002E+01  .4330E+04 -.5038E+04   .9999988  .0009058 -.0012837
T  984  2 .5394187E+07   1000001E+01 -.1053E+04 -.6782E+05   .9999277 -.0018711 -.0118779
T  985  2 .5384498E+07   1000001E+01 -.5485E+04 -.5358E+04   .9999975 -.0019445 -.0011310
T  986  2 .5389162E+07   1000002E+01 -.5517E+04 -.2053E+04   .9999955 -.0022622 -.0019804
T  987  2 .5397835E+07   1000001E+01 -.7690E+02 -.5330E+03   .9999988 -.0006135 -.0014100
T  988  2 .5391527E+07   1000001E+01 -.4001E+04 -.5576E+04   .9999994 -.0009649  .0005315
T  989  2 .5401298E+07   1000002E+01 -.1377E+05  .2461E+04   .9999953 -.0030586 -.0001524
T  990  2 .5400962E+07   1000001E+01 -.1063E+05 -.3610E+04   .9999962 -.0017902 -.0020889
T  991  2 .5399970E+07   1000002E+01  .1326E+05  .1277E+05   .9999944  .0029074  .0016715
T  992  2 .5395355E+07   1000002E+01 -.1869E+04  .3435E+04   .9999954 -.0007738  .0029183
T  993  2 .5389818E+07   1000001E+01  .3503E+05  .2508E+05   .9999521  .0074748  .0063201
T  994  2 .5394140E+07   1000001E+01  .9934E+04 -.1350E+04   .9999991  .0013524 -.0001464
T  995  2 .5403093E+07   1000002E+01  .7538E+04 -.4593E+03   .9999969  .0021139 -.0013080
T  996  2 .5385315E+07   1000001E+01 -.1119E+04  .6652E+04   .9999923 -.0002198  .0039217
T  997  2 .5401145E+07   1000002E+01 -.1426E+0