============================== SRIM-2013.00 ==============================
==============================================================================
=================  TRANSMIT.txt : File of Transmitted Ions  ==================
=  This file tabulates the kinetics of ions or atoms leaving the target.     =
=  Column #1: S= Sputtered Atom, B= Backscattered Ion, T= Transmitted Ion.   =
=  Col.#2: Ion Number, Col.#3: Z of atom leaving, Col.#4: Atom energy (eV).  =
=  Col.#5-7: Last location:  X= Depth into target, Y,Z= Transverse axes.     =
=  Col.#8-10: Cosines of final trajectory.                                   =
= *** This data file is in the same format as TRIM.DAT (see manual for uses).=
====== TRIM Calc.= He(5.48 MeV) ==> Layer 1(  10 mm) =========================
 Ion  Atom   Energy        Depth       Lateral-Position        Atom Direction      
 Numb Numb    (eV)          X(A)        Y(A)       Z(A)      Cos(X)  Cos(Y) Cos(Z) 
T    1  2 .4491524E+07   1000000E+02 -.3960E+06 -.1778E+05   .9999753 -.0023015 -.0066346
T    2  2 .4466183E+07   1000000E+02  .7247E+06  .1401E+06   .9999214  .0125352 -.0000506
T    3  2 .4496315E+07   1000000E+02  .4709E+05 -.9786E+05   .9999843 -.0017011 -.0053400
T    4  2 .4516992E+07   1000000E+02  .3673E+06  .5041E+05   .9999747  .0062810  .0033505
T    5  2 .4499905E+07   1000000E+02 -.6288E+05  .1761E+06   .9999493 -.0055686  .0083947
T    6  2 .4473444E+07   1000000E+02  .2509E+06 -.3117E+06   .9999580  .0066407 -.0063231
T    7  2 .4519151E+07   1000000E+02 -.7586E+06  .2973E+06   .9999664 -.0046263  .0067689
T    8  2 .4373629E+07   1000000E+02 -.1157E+08  .4230E+07   .9708563 -.2284223  .0725350
T    9  2 .4494643E+07   1000000E+02 -.1720E+06 -.5382E+06   .9999529  .0022947 -.0094324
T   10  2 .4484448E+07   1000000E+02  .2176E+06 -.3096E+06   .9999919  .0016729 -.0036701
T   11  2 .4507316E+07   1000000E+02  .5069E+05 -.1384E+06   .9999976 -.0011648 -.0018605
T   12  2 .4502811E+07   1000000E+02  .2656E+06  .6158E+06   .9999481  .0053279  .0086832
T   13  2 .4499813E+07   1000000E+02 -.1928E+07 -.2257E+05   .9998253 -.0186405  .0013722
T   14  2 .4517392E+07   1000000E+02  .2625E+05  .4386E+06   .9999567  .0012052  .0092272
T   15  2 .4482017E+07   1000000E+02  .3126E+06  .4128E+06   .9999621  .0084062  .0022628
T   16  2 .4474863E+07   1000000E+02  .3194E+06  .1853E+06   .9999603  .0084950  .0026721
T   17  2 .4496893E+07   1000000E+02 -.1046E+06  .1963E+05   .9999955 -.0024650  .0017193
T   18  2 .4502349E+07   1000000E+02 -.4319E+05  .4780E+06   .9999337  .0014842  .0114223
T   19  2 .4477848E+07   1000000E+02  .2223E+06 -.3433E+06   .9999567  .0015823 -.0091685
T   20  2 .4525512E+07   1000000E+02 -.5471E+06 -.5192E+06   .9999547 -.0070945 -.0063422
T   21  2 .4487702E+07   1000000E+02 -.1331E+06  .2762E+07   .9990347 -.0109811  .0425329
T   22  2 .4463758E+07   1000000E+02 -.3491E+06 -.5167E+04   .9999981 -.0016992  .0009666
T   23  2 .4518568E+07   1000000E+02 -.1361E+05  .9706E+06   .9998610  .0084956  .0143435
T   24  2 .4518144E+07   1000000E+02  .3877E+06  .2902E+05   .9999407  .0097870 -.0047811
T   25  2 .4529830E+07   1000000E+02  .1698E+06 -.3228E+06   .9999710  .0045308 -.0061206
T   26  2 .4482170E+07   1000000E+02 -.8320E+06  .3633E+06   .9998727 -.0154691  .0039132
T   27  2 .4488256E+07   1000000E+02  .1869E+07  .8759E+04   .9996353  .0269681  .0013877
T   28  2 .4526411E+07   1000000E+02  .1708E+06 -.1795E+06   .9999553  .0009757 -.0094029
T   29  2 .4481293E+07   1000000E+02  .1646E+06 -.5389E+06   .9999712 -.0045113 -.0060982
T   30  2 .4500124E+07   1000000E+02  .7350E+05 -.5631E+06   .9999745  .0045868 -.0054802
T   31  2 .4542012E+07   1000000E+02  .1599E+06  .5046E+05   .9999473  .0052097 -.0088452
T   32  2 .4495364E+07   1000000E+02  .9164E+06  .4633E+06   .9998345  .0176436  .0044277
T   33  2 .4497960E+07   1000000E+02 -.2894E+06 -.5946E+06   .9999460 -.0061962 -.0083425
T   34  2 .4510623E+07   1000000E+02  .2296E+06  .2982E+06   .9999933  .0004684 -.0036261
T   35  2 .4486220E+07   1000000E+02  .4178E+06  .1896E+07   .9992608  .0009144  .0384307
T   36  2 .4491735E+07   1000000E+02  .1083E+07  .1384E+07   .9998827  .0085928  .0126757
T   37  2 .4497664E+07   1000000E+02 -.4920E+05  .4459E+06   .9999608  .0005588  .0088343
T   38  2 .4463612E+07   1000000E+02  .1976E+06  .4054E+06   .9999789  .0010674  .0064042
T   39  2 .4540216E+07   1000000E+02  .1302E+06 -.5010E+06   .9999899  .0004412 -.0044692
T   40  2 .4491114E+07   1000000E+02  .1022E+07  .5996E+06   .9998424  .0139269  .0110089
T   41  2 .4473978E+07   1000000E+02 -.6629E+06 -.6166E+06   .9998807 -.0123668 -.0092569
T   42  2 .4471467E+07   1000000E+02 -.8987E+05 -.1153E+06   .9999998 -.0000003 -.0005983
T   43  2 .4483561E+07   1000000E+02  .1174E+06  .2191E+06   .9999845  .0035551  .0042935
T   44  2 .4521372E+07   1000000E+02  .1111E+06 -.3511E+06   .9999526  .0082198 -.0052275
T   45  2 .4531186E+07   1000000E+02 -.8300E+05 -.5893E+06   .9999422  .0025444 -.0104429
T   46  2 .4518560E+07   1000000E+02  .3186E+06 -.2172E+06   .9998651  .0161726 -.0028623
T   47  2 .4516855E+07   1000000E+02  .8481E+06 -.3033E+06   .9998232  .0153430 -.0108682
T   48  2 .4500714E+07   1000000E+02 -.2545E+05 -.1901E+06   .9999370 -.0061281 -.0094038
T   49  2 .4512942E+07   1000000E+02 -.2242E+06  .8623E+05   .9999851 -.0029695  .0045809
T   50  2 .4487527E+07   1000000E+02 -.9159E+06 -.1703E+05   .9998473 -.0173777 -.0018458
T   51  2 .4491576E+07   1000000E+02 -.1474E+06  .1661E+06   .9999955  .0030003 -.0002591
T   52  2 .4561422E+07   1000000E+02  .5401E+06 -.6662E+06   .9997692  .0208568 -.0051482
T   53  2 .4513212E+07   1000000E+02 -.8907E+05  .5968E+05   .9999964  .0008071  .0025717
T   54  2 .4500902E+07   1000000E+02  .1883E+05  .4764E+06   .9999049 -.0002363  .0137884
T   55  2 .4506875E+07   1000000E+02 -.5510E+05  .5175E+06   .9999505  .0033087  .0093782
T   56  2 .4486012E+07   1000000E+02  .5547E+06 -.3562E+06   .9998570  .0141562 -.0092531
T   57  2 .4496764E+07   1000000E+02  .1263E+06  .1015E+07   .9998845  .0028399  .0149321
T   58  2 .4501541E+07   1000000E+02  .2935E+06  .2817E+06   .9999573  .0076541  .0051754
T   59  2 .4489916E+07   1000000E+02 -.6596E+05 -.1301E+06   .9999979  .0018597 -.0008182
T   60  2 .4522138E+07   1000000E+02  .1820E+06 -.4091E+06   .9999519  .0044449 -.0087437
T   61  2 .4495073E+07   1000000E+02  .3613E+06 -.1434E+06   .9999603  .0047187 -.0075629
T   62  2 .4512237E+07   1000000E+02  .1330E+06  .4179E+06   .9999943  .0027047  .0019994
T   63  2 .4476284E+07   1000000E+02 -.4211E+06  .1950E+06   .9999974 -.0004319 -.0022470
T   64  2 .4520795E+07   1000000E+02  .7797E+06  .1094E+07   .9996974  .0204915  .0136088
T   65  2 .4508389E+07   1000000E+02 -.1843E+06 -.4513E+06   .9998769 -.0043149 -.0150871
T   66  2 .4509471E+07   1000000E+02  .7328E+06 -.2491E+06   .9999083  .0131867 -.0030687
T   67  2 .4525658E+07   1000000E+02 -.4712E+06 -.3509E+06   .9999743 -.0061888 -.0036130
T   68  2 .4500606E+07   1000000E+02  .6056E+05  .4963E+06   .9999745  .0007462  .0070991
T   69  2 .4462471E+07   1000000E+02  .1632E+06  .1887E+07   .9996152  .0073891  .0267367
T   70  2 .4511572E+07   1000000E+02  .9906E+05 -.4596E+06   .9999675 -.0012032 -.0079659
T   71  2 .4456931E+07   1000000E+02 -.2835E+06 -.3006E+05   .9999873 -.0019332 -.0046569
T   72  2 .4494228E+07   1000000E+02  .8404E+05  .4966E+06   .9999758  .0062422  .0030568
T   73  2 .4497927E+07   1000000E+02  .9085E+05  .1586E+05   .9999871  .0011265 -.0049458
T   74  2 .4487949E+07   1000000E+02 -.2265E+06  .2180E+06   .9999427 -.0106684  .0009100
T   75  2 .4499516E+07   1000000E+02  .2805E+05  .2809E+06   .9999712 -.0040733  .0063962
T   76  2 .4464235E+07   1000000E+02  .4425E+06  .5349E+06   .9997788  .0099481  .0185282
T   77  2 .4482126E+07   1000000E+02 -.1110E+07 -.4656E+06   .9998263 -.0172957 -.0069392
T   78  2 .4529994E+07   1000000E+02  .4298E+05 -.3997E+06   .9999770  .0007722 -.0067340
T   79  2 .4518709E+07   1000000E+02  .3044E+06  .1726E+06   .9999727 -.0016104  .0072140
T   80  2 .4491627E+07   1000000E+02 -.5836E+06  .8016E+06   .9999352 -.0035501  .0108147
T   81  2 .4525709E+07   1000000E+02 -.2391E+06 -.2441E+06   .9999851 -.0053598  .0010501
T   82  2 .4503054E+07   1000000E+02 -.6933E+06  .6264E+06   .9999444 -.0086764  .0059886
T   83  2 .4526990E+07   1000000E+02  .8381E+06  .2577E+05   .9996125  .0278316 -.0005480
T   84  2 .4489503E+07   1000000E+02 -.1558E+05  .8856E+05   .9999823 -.0015055 -.0057503
T   85  2 .4502633E+07   1000000E+02  .3056E+05 -.1915E+06   .9999976  .0021826 -.0000330
T   86  2 .4485837E+07   1000000E+02 -.2650E+05 -.4687E+06   .9999524  .0005106 -.0097485
T   87  2 .4527421E+07   1000000E+02 -.1607E+06 -.1066E+06   .9999837 -.0046139  .0033713
T   88  2 .4529072E+07   1000000E+02 -.1854E+05 -.1019E+06   .9999849  .0054346 -.0008138
T   89  2 .4495631E+07   1000000E+02  .6890E+06 -.5006E+06   .9996389  .0217174 -.0158230
T   90  2 .4569691E+07   1000000E+02  .8006E+05  .3038E+06   .9998634 -.0037600  .0160947
T   91  2 .4523298E+07   1000000E+02 -.2867E+06 -.1433E+06   .9999740 -.0060836 -.0038699
T   92  2 .4522368E+07   1000000E+02  .1780E+07 -.1575E+07   .9992304  .0361963 -.0151152
T   93  2 .4516753E+07   1000000E+02 -.3050E+06  .2872E+06   .9999764 -.0047594  .0049571
T   94  2 .4500903E+07   1000000E+02 -.2471E+05  .2043E+05   .9999978 -.0013681  .0016179
T   95  2 .4526637E+07   1000000E+02 -.5290E+05  .2237E+06   .9999453 -.0017849 -.0103091
T   96  2 .4533029E+07   1000000E+02  .3421E+05  .4607E+06   .9999625 -.0047787  .0072199
T   97  2 .4484698E+07   1000000E+02 -.9783E+05  .6961E+06   .9999764  .0026976  .0063255
T   98  2 .4481105E+07   1000000E+02 -.7966E+05 -.3778E+06   .9999093 -.0044505 -.0127106
T   99  2 .4457727E+07   1000000E+02  .8020E+06 -.5704E+06   .9999387 -.0016938 -.0109460
T  100  2 .4472026E+07   1000000E+02 -.2114E+06 -.5364E+06   .9998858 -.0103978 -.0109714
T  101  2 .4455007E+07   1000000E+02 -.8226E+05  .1106E+06   .9999410 -.0025776  .0105516
T  102  2 .4490866E+07   1000000E+02  .5435E+06  .1360E+06   .9999562  .0093537  .0002910
T  103  2 .4509073E+07   1000000E+02 -.6962E+06 -.2402E+06   .9999730 -.0073121 -.0007145
T  104  2 .4507468E+07   1000000E+02 -.4134E+06  .7413E+06   .9998284 -.0121612  .0139744
T  105  2 .4495436E+07   1000000E+02 -.2220E+07  .1026E+07   .9993210 -.0321166  .0180555
T  106  2 .4518256E+07   1000000E+02 -.3456E+06 -.5634E+05   .9999958  .0028210  .0006992
T  107  2 .4522263E+07   1000000E+02 -.8591E+05 -.5879E+05   .9999872 -.0006906  .0050196
T  108  2 .4538853E+07   1000000E+02  .3631E+06  .6815E+06   .9999031  .0030827  .0135788
T  109  2 .4489266E+07   1000000E+02 -.1698E+06  .2681E+06   .9999670  .0079378 -.0017162
T  110  2 .4508541E+07   1000000E+02  .1623E+06 -.7073E+06   .9999576  .0026282 -.0088279
T  111  2 .4477050E+07   1000000E+02 -.4120E+06 -.4716E+06   .9999851 -.0027746 -.0046981
T  112  2 .4513990E+07   1000000E+02  .6625E+06  .2423E+05   .9999876  .0049394  .0006613
T  113  2 .4531546E+07   1000000E+02  .3803E+06  .4134E+06   .9999757  .0062681  .0030453
T  114  2 .4473216E+07   1000000E+02  .1590E+05 -.1218E+06   .9999955 -.0026192 -.0014752
T  115  2 .4516569E+07   1000000E+02  .1850E+06 -.1133E+07   .9997568  .0040977 -.0216692
T  116  2 .4493345E+07   1000000E+02  .4053E+06 -.6473E+06   .9999372  .0037674 -.0105574
T  117  2 .4503001E+07   1000000E+02  .2644E+06  .5670E+06   .9999020  .0139652  .0009605
T  118  2 .4524590E+07   1000000E+02  .6805E+06  .1422E+06   .9999576  .0077424 -.0049922
T  119  2 .4496397E+07   1000000E+02 -.5037E+06  .2844E+06   .9999622 -.0069448  .0052389
T  120  2 .4488418E+07   1000000E+02  .8391E+06 -.3803E+06   .9998805  .0138383 -.0068839
T  121  2 .4491985E+07   1000000E+02 -.2541E+04  .3187E+06   .9999829 -.0024655  .0052963
T  122  2 .4487166E+07   1000000E+02 -.5273E+06  .1327E+06   .9998900 -.0142274  .0041862
T  123  2 .4488647E+07   1000000E+02 -.4111E+06  .3184E+06   .9998627 -.0120930  .0113292
T  124  2 .4515914E+07   1000000E+02  .1891E+06  .4605E+05   .9999492  .0068924 -.0073507
T  125  2 .4479533E+07   1000000E+02  .6600E+06 -.3134E+06   .9999105  .0133782  .0002272
T  126  2 .4513774E+07   1000000E+02  .8216E+06  .5650E+05   .9998832  .0143756 -.0051884
T  127  2 .4500121E+07   1000000E+02  .3132E+06 -.1480E+06   .9999693  .0066707 -.0041031
T  128  2 .4511951E+07   1000000E+02 -.4032E+06  .4077E+05   .9999447 -.0087871  .0057703
T  129  2 .4528311E+07   1000000E+02  .4804E+06  .4317E+06   .9999158  .0104998  .0076214
T  130  2 .4518112E+07   1000000E+02 -.3577E+05 -.1318E+06   .9999875 -.0031241 -.0038977
T  131  2 .4510921E+07   1000000E+02  .9277E+05 -.5754E+06   .9999453  .0031264 -.0099794
T  132  2 .4498008E+07   1000000E+02 -.2524E+06  .6620E+05   .9999850 -.0053123  .0013212
T  133  2 .4532286E+07   1000000E+02  .1844E+06  .1883E+06   .9999883  .0039884  .0027192
T  134  2 .4507269E+07   1000000E+02  .4972E+06  .3221E+06   .9996739  .0181405  .0179736
T  135  2 .4535130E+07   1000000E+02  .2727E+06  .1723E+06   .9999724  .0055576  .0049333
T  136  2 .4465570E+07   1000000E+02  .3735E+06  .4847E+06   .9999178  .0106965  .0070745
T  137  2 .4512107E+07   1000000E+02  .2964E+06 -.2420E+06   .9999735  .0042582 -.0059056
T  138  2 .4473274E+07   1000000E+02 -.1803E+06  .2785E+06   .9999954 -.0021738  .0021299
T  139  2 .4469779E+07   1000000E+02 -.1009E+07 -.4949E+06   .9999234 -.0120496 -.0028456
T  140  2 .4473433E+07   1000000E+02  .7631E+05 -.2128E+06   .9999999 -.0001086 -.0003742
T  141  2 .4501660E+07   1000000E+02  .1976E+06 -.4069E+04   .9999633  .0020405  .0083250
T  142  2 .4482629E+07   1000000E+02 -.1005E+03  .8145E+05   .9999735  .0072692  .0004022
T  143  2 .4477747E+07   1000000E+02  .6765E+06  .3126E+06   .9999104  .0128155  .0038609
T  144  2 .4508130E+07   1000000E+02  .4016E+06  .6704E+06   .9998514  .0017194  .0171542
T  145  2 .4494503E+07   1000000E+02 -.5176E+06 -.7849E+04   .9999205 -.0119291 -.0040768
T  146  2 .4495511E+07   1000000E+02  .6095E+05 -.3017E+07   .9996295  .0003938 -.0272175
T  147  2 .4499630E+07   1000000E+02 -.6072E+05  .4712E+05   .9999765 -.0060435  .0032439
T  148  2 .4491973E+07   1000000E+02  .5254E+06 -.8090E+06   .9997415  .0113346 -.0197111
T  149  2 .4507122E+07   1000000E+02 -.1495E+07  .1276E+05   .9992823 -.0378350  .0018379
T  150  2 .4507701E+07   1000000E+02 -.1742E+06  .1776E+06   .9999485  .0068481  .0074964
T  151  2 .4511927E+07   1000000E+02 -.3174E+06  .3458E+06   .9999468 -.0065429  .0079727
T  152  2 .4509769E+07   1000000E+02  .1048E+06  .3555E+06   .9999810  .0049218  .0037184
T  153  2 .4480328E+07   1000000E+02 -.4319E+06  .7392E+06   .9999560 -.0026394  .0090034
T  154  2 .4504579E+07   1000000E+02  .3171E+06 -.4257E+06   .9998873  .0088018 -.0121582
T  155  2 .4530877E+07   1000000E+02  .7440E+06  .9528E+06   .9999345  .0017307  .0113153
T  156  2 .4499508E+07   1000000E+02 -.3173E+06  .4452E+06   .9999069 -.0135624 -.0014685
T  157  2 .4503497E+07   1000000E+02 -.4794E+06  .2421E+06   .9999872 -.0050000  .0007935
T  158  2 .4490146E+07   1000000E+02  .1615E+05  .3384E+05   .9999902 -.0039520 -.0020199
T  159  2 .4429725E+07   1000000E+02  .3111E+07 -.5914E+07   .9880931  .0697354 -.1371462
T  160  2 .4480872E+07   1000000E+02 -.3744E+06 -.5186E+06   .9993631 -.0118786 -.0336505
T  161  2 .4494078E+07   1000000E+02  .3384E+06 -.2148E+06   .9999296  .0117452 -.0016979
T  162  2 .4524196E+07   1000000E+02  .1953E+06 -.4311E+06   .9999853  .0013268 -.0052597
T  163  2 .4485593E+07   1000000E+02  .2736E+06 -.4816E+06   .9999143  .0034573 -.0126305
T  164  2 .4483823E+07   1000000E+02  .9539E+06  .1970E+06   .9998815  .0152865  .0017980
T  165  2 .4487150E+07   1000000E+02  .7630E+06 -.2669E+06   .9999625  .0083825 -.0021627
T  166  2 .4475250E+07   1000000E+02 -.2951E+06 -.7412E+06   .9999087 -.0044724 -.0127478
T  167  2 .4477982E+07   1000000E+02 -.7322E+06 -.2601E+06   .9998517 -.0171847 -.0010801
T  168  2 .4485423E+07   1000000E+02 -.1624E+06 -.5022E+06   .9999838 -.0054426  .0016788
T  169  2 .4532726E+07   1000000E+02 -.2566E+06 -.4601E+05   .9999811 -.0055750 -.0026060
T  170  2 .4520459E+07   1000000E+02  .4752E+06 -.6894E+05   .9997869  .0203741  .0033173
T  171  2 .4459061E+07   1000000E+02 -.4210E+06 -.4570E+06   .9999590 -.0089591 -.0013042
T  172  2 .4495699E+07   1000000E+02  .1861E+06  .1402E+05   .9999843 -.0046345 -.0031401
T  173  2 .4471619E+07   1000000E+02  .2929E+06 -.4708E+05   .9999895  .0038822  .0024404
T  174  2 .4521848E+07   1000000E+02  .1770E+06 -.8771E+05   .9999813 -.0061063 -.0002431
T  175  2 .4485868E+07   1000000E+02  .4268E+05 -.8211E+06   .9999532  .0005867 -.0096605
T  176  2 .4498656E+07   1000000E+02  .4900E+06 -.1115E+07   .9999199  .0051013 -.0115833
T  177  2 .4503028E+07   1000000E+02  .2498E+06 -.7522E+06   .9999507  .0035493 -.0092753
T  178  2 .4530145E+07   1000000E+02  .1370E+06  .2805E+05   .9999916  .0011993  .0039198
T  179  2 .4506601E+07   1000000E+02 -.1533E+06  .6584E+06   .9999504 -.0038890  .0091667
T  180  2 .4496428E+07   1000000E+02 -.9816E+06  .7457E+05   .9998783 -.0155643 -.0010957
T  181  2 .4521315E+07   1000000E+02 -.7212E+06  .4902E+06   .9999386 -.0081596  .0075010
T  182  2 .4518712E+07   1000000E+02 -.9901E+05  .3662E+06   .9999797 -.0058214  .0026003
T  183  2 .4508984E+07   1000000E+02  .8735E+06 -.4145E+06   .9999127  .0111142 -.0071433
T  184  2 .4503226E+07   1000000E+02 -.1850E+05 -.1332E+06   .9999959 -.0000692 -.0028783
T  185  2 .4486693E+07   1000000E+02  .5233E+06  .5492E+04   .9999392  .0092170  .0060480
T  186  2 .4529643E+07   1000000E+02  .7511E+03 -.2547E+06   .9999293  .0009289 -.0118563
T  187  2 .4521128E+07   1000000E+02  .5554E+06 -.9197E+06   .9997850  .0119889 -.0169174
T  188  2 .4493913E+07   1000000E+02 -.1189E+06 -.8939E+06   .9995924 -.0115151 -.0261252
T  189  2 .4484444E+07   1000000E+02  .1032E+06 -.1491E+06   .9999710 -.0020473 -.0073407
T  190  2 .4512221E+07   1000000E+02 -.1262E+06 -.4667E+06   .9998630 -.0047966 -.0158422
T  191  2 .4499270E+07   1000000E+02  .8795E+06  .3076E+06   .9998046  .0123291  .0154539
T  192  2 .4507224E+07   1000000E+02  .4233E+06 -.1507E+06   .9999203  .0125119 -.0016668
T  193  2 .4519952E+07   1000000E+02  .4723E+06  .2115E+06   .9999682  .0076702 -.0021873
T  194  2 .4538728E+07   1000000E+02 -.5895E+06  .3226E+06   .9998913 -.0145121  .0026045
T  195  2 .4523819E+07   1000000E+02  .1154E+06  .5233E+06   .9999861 -.0013299  .0050937
T  196  2 .4506563E+07   1000000E+02  .1494E+06  .1209E+06   .9999419  .0107802 -.0002386
T  197  2 .4522606E+07   1000000E+02 -.2429E+06  .2763E+05   .9999851 -.0012170 -.0053162
T  198  2 .4480287E+07   1000000E+02  .1110E+06  .4059E+06   .9999842  .0045965  .0032241
T  199  2 .4519231E+07   1000000E+02  .1964E+06 -.1995E+05   .9999932 -.0018895  .0031615
T  200  2 .4494470E+07   1000000E+02 -.4954E+04  .3975E+06   .9999670  .0003598  .0081130
T  201  2 .4517004E+07   1000000E+02  .6538E+05 -.4674E+06   .9999795  .0022467 -.0059934
T  202  2 .4483408E+07   1000000E+02  .2599E+06  .1720E+06   .9999591  .0048509  .0076392
T  203  2 .4489961E+07   1000000E+02  .7717E+06 -.2631E+06   .9999304  .0089978 -.0076270
T  204  2 .4516783E+07   1000000E+02 -.2423E+06  .2607E+04   .9999666 -.0081712 -.0001639
T  205  2 .4519723E+07   1000000E+02  .6029E+06  .4218E+06   .9998417  .0132056  .0119265
T  206  2 .4547909E+07   1000000E+02  .1245E+05  .7450E+06   .9998322  .0089724  .0159698
T  207  2 .4541481E+07   1000000E+02 -.5370E+06  .3730E+06   .9998803 -.0107056  .0111747
T  208  2 .4494623E+07   1000000E+02  .1813E+06  .1174E+07   .9997625  .0040973  .0214039
T  209  2 .4509907E+07   1000000E+02  .2708E+06 -.3272E+06   .9999595  .0052458 -.0073180
T  210  2 .4485748E+07   1000000E+02 -.3816E+05 -.3598E+06   .9996821 -.0072320 -.0241557
T  211  2 .4478954E+07   1000000E+02 -.2158E+06 -.3521E+06   .9999933  .0028513 -.0022877
T  212  2 .4503460E+07   1000000E+02  .1113E+05 -.8379E+04   .9999853  .0007049  .0053677
T  213  2 .4534144E+07   1000000E+02  .1181E+06  .6009E+06   .9999394  .0053596  .0096188
T  214  2 .4508639E+07   1000000E+02 -.3791E+06 -.1470E+06   .9999527 -.0021909 -.0094714
T  215  2 .4511582E+07   1000000E+02  .4956E+06 -.1666E+06   .9999280  .0117041 -.0026441
T  216  2 .4549617E+07   1000000E+02 -.8165E+04 -.3460E+06   .9999720 -.0056599 -.0048892
T  217  2 .4522380E+07   1000000E+02  .4830E+06  .4134E+05   .9998797 -.0020337  .0153761
T  218  2 .4500607E+07   1000000E+02 -.1497E+06 -.3396E+06   .9999794 -.0060995 -.0019866
T  219  2 .4496319E+07   1000000E+02  .4390E+06 -.3369E+06   .9999361  .0078967 -.0080876
T  220  2 .4471209E+07   1000000E+02  .7530E+06  .1503E+07   .9993789  .0246755  .0251572
T  221  2 .4524002E+07   1000000E+02 -.5690E+06 -.6883E+05   .9999008 -.0126547  .0061877
T  222  2 .4515628E+07   1000000E+02 -.4179E+05 -.5975E+05   .9999970 -.0010641  .0021917
T  223  2 .4500161E+07   1000000E+02 -.8463E+06 -.6899E+06   .9998743 -.0110392 -.0113846
T  224  2 .4529204E+07   1000000E+02 -.2412E+06 -.4009E+06   .9998720 -.0038960 -.0155172
T  225  2 .4504809E+07   1000000E+02  .6296E+06 -.6527E+06   .9999116  .0095575 -.0092464
T  226  2 .4507191E+07   1000000E+02 -.7538E+06 -.4758E+06   .9991741 -.0393319 -.0102084
T  227  2 .4488330E+07   1000000E+02 -.7265E+05 -.5512E+06   .9999481 -.0060110 -.0082223
T  228  2 .4501077E+07   1000000E+02  .1181E+06 -.4426E+06   .9999361 -.0027960 -.0109568
T  229  2 .4531868E+07   1000000E+02  .2899E+06  .4860E+04   .9999777 -.0064221 -.0018566
T  230  2 .4472702E+07   1000000E+02 -.2290E+06  .3568E+06   .9999107 -.0090340  .0098520
T  231  2 .4473962E+07   1000000E+02  .4572E+06  .9970E+05   .9999151  .0114390  .0062414
T  232  2 .4514547E+07   1000000E+02  .1107E+06 -.9078E+05   .9999706  .0069157  .0033167
T  233  2 .4528120E+07   1000000E+02  .5024E+05  .3421E+06   .9999870  .0022847  .0045683
T  234  2 .4505465E+07   1000000E+02  .3142E+06  .6638E+06   .9998274  .0125533  .0136937
T  235  2 .4489484E+07   1000000E+02 -.4467E+06 -.9215E+05   .9999988  .0004285  .0014777
T  236  2 .4500739E+07   1000000E+02 -.4953E+06  .2122E+06   .9999503 -.0091940 -.0038615
T  237  2 .4516887E+07   1000000E+02 -.2905E+06 -.7034E+06   .9999470 -.0017144 -.0101544
T  238  2 .4477860E+07   1000000E+02  .2416E+07  .1098E+07   .9997847  .0207487 -.0000370
T  239  2 .4495570E+07   1000000E+02 -.6560E+05 -.9451E+05   .9999948  .0011905 -.0030129
T  240  2 .4490608E+07   1000000E+02  .1438E+06 -.4227E+06   .9998657  .0154271 -.0055247
T  241  2 .4489988E+07   1000000E+02  .6679E+06 -.1328E+06   .9999524  .0080823 -.0054680
T  242  2 .4500158E+07   1000000E+02 -.5121E+06  .1201E+06   .9999418 -.0104925 -.0025231
T  243  2 .4517561E+07   1000000E+02  .1690E+05 -.3620E+06   .9999373 -.0015313 -.0110939
T  244  2 .4453814E+07   1000000E+02 -.6081E+06 -.2499E+06   .9996881 -.0249659  .0006201
T  245  2 .4496324E+07   1000000E+02 -.5136E+06  .3463E+06   .9999998  .0005462  .0000755
T  246  2 .4487251E+07   1000000E+02 -.3740E+05 -.1144E+06   .9999983 -.0006427 -.0017169
T  247  2 .4501967E+07   1000000E+02  .2117E+05 -.4935E+05   .9999645 -.0035626 -.0076385
T  248  2 .4498875E+07   1000000E+02 -.3828E+05  .5173E+06   .9999521 -.0062653  .0075228
T  249  2 .4448914E+07   1000000E+02  .3444E+06  .9282E+06   .9999374 -.0042917  .0103318
T  250  2 .4468106E+07   1000000E+02  .3342E+06  .3648E+06   .9999806  .0041918  .0046113
T  251  2 .4460059E+07   1000000E+02  .7304E+06  .9537E+05   .9999567  .0087899  .0030589
T  252  2 .4509249E+07   1000000E+02 -.1332E+06 -.5249E+06   .9998801 -.0106373 -.0112539
T  253  2 .4496488E+07   1000000E+02  .9724E+05 -.2392E+05   .9999960  .0024393 -.0014039
T  254  2 .4531804E+07   1000000E+02  .6181E+06  .1935E+06   .9999855  .0036433  .0039701
T  255  2 .4460693E+07   1000000E+02 -.2398E+06  .4103E+05   .9998298 -.0184228  .0010356
T  256  2 .4486707E+07   1000000E+02 -.9173E+06 -.1174E+07   .9995969 -.0162639 -.0232704
T  257  2 .4476621E+07   1000000E+02 -.2101E+06 -.4629E+06   .9999819  .0051666 -.0030754
T  258  2 .4496335E+07   1000000E+02 -.6656E+06  .4619E+05   .9999657 -.0076446  .0031801
T  259  2 .4483500E+07   1000000E+02  .7831E+06 -.5646E+06   .9999539  .0009544 -.0095568
T  260  2 .4478629E+07   1000000E+02 -.8025E+06  .7509E+05   .9999450 -.0104467  .0009455
T  261  2 .4563615E+07   1000000E+02 -.1751E+05 -.1428E+06   .9999399  .0051404  .0096792
T  262  2 .4517464E+07   1000000E+02 -.4200E+06 -.3362E+06   .9999379 -.0031836 -.0106779
T  263  2 .4464081E+07   1000000E+02  .4110E+06  .2181E+06   .9999505  .0089184  .0044173
T  264  2 .4507128E+07   1000000E+02 -.1417E+06 -.3486E+06   .9999840  .0015901 -.0054378
T  265  2 .4516991E+07   1000000E+02  .3111E+05  .1578E+05   .9999352  .0113252  .0011379
T  266  2 .4458290E+07   1000000E+02 -.3885E+06  .3826E+06   .9999661  .0020720  .0079681
T  267  2 .4521257E+07   1000000E+02  .1167E+07 -.5766E+06   .9998901  .0109130 -.0100338
T  268  2 .4493598E+07   1000000E+02 -.6738E+05 -.3153E+05   .9999895  .0001624 -.0045798
T  269  2 .4531003E+07   1000000E+02 -.1137E+07  .5487E+06   .9998768 -.0153900  .0031037
T  270  2 .4465646E+07   1000000E+02 -.4575E+06 -.1140E+06   .9999543 -.0089955  .0032333
T  271  2 .4496050E+07   1000000E+02  .1419E+07 -.8028E+05   .9998283  .0184936  .0011388
T  272  2 .4475252E+07   1000000E+02 -.1887E+06 -.5487E+06   .9999501  .0029408 -.0095444
T  273  2 .4522628E+07   1000000E+02 -.4807E+06  .1073E+06   .9999616 -.0086577  .0013246
T  274  2 .4467169E+07   1000000E+02  .5623E+06 -.5809E+06   .9999206  .0126000 -.0001524
T  275  2 .4507584E+07   1000000E+02  .2573E+06  .2308E+06   .9998802  .0083173  .0130507
T  276  2 .4483099E+07   1000000E+02 -.3588E+05  .7795E+06   .9998076  .0036363  .0192736
T  277  2 .4472761E+07   1000000E+02  .7780E+05  .8281E+05   .9998145  .0133377  .0138932
T  278  2 .4484555E+07   1000000E+02  .2395E+06  .2315E+06   .9998819  .0102467  .0114570
T  279  2 .4505829E+07   1000000E+02 -.2687E+05 -.8333E+05   .9999146  .0077731  .0105041
T  280  2 .4513687E+07   1000000E+02 -.5523E+06 -.2978E+06   .9999638 -.0057674 -.0062489
T  281  2 .4458759E+07   1000000E+02  .8166E+06 -.2595E+06   .9999228  .0118183 -.0038474
T  282  2 .4503807E+07   1000000E+02  .1625E+06  .2455E+06   .9999252 -.0010493  .0121825
T  283  2 .4490723E+07   1000000E+02  .5419E+06 -.5389E+06   .9998847  .0050101 -.0143338
T  284  2 .4487641E+07   1000000E+02 -.7375E+06  .4473E+06   .9999359 -.0054712  .0099155
T  285  2 .4492322E+07   1000000E+02  .4267E+05 -.6619E+06   .9998426 -.0034583 -.0174003
T  286  2 .4507663E+07   1000000E+02  .1654E+06 -.6048E+05   .9999769  .0067891 -.0002646
T  287  2 .4496475E+07   1000000E+02 -.4117E+06  .7902E+05   .9999976 -.0021342  .0005552
T  288  2 .4512080E+07   1000000E+02 -.1157E+07 -.9296E+06   .9997418 -.0104758 -.0201664
T  289  2 .4500620E+07   1000000E+02  .1952E+06  .3551E+06   .9999670  .0010305  .0080525
T  290  2 .4499737E+07   1000000E+02  .1268E+06  .1841E+06   .9999990 -.0005463  .0013273
T  291  2 .4509282E+07   1000000E+02  .3784E+06  .3447E+06   .9999459  .0077664  .0069210
T  292  2 .4486916E+07   1000000E+02  .6981E+04 -.1468E+06   .9999905  .0043280 -.0005736
T  293  2 .4445314E+07   1000000E+02  .1460E+07 -.3322E+06   .9994655  .0214664 -.0246546
T  294  2 .4492420E+07   1000000E+02 -.2227E+07 -.7474E+06   .9996758 -.0246299 -.0064505
T  295  2 .4486338E+07   1000000E+02 -.5225E+06  .5142E+06   .9999649 -.0027129  .0079254
T  296  2 .4508931E+07   1000000E+02  .2767E+06 -.7139E+06   .9998320 -.0078942 -.0165408
T  297  2 .4482531E+07   1000000E+02 -.2455E+06  .8186E+06   .9998843  .0049139  .0143952
T  298  2 .4511113E+07   1000000E+02 -.4557E+05  .4429E+05   .9998866 -.0143831  .0044520
T  299  2 .4505480E+07   1000000E+02  .3456E+05 -.2031E+06   .9999957 -.0022929 -.0018428
T  300  2 .4504654E+07   1000000E+02 -.6415E+06 -.8966E+06   .9997280 -.0052383 -.0227277
T  301  2 .4480043E+07   1000000E+02 -.1372E+06  .1679E+06   .9999656  .0052177 -.0064450
T  302  2 .4526715E+07   1000000E+02 -.2030E+06  .8088E+06   .9997732 -.0104779  .0185386
T  303  2 .4498695E+07   1000000E+02 -.3496E+06  .2821E+06   .9999529 -.0096816  .0006559
T  304  2 .4499020E+07   1000000E+02 -.1169E+07 -.1719E+05   .9999150 -.0122909  .0043607
T  305  2 .4473597E+07   1000000E+02 -.5889E+06 -.4982E+06   .9996148 -.0180300 -.0210990
T  306  2 .4499086E+07   1000000E+02  .3759E+06 -.8414E+05   .9999176  .0125920  .0024955
T  307  2 .4504574E+07   1000000E+02 -.7043E+06 -.3176E+06   .9998768 -.0123897 -.0096344
T  308  2 .4486950E+07   1000000E+02 -.5043E+06 -.1424E+07   .9996009 -.0082944 -.0270051
T  309  2 .4508984E+07   1000000E+02  .4014E+06  .2948E+06   .9999781  .0050947  .0042241
T  310  2 .4472238E+07   1000000E+02  .1337E+05  .4621E+06   .9999770  .0003846  .0067739
T  311  2 .4489560E+07   1000000E+02 -.9211E+05 -.2407E+06   .9999626  .0048870 -.0071422
T  312  2 .4562419E+07   1000000E+02  .2724E+06  .5081E+06   .9998675  .0097971  .0130030
T  313  2 .4505594E+07   1000000E+02 -.4163E+04  .2870E+06   .9999753  .0024450  .0065955
T  314  2 .4479430E+07   1000000E+02  .3232E+06 -.1016E+07   .9997263  .0105196 -.0208945
T  315  2 .4508907E+07   1000000E+02  .7251E+05 -.8981E+05   .9999997 -.0006245 -.0005511
T  316  2 .4496769E+07   1000000E+02  .3360E+06 -.3833E+06   .9999978 -.0006333  .0019768
T  317  2 .4507109E+07   1000000E+02 -.7427E+06  .1767E+06   .9999193 -.0121729  .0036363
T  318  2 .4513276E+07   1000000E+02  .1357E+07 -.2963E+06   .9997729  .0198055 -.0078682
T  319  2 .4520090E+07   1000000E+02 -.2396E+06 -.3558E+06   .9999590 -.0008814 -.0090068
T  320  2 .4499720E+07   1000000E+02  .5442E+06 -.8126E+06   .9997676  .0093820 -.0194107
T  321  2 .4513496E+07   1000000E+02 -.2645E+06 -.3353E+06   .9999700 -.0043659 -.0064041
T  322  2 .4477258E+07   1000000E+02 -.3662E+06 -.4883E+05   .9999956 -.0021993  .0019743
T  323  2 .4516002E+07   1000000E+02  .5544E+06 -.4743E+06   .9999662  .0082193  .0002890
T  324  2 .4492984E+07   1000000E+02 -.6381E+06 -.1011E+07   .9999427 -.0028060 -.0103297
T  325  2 .4477424E+07   1000000E+02 -.1046E+07  .9736E+06   .9998746 -.0129167  .0091648
T  326  2 .4518978E+07   1000000E+02  .1151E+06  .4710E+06   .9999469  .0038487  .0095574
T  327  2 .4507058E+07   1000000E+02 -.2777E+06 -.8693E+06   .9997790  .0008297 -.0210041
T  328  2 .4520090E+07   1000000E+02  .6141E+05  .8554E+04   .9999885 -.0035572  .0032307
T  329  2 .4527464E+07   1000000E+02 -.7225E+06 -.7921E+06   .9998941 -.0054655 -.0134892
T  330  2 .4468329E+07   1000000E+02 -.3382E+06 -.2146E+05   .9999958 -.0028763  .0003367
T  331  2 .4476097E+07   1000000E+02  .4221E+06 -.2180E+06   .9998972  .0123979 -.0072069
T  332  2 .4480931E+07   1000000E+02  .5990E+06  .3092E+06   .9997827  .0189610 -.0086670
T  333  2 .4475310E+07   1000000E+02  .7026E+06 -.9304E+06   .9998870  .0085406 -.0123685
T  334  2 .4494294E+07   1000000E+02 -.1283E+05  .9763E+05   .9999979  .0016114  .0012622
T  335  2 .4509029E+07   1000000E+02  .6227E+06 -.4445E+06   .9999623  .0081646 -.0029486
T  336  2 .4507834E+07   1000000E+02  .2957E+06 -.1047E+06   .9998735  .0136454 -.0081769
T  337  2 .4478229E+07   1000000E+02  .2779E+05 -.3168E+06   .9999863  .0016178 -.0049697
T  338  2 .4484202E+07   1000000E+02 -.7485E+06  .1092E+07   .9998451 -.0057859  .0166234
T  339  2 .4507410E+07   1000000E+02  .1124E+07 -.9033E+06   .9997210  .0180437 -.0152432
T  340  2 .4503454E+07   1000000E+02  .1145E+06 -.5252E+06   .9999299  .0051034 -.0106808
T  341  2 .4518329E+07   1000000E+02 -.3093E+06  .1409E+06   .9999608 -.0084222 -.0027309
T  342  2 .4512217E+07   1000000E+02 -.4181E+06  .2051E+06   .9999737 -.0025378  .0067942
T  343  2 .4480459E+07   1000000E+02  .1282E+07  .9082E+06   .9997765  .0185238  .0101868
T  344  2 .4455017E+07   1000000E+02 -.1683E+07 -.4927E+06   .9998499 -.0085141 -.0150866
T  345  2 .4519327E+07   1000000E+02  .1813E+06  .1590E+06   .9999428  .0024342 -.0104138
T  346  2 .4477425E+07   1000000E+02  .4774E+05  .1676E+06   .9999736  .0031106  .0065609
T  347  2 .4508177E+07   1000000E+02  .5566E+05 -.1215E+06   .9999596  .0089714  .0005609
T  348  2 .4476436E+07   1000000E+02  .5916E+06  .5047E+06   .9998428  .0078910  .0158805
T  349  2 .4490598E+07   1000000E+02  .2574E+06  .1772E+05   .9999642  .0055281 -.0063991
T  350  2 .4528709E+07   1000000E+02 -.7331E+06 -.1374E+06   .9998322 -.0136489 -.0122167
T  351  2 .4501445E+07   1000000E+02  .5200E+06 -.3548E+05   .9999200  .0125202  .0018127
T  352  2 .4495732E+07   1000000E+02 -.5918E+06 -.2565E+06   .9999825 -.0056517  .0017367
T  353  2 .4503852E+07   1000000E+02  .1158E+05 -.2417E+06   .9999979  .0017118 -.0011227
T  354  2 .4499872E+07   1000000E+02  .5641E+06  .4302E+06   .9999744  .0062990  .0034087
T  355  2 .4485950E+07   1000000E+02  .1442E+06  .3378E+06   .9999847  .0055286 -.0000479
T  356  2 .4486278E+07   1000000E+02  .9087E+06 -.6115E+05   .9999106  .0128978 -.0035207
T  357  2 .4495029E+07   1000000E+02  .9837E+06  .2202E+06   .9997862  .0182641  .0096893
T  358  2 .4524523E+07   1000000E+02 -.1114E+06 -.1118E+07   .9998870  .0031357 -.0146991
T  359  2 .4517059E+07   1000000E+02  .1130E+06  .3578E+05   .9999631  .0072540  .0046071
T  360  2 .4471697E+07   1000000E+02  .2161E+07 -.3288E+07   .9899514  .0836569 -.1140078
T  361  2 .4472033E+07   1000000E+02  .3051E+06 -.1087E+07   .9998374  .0102724 -.0148175
T  362  2 .4480209E+07   1000000E+02 -.2788E+06 -.7255E+05   .9999888 -.0026726  .0039036
T  363  2 .4471217E+07   1000000E+02  .4206E+06  .8481E+06   .9998520  .0111894  .0130649
T  364  2 .4488980E+07   1000000E+02  .1711E+05 -.3024E+06   .9999549  .0018328 -.0093213
T  365  2 .4498674E+07   1000000E+02  .4378E+06 -.8728E+05   .9998881  .0132968 -.0068552
T  366  2 .4507449E+07   1000000E+02  .3184E+06  .2451E+06   .9999598  .0041286  .0079631
T  367  2 .4460541E+07   1000000E+02  .2357E+06  .4895E+05   .9999896  .0038394 -.0024699
T  368  2 .4492139E+07   1000000E+02  .3240E+06  .2335E+06   .9999874  .0017527  .0046986
T  369  2 .4483334E+07   1000000E+02 -.1819E+06 -.8775E+06   .9998886 -.0099143 -.0111555
T  370  2 .4480596E+07   1000000E+02 -.1204E+06  .1696E+06   .9999967  .0012680 -.0022346
T  371  2 .4507941E+07   1000000E+02  .3487E+06  .2738E+06   .9999303  .0077876  .0088754
T  372  2 .4542709E+07   1000000E+02  .3808E+06  .3047E+06   .9999834  .0054036  .0019962
T  373  2 .4540057E+07   1000000E+02  .2856E+06 -.4839E+05   .9999772  .0053254  .0041487
T  374  2 .4474784E+07   1000000E+02  .1987E+06 -.2234E+06   .9999079  .0041351 -.0129269
T  375  2 .4495831E+07   1000000E+02  .2670E+06  .4561E+06   .9998987  .0107340  .0093433
T  376  2 .4451081E+07   1000000E+02  .6022E+06  .1520E+06   .9999274  .0120358 -.0005785
T  377  2 .4488454E+07   1000000E+02  .2738E+06  .1140E+06   .9999701  .0074772 -.0019773
T  378  2 .4518382E+07   1000000E+02 -.3504E+05 -.2814E+05   .9999929 -.0031876  .0020155
T  379  2 .4521835E+07   1000000E+02 -.6914E+06 -.7558E+06   .9998011 -.0152704 -.0128295
T  380  2 .4466419E+07   1000000E+02 -.1032E+06  .4759E+06   .9999698 -.0054159  .0055677
T  381  2 .4530700E+07   1000000E+02  .2155E+06 -.1447E+07   .9997810 -.0018428 -.0208450
T  382  2 .4518105E+07   1000000E+02  .5112E+06 -.4237E+05   .9998413  .0166992  .0062035
T  383  2 .4481420E+07   1000000E+02  .2515E+06  .3606E+06   .9999488  .0070124  .0072931
T  384  2 .4477569E+07   1000000E+02 -.6490E+06 -.7282E+05   .9998809 -.0151408 -.0029807
T  385  2 .4491104E+07   1000000E+02 -.1894E+06  .3815E+06   .9999831 -.0036770  .0044928
T  386  2 .4537558E+07   1000000E+02 -.6832E+04  .4555E+06   .9999600 -.0055157  .0070429
T  387  2 .4529681E+07   1000000E+02  .3731E+06 -.3316E+06   .9999945 -.0009023 -.0031798
T  388  2 .4489185E+07   1000000E+02 -.6104E+06 -.8051E+05   .9999392 -.0104746 -.0034445
T  389  2 .4514320E+07   1000000E+02 -.6020E+06 -.1410E+07   .9999265  .0009037 -.0120942
T  390  2 .4494399E+07   1000000E+02  .3257E+06  .2782E+06   .9999780  .0040704  .0052420
T  391  2 .4451908E+07   1000000E+02  .1208E+06 -.3855E+06   .9999526 -.0089617 -.0038106
T  392  2 .4531710E+07   1000000E+02 -.5973E+06  .4395E+04   .9998982 -.0140618  .0024203
T  393  2 .4490229E+07   1000000E+02  .6193E+06  .3682E+06   .9983452  .0299042  .0491174
T  394  2 .4510401E+07   1000000E+02  .4484E+06 -.2193E+06   .9999853  .0053274 -.0009711
T  395  2 .4479947E+07   1000000E+02  .2438E+06  .2407E+06   .9997777  .0199198  .0069086
T  396  2 .4498657E+07   1000000E+02  .2360E+06  .1528E+06   .9999951  .0010065  .0029644
T  397  2 .4504292E+07   1000000E+02 -.8852E+05  .3572E+06   .9999627 -.0059197  .0062885
T  398  2 .4486504E+07   1000000E+02  .2517E+06  .2157E+06   .9999723  .0070684  .0023500
T  399  2 .4487980E+07   1000000E+02  .1136E+05 -.4644E+06   .9999939 -.0003952 -.0034565
T  400  2 .4505866E+07   1000000E+02  .7390E+06 -.5653E+05   .9998793  .0145520 -.0054449
T  401  2 .4487505E+07   1000000E+02  .3872E+06  .1627E+06   .9999684  .0071709  .0034426
T  402  2 .4489280E+07   1000000E+02  .4723E+06 -.4745E+05   .9998625  .0164512 -.0020974
T  403  2 .4455716E+07   1000000E+02  .1490E+06  .5239E+06   .9999683 -.0000283  .0079674
T  404  2 .4511334E+07   1000000E+02  .2061E+06 -.3939E+06   .9999717 -.0018855 -.0072819
T  405  2 .4472427E+07   1000000E+02 -.4998E+05 -.2276E+06   .9999626 -.0071287  .0048887
T  406  2 .4520610E+07   1000000E+02 -.2923E+06  .1725E+06   .9999588 -.0006156  .0090598
T  407  2 .4544281E+07   1000000E+02  .4054E+06 -.4161E+06   .9999013  .0070968 -.0121214
T  408  2 .4538498E+07   1000000E+02  .7578E+06 -.5414E+06   .9998600  .0114859 -.0121695
T  409  2 .4489693E+07   1000000E+02 -.3028E+05  .8289E+05   .9999978  .0021068  .0001516
T  410  2 .4496392E+07   1000000E+02 -.6125E+06  .8170E+06   .9995941 -.0163958  .0232993
T  411  2 .4493797E+07   1000000E+02  .1138E+06 -.3138E+06   .9999965 -.0002916 -.0026468
T  412  2 .4546019E+07   1000000E+02 -.1862E+06  .5066E+06   .9999464  .0030542  .0098929
T  413  2 .4521616E+07   1000000E+02  .1421E+05  .2872E+06   .9999750  .0022593  .0067061
T  414  2 .4502972E+07   1000000E+02  .3813E+06 -.2763E+06   .9999690  .0058996 -.0052102
T  415  2 .4534907E+07   1000000E+02  .9494E+06  .8243E+06   .9997930  .0113131  .0169084
T  416  2 .4517720E+07   1000000E+02  .5504E+05  .3484E+06   .9999966  .0012306 -.0023189
T  417  2 .4508049E+07   1000000E+02 -.6279E+06 -.1037E+07   .9990223 -.0368415 -.0244366
T  418  2 .4514393E+07   1000000E+02 -.4674E+06 -.5438E+06   .9998297 -.0110560 -.0147743
T  419  2 .4490001E+07   1000000E+02 -.5909E+06 -.1583E+06   .9999284 -.0110493  .0046000
T  420  2 .4471529E+07   1000000E+02  .1119E+06  .3917E+06   .9998774  .0037890  .0151907
T  421  2 .4521814E+07   1000000E+02 -.1874E+06 -.1075E+06   .9999825 -.0046779  .0036248
T  422  2 .4503433E+07   1000000E+02  .1351E+07 -.1212E+06   .9996905  .0248659 -.0008056
T  423  2 .4478869E+07   1000000E+02  .1748E+06  .6884E+05   .9999993 -.0010058  .0006835
T  424  2 .4500995E+07   1000000E+02 -.1183E+06  .4073E+06   .9997398 -.0085502  .0211490
T  425  2 .4490439E+07   1000000E+02 -.9056E+05 -.5389E+06   .9998940  .0047235 -.0137749
T  426  2 .4485229E+07   1000000E+02 -.1597E+05  .3079E+06   .9999706  .0024829  .0072508
T  427  2 .4482243E+07   1000000E+02  .6429E+06 -.1733E+06   .9999819  .0059446  .0009559
T  428  2 .4536331E+07   1000000E+02  .5765E+06 -.1123E+05   .9999655  .0078771  .0026256
T  429  2 .4509958E+07   1000000E+02 -.8543E+06  .9832E+06   .9991640 -.0202843  .0354945
T  430  2 .4471371E+07   1000000E+02  .7772E+05  .2963E+06   .9999540  .0039218  .0087525
T  431  2 .4471000E+07   1000000E+02  .4292E+06  .5290E+06   .9999729  .0066788  .0030965
T  432  2 .4486524E+07   1000000E+02 -.4400E+06  .3776E+06   .9999557 -.0091834  .0020609
T  433  2 .4526437E+07   1000000E+02  .8614E+06  .4129E+06   .9999299  .0074548  .0092004
T  434  2 .4501371E+07   1000000E+02 -.1282E+06 -.2105E+06   .9999815  .0037943 -.0047598
T  435  2 .4503684E+07   1000000E+02  .1231E+06 -.2967E+06   .9999879  .0008110 -.0048615
T  436  2 .4528460E+07   1000000E+02  .2311E+06  .2511E+06   .9999871  .0042591  .0027696
T  437  2 .4515234E+07   1000000E+02  .9758E+05  .2397E+05   .9999738  .0072283  .0002692
T  438  2 .4526404E+07   1000000E+02  .1541E+06 -.3316E+06   .9999889 -.0046554 -.0007173
T  439  2 .4520592E+07   1000000E+02 -.4568E+05  .3320E+06   .9999820 -.0024625  .0054649
T  440  2 .4474516E+07   1000000E+02  .1627E+06 -.2661E+06   .9999952  .0026325 -.0016249
T  441  2 .4485896E+07   1000000E+02 -.3100E+06  .1161E+07   .9999274  .0021557  .0118578
T  442  2 .4491793E+07   1000000E+02  .3477E+06  .1090E+06   .9999197  .0126139  .0012206
T  443  2 .4478178E+07   1000000E+02  .1291E+07  .1694E+07   .9994467  .0174941  .0282883
T  444  2 .4526321E+07   1000000E+02  .4229E+06 -.3533E+06   .9999620  .0073200 -.0047356
T  445  2 .4477587E+07   1000000E+02  .3840E+06  .1429E+06   .9999707  .0061252  .0045854
T  446  2 .4505531E+07   1000000E+02  .1970E+06  .3086E+06   .9999255 -.0032762  .0117606
T  447  2 .4513739E+07   1000000E+02  .2453E+06 -.2747E+06   .9999852  .0051092 -.0018863
T  448  2 .4504434E+07   1000000E+02  .6703E+06 -.4955E+06   .9999596  .0088879 -.0013447
T  449  2 .4455346E+07   1000000E+02  .8684E+06 -.9822E+06   .9995899 -.0024221 -.0285325
T  450  2 .4508419E+07   1000000E+02 -.4940E+06  .2310E+06   .9999149 -.0110206  .0069879
T  451  2 .4533036E+07   1000000E+02  .2552E+06 -.1114E+06   .9999766  .0062414  .0028064
T  452  2 .4498416E+07   1000000E+02  .1695E+06 -.7003E+06   .9998722 -.0042066 -.0154220
T  453  2 .4496158E+07   1000000E+02 -.2183E+06  .1507E+06   .9999999  .0000836 -.0003464
T  454  2 .4491009E+07   1000000E+02 -.1165E+07 -.2005E+06   .9997753 -.0209269 -.0033852
T  455  2 .4490478E+07   1000000E+02  .3725E+06 -.4085E+06   .9999480 -.0038673 -.0094341
T  456  2 .4462918E+07   1000000E+02  .4900E+06 -.2125E+06   .9995841  .0275520 -.0085127
T  457  2 .4497179E+07   1000000E+02  .9591E+05 -.5958E+05   .9999973  .0018854  .0013658
T  458  2 .4525383E+07   1000000E+02 -.1881E+06  .4667E+06   .9998591 -.0084906  .0144799
T  459  2 .4480179E+07   1000000E+02  .5235E+06  .1421E+06   .9999337  .0114412 -.0013167
T  460  2 .4496083E+07   1000000E+02  .6047E+06  .3712E+06   .9998036  .0143502  .0136716
T  461  2 .4505589E+07   1000000E+02 -.4113E+06 -.1495E+06   .9999741 -.0061883 -.0036764
T  462  2 .4507577E+07   1000000E+02  .9656E+05 -.2375E+06   .9999519  .0075865 -.0062157
T  463  2 .4509305E+07   1000000E+02  .1919E+06 -.1769E+06   .9999497 -.0002850 -.0100214
T  464  2 .4527490E+07   1000000E+02  .3901E+06  .1573E+06   .9999792  .0064410 -.0001207
T  465  2 .4452842E+07   1000000E+02  .4681E+06 -.2076E+06   .9998894  .0148603 -.0005229
T  466  2 .4489525E+07   1000000E+02  .1361E+06 -.1001E+07   .9998952 -.0115981 -.0086659
T  467  2 .4484705E+07   1000000E+02  .2458E+05  .2635E+06   .9999451  .0014858  .0103731
T  468  2 .4503257E+07   1000000E+02  .8675E+06 -.4851E+06   .9997437  .0169264 -.0150376
T  469  2 .4452709E+07   1000000E+02 -.1256E+06  .2633E+06   .9999932 -.0014713  .0033847
T  470  2 .4511766E+07   1000000E+02  .3636E+06  .2975E+06   .9999980 -.0017594 -.0009039
T  471  2 .4518145E+07   1000000E+02  .2032E+06 -.6359E+06   .9998740  .0027339 -.0156375
T  472  2 .4482487E+07   1000000E+02  .7826E+06  .3219E+03   .9998189  .0190286  .0002365
T  473  2 .4502658E+07   1000000E+02  .3156E+06 -.4101E+06   .9999387 -.0008024 -.0110414
T  474  2 .4512414E+07   1000000E+02  .1108E+06  .4520E+06   .9993725  .0100177  .0339732
T  475  2 .4491523E+07   1000000E+02  .9233E+05 -.8020E+06   .9998663 -.0008311 -.0163312
T  476  2 .4501051E+07   1000000E+02  .3120E+05 -.1342E+06   .9999846  .0030442 -.0046311
T  477  2 .4500103E+07   1000000E+02 -.7038E+06  .8913E+06   .9999728 -.0070492  .0021521
T  478  2 .4463605E+07   1000000E+02 -.5812E+06 -.9169E+04   .9999290 -.0111810 -.0041302
T  479  2 .4522898E+07   1000000E+02  .2576E+06 -.1011E+05   .9999774  .0067190  .0001796
T  480  2 .4504531E+07   1000000E+02 -.4697E+06 -.2705E+06   .9999242 -.0107770 -.0059623
T  481  2 .4491936E+07   1000000E+02  .3122E+06 -.2643E+06   .9999791  .0048070 -.0043211
T  482  2 .4515340E+07   1000000E+02 -.4521E+06 -.7184E+06   .9999267 -.0036759 -.0115372
T  483  2 .4453571E+07   1000000E+02  .3530E+06  .7834E+06   .9999377 -.0012931  .0110906
T  484  2 .4470014E+07   1000000E+02 -.1187E+06  .4553E+06   .9999707 -.0035918  .0067651
T  485  2 .4500891E+07   1000000E+02 -.2184E+06 -.2310E+05   .9999867 -.0038891 -.0033800
T  486  2 .4497021E+07   1000000E+02  .1758E+05 -.1918E+06   .9999363 -.0106734 -.0036603
T  487  2 .4551126E+07   1000000E+02  .1326E+07  .2098E+05   .9996636  .0242840  .0091067
T  488  2 .4498186E+07   1000000E+02 -.5600E+06 -.2003E+06   .9998997 -.0122259 -.0071444
T  489  2 .4499738E+07   1000000E+02 -.5865E+06 -.2775E+06   .9999379 -.0111455  .0000379
T  490  2 .4500235E+07   1000000E+02 -.1811E+06  .1713E+07   .9997030 -.0048038  .0238936
T  491  2 .4522809E+07   1000000E+02 -.2650E+06  .3236E+06   .9999816 -.0035208  .0049410
T  492  2 .4528396E+07   1000000E+02  .6437E+06  .2241E+06   .9999713  .0067814 -.0033839
T  493  2 .4508684E+07   1000000E+02  .3018E+06  .3500E+06   .9999215  .0125208 -.0004142
T  494  2 .4486369E+07   1000000E+02 -.2638E+06 -.3751E+06   .9999247 -.0018344 -.0121372
T  495  2 .4480915E+07   1000000E+02 -.4134E+05  .3273E+06   .9999643  .0030598  .0078757
T  496  2 .4472100E+07   1000000E+02 -.2073E+06  .5510E+06   .9999423 -.0040063  .0099693
T  497  2 .4514188E+07   1000000E+02  .3229E+06  .1528E+06   .9999729  .0050757  .0053385
T  498  2 .4484069E+07   1000000E+02 -.3362E+06 -.6286E+06   .9999673 -.0053022 -.0061074
T  499  2 .4519184E+07   1000000E+02  .5687E+05 -.4366E+06   .9999895 -.0007660 -.0045123
T  500  2 .4482113E+07   1000000E+02 -.6564E+06 -.1770E+06   .9999510 -.0094654 -.0029005
T  501  2 .4482063E+07   1000000E+02  .9786E+06 -.7017E+05   .9998568  .0165362  .0036084
T  502  2 .4509836E+07   1000000E+02  .6155E+06 -.3758E+06   .9999869  .0046204 -.0021978
T  503  2 .4500757E+07   1000000E+02  .6818E+06 -.8354E+05   .9998853  .0139206  .0059702
T  504  2 .4469770E+07   1000000E+02 -.3935E+06  .1333E+06   .9999599 -.0069746 -.0056164
T  505  2 .4516412E+07   1000000E+02 -.1326E+07 -.6972E+06   .9997062 -.0196272 -.0142243
T  506  2 .4537779E+07   1000000E+02 -.5108E+05 -.3020E+06   .9994823  .0014514 -.0321401
T  507  2 .4526410E+07   1000000E+02 -.2039E+05  .5908E+06   .9997610 -.0005163  .0218575
T  508  2 .4536356E+07   1000000E+02 -.2497E+06  .2056E+07   .9993466 -.0061152  .0356223
T  509  2 .4495002E+07   1000000E+02  .3968E+05 -.4098E+06   .9999275  .0009514 -.0120060
T  510  2 .4455782E+07   1000000E+02  .1173E+06 -.8979E+05   .9999240  .0087128  .0087245
T  511  2 .4519862E+07   1000000E+02 -.2504E+06  .7733E+05   .9999355 -.0113309  .0008251
T  512  2 .4496952E+07   1000000E+02  .2889E+06  .2889E+06   .9998576  .0164481  .0037822
T  513  2 .4497850E+07   1000000E+02 -.4573E+06 -.8483E+04   .9999465 -.0091201 -.0048724
T  514  2 .4499144E+07   1000000E+02 -.8027E+05 -.1941E+06   .9999039 -.0136679 -.0022991
T  515  2 .4508378E+07   1000000E+02 -.7060E+05  .8015E+05   .9999891 -.0036879  .0028592
T  516  2 .4480497E+07   1000000E+02  .4372E+06 -.4265E+06   .9999051  .0062723 -.0122689
T  517  2 .4465885E+07   1000000E+02 -.8905E+05 -.1618E+06   .9999756  .0068426  .0014224
T  518  2 .4468823E+07   1000000E+02  .9154E+05  .3621E+06   .9999735  .0041259  .0059941
T  519  2 .4489955E+07   1000000E+02  .7015E+06  .3380E+06   .9996525  .0244038  .0099693
T  520  2 .4519662E+07   1000000E+02 -.6417E+06  .1852E+06   .9999351 -.0073153  .0087310
T  521  2 .4495667E+07   1000000E+02 -.9130E+05 -.2510E+07   .9988629 -.0037746 -.0475246
T  522  2 .4506632E+07   1000000E+02  .5349E+06 -.9006E+06   .9998495  .0052610 -.0165325
T  523  2 .4525551E+07   1000000E+02  .4961E+06 -.2419E+06   .9996717  .0244069 -.0078009
T  524  2 .4511557E+07   1000000E+02 -.6055E+06  .3763E+05   .9999160 -.0117667 -.0054411
T  525  2 .4472978E+07   1000000E+02  .7457E+06  .1822E+06   .9998529  .0165758  .0044025
T  526  2 .4501487E+07   1000000E+02 -.1995E+06 -.2629E+06   .9999938  .0013451 -.0032413
T  527  2 .4501456E+07   1000000E+02 -.9332E+05  .9230E+06   .9998774 -.0005844  .0156458
T  528  2 .4490128E+07   1000000E+02  .6858E+05 -.2092E+06   .9999697 -.0042630 -.0065123
T  529  2 .4459268E+07   1000000E+02 -.3055E+06  .1442E+06   .9999518 -.0075746  .0062410
T  530  2 .4501118E+07   1000000E+02  .4306E+06  .9658E+05   .9999699  .0077564 -.0002737
T  531  2 .4458328E+07   1000000E+02 -.2428E+06  .2349E+06   .9999821 -.0003556  .0059687
T  532  2 .4511398E+07   1000000E+02  .3827E+06 -.4468E+06   .9999830  .0037523 -.0044527
T  533  2 .4521282E+07   1000000E+02 -.3470E+06 -.2684E+05   .9999903 -.0039346 -.0019894
T  534  2 .4527673E+07   1000000E+02 -.3238E+06 -.7049E+06   .9998858 -.0142087 -.0051403
T  535  2 .4513052E+07   1000000E+02 -.2652E+06  .6888E+05   .9999978 -.0020820  .0003950
T  536  2 .4457215E+07   1000000E+02 -.4605E+06 -.5497E+06   .9997417 -.0032745 -.0224897
T  537  2 .4484441E+07   1000000E+02 -.3202E+06 -.4071E+06   .9999477 -.0096027 -.0035286
T  538  2 .4523928E+07   1000000E+02 -.5185E+06  .3216E+06   .9999225 -.0082368  .0093309
T  539  2 .4519004E+07   1000000E+02 -.2525E+06  .1417E+06   .9998186 -.0182929  .0053042
T  540  2 .4480286E+07   1000000E+02 -.4897E+06 -.5098E+06   .9999218 -.0077486 -.0098175
T  541  2 .4500650E+07   1000000E+02 -.7091E+06  .8554E+05   .9997752 -.0211579  .0013696
T  542  2 .4442309E+07   1000000E+02  .7635E+06 -.7116E+06   .9997672  .0186138 -.0109157
T  543  2 .4529627E+07   1000000E+02 -.3987E+06 -.8178E+06   .9999124 -.0071452 -.0111396
T  544  2 .4571960E+07   1000000E+02 -.1736E+06 -.1706E+06   .9999825 -.0038779 -.0044609
T  545  2 .4483490E+07   1000000E+02 -.5212E+05  .9074E+05   .9999200 -.0036025  .0121287
T  546  2 .4529458E+07   1000000E+02 -.3387E+06 -.2910E+06   .9999673 -.0080900 -.0001066
T  547  2 .4503852E+07   1000000E+02 -.2974E+05  .2594E+06   .9999575 -.0022549  .0089410
T  548  2 .4517967E+07   1000000E+02  .2163E+06 -.3868E+06   .9998881  .0065782 -.0134377
T  549  2 .4492040E+07   1000000E+02  .2150E+05  .5368E+05   .9999608 -.0014795 -.0087349
T  550  2 .4511494E+07   1000000E+02 -.2956E+06  .5417E+06   .9998108  .0030686  .0192073
T  551  2 .4489503E+07   1000000E+02  .6357E+06 -.1019E+07   .9997129  .0084482 -.0224241
T  552  2 .4489949E+07   1000000E+02  .2402E+06  .1653E+06   .9999942  .0033951  .0000616
T  553  2 .4470749E+07   1000000E+02 -.6570E+06 -.1878E+06   .9998889 -.0149012  .0003257
T  554  2 .4507317E+07   1000000E+02 -.1484E+07  .3977E+06   .9997437 -.0186068  .0128953
T  555  2 .4514304E+07   1000000E+02 -.4257E+06  .1217E+06   .9999618 -.0084006 -.0024254
T  556  2 .4489472E+07   1000000E+02  .9609E+06 -.7776E+05   .9999770  .0067045  .0010662
T  557  2 .4470066E+07   1000000E+02 -.1217E+07  .1897E+05   .9997812 -.0206224 -.0035170
T  558  2 .4497161E+07   1000000E+02 -.3297E+06  .3821E+06   .9999849 -.0024659  .0049208
T  559  2 .4478203E+07   1000000E+02 -.7873E+05  .1946E+06   .9999890 -.0043898  .0016223
T  560  2 .4495546E+07   1000000E+02  .9174E+06 -.1181E+06   .9997318  .0228318 -.0038730
T  561  2 .4502131E+07   1000000E+02  .9249E+05  .4393E+06   .9999738 -.0015183  .0070722
T  562  2 .4528764E+07   1000000E+02 -.3757E+06  .6610E+06   .9999671 -.0030519  .0075142
T  563  2 .4456648E+07   1000000E+02 -.3369E+06 -.3107E+06   .9999917  .0014932 -.0037836
T  564  2 .4504658E+07   1000000E+02 -.2714E+07  .1975E+07   .9989781 -.0355844  .0278646
T  565  2 .4530588E+07   1000000E+02  .2790E+06  .7770E+05   .9999674  .0080071 -.0009995
T  566  2 .4537215E+07   1000000E+02 -.4741E+06 -.4669E+06   .9999081 -.0104197 -.0086784
T  567  2 .4494223E+07   1000000E+02  .1305E+06 -.1960E+06   .9999951  .0030959 -.0004004
T  568  2 .4453560E+07   1000000E+02 -.4241E+06  .3880E+06   .9998564 -.0132724  .0105368
T  569  2 .4498765E+07   1000000E+02 -.5995E+06 -.5835E+05   .9999141 -.0130687  .0010120
T  570  2 .4489326E+07   1000000E+02 -.3307E+06  .4939E+06   .9999679 -.0019336  .0077763
T  571  2 .4515737E+07   1000000E+02  .3229E+06  .1436E+06   .9999964  .0005837 -.0026028
T  572  2 .4512468E+07   1000000E+02 -.7257E+06  .2237E+06   .9999411 -.0096125 -.0050455
T  573  2 .4525221E+07   1000000E+02 -.2178E+06  .1435E+04   .9999958 -.0016953  .0023525
T  574  2 .4538912E+07   1000000E+02 -.1572E+06 -.1570E+06   .9999448 -.0102646 -.0022371
T  575  2 .4462007E+07   1000000E+02  .4852E+06  .4364E+06   .9999604  .0006184  .0088789
T  576  2 .4496899E+07   1000000E+02  .3668E+06 -.4611E+05   .9999678  .0076392 -.0024766
T  577  2 .4498356E+07   1000000E+02  .5617E+06 -.8887E+05   .9999428  .0104024 -.0025015
T  578  2 .4527026E+07   1000000E+02  .1375E+07 -.2683E+06   .9999962  .0019563  .0019674
T  579  2 .4520392E+07   1000000E+02  .3021E+06  .1601E+07   .9998944  .0092485  .0112113
T  580  2 .4493309E+07   1000000E+02  .5745E+06 -.7524E+06   .9999255  .0110960 -.0050899
T  581  2 .4466742E+07   1000000E+02  .9415E+05  .6519E+06   .9999285  .0023470  .0117278
T  582  2 .4502813E+07   1000000E+02 -.1795E+06  .6483E+06   .9999714 -.0051536  .0055336
T  583  2 .4503412E+07   1000000E+02  .2112E+06  .1583E+06   .9999920  .0037047 -.0015306
T  584  2 .4502992E+07   1000000E+02  .5877E+06 -.1822E+06   .9999192  .0085463 -.0094135
T  585  2 .4530023E+07   1000000E+02 -.1329E+06 -.2242E+06   .9999943  .0020628  .0026695
T  586  2 .4470433E+07   1000000E+02  .2920E+06 -.1728E+06   .9999464  .0101397 -.0020738
T  587  2 .4489668E+07   1000000E+02 -.2652E+06  .2625E+06   .9999346 -.0083259  .0078349
T  588  2 .4468365E+07   1000000E+02 -.1793E+06 -.8017E+05   .9998980 -.0050406 -.0133615
T  589  2 .4507709E+07   1000000E+02  .1275E+06 -.2280E+06   .9999553 -.0035881 -.0087464
T  590  2 .4472899E+07   1000000E+02 -.1517E+06 -.9932E+05   .9999931 -.0028632  .0023529
T  591  2 .4505368E+07   1000000E+02 -.1420E+05 -.2940E+06   .9999950 -.0002550 -.0031383
T  592  2 .4493148E+07   1000000E+02  .2847E+05  .1286E+05   .9999983 -.0017731  .0004109
T  593  2 .4503179E+07   1000000E+02  .2933E+05  .1780E+06   .9999906 -.0040338  .0015650
T  594  2 .4492386E+07   1000000E+02 -.4473E+04 -.5942E+06   .9999349  .0064382 -.0094191
T  595  2 .4481814E+07   1000000E+02  .6085E+05 -.5596E+05   .9999944 -.0027091 -.0019854
T  596  2 .4517022E+07   1000000E+02 -.4674E+06  .1238E+06   .9999823 -.0035364  .0047760
T  597  2 .4507562E+07   1000000E+02  .1123E+07  .9526E+06   .9997490  .0147007  .0169064
T  598  2 .4502618E+07   1000000E+02 -.8430E+05  .4954E+06   .9999853 -.0032556  .0043319
T  599  2 .4474940E+07   1000000E+02  .7253E+06 -.3413E+06   .9998979  .0125556 -.0068237
T  600  2 .4481951E+07   1000000E+02  .7472E+06  .2103E+05   .9985560  .0522038 -.0126734
T  601  2 .4510134E+07   1000000E+02  .1018E+07 -.1182E+07   .9998254  .0098525 -.0158783
T  602  2 .4492748E+07   1000000E+02  .3546E+06 -.2103E+06   .9999812  .0025114 -.0055931
T  603  2 .4511155E+07   1000000E+02  .5177E+06 -.2692E+06   .9999542  .0095378 -.0008353
T  604  2 .4517911E+07   1000000E+02 -.1208E+06  .6685E+04   .9999858  .0028060  .0045267
T  605  2 .4508295E+07   1000000E+02  .2647E+05  .3452E+06   .9999960  .0007928  .0027030
T  606  2 .4513083E+07   1000000E+02 -.1773E+05  .4108E+06   .9999664  .0013717  .0080811
T  607  2 .4508646E+07   1000000E+02  .2399E+06  .7720E+05   .9999573  .0083984  .0038548
T  608  2 .4504076E+07   1000000E+02 -.1903E+07  .2051E+07   .9993773 -.0203643  .0288159
T  609  2 .4507056E+07   1000000E+02  .9082E+06 -.1064E+07   .9997219  .0164371 -.0169100
T  610  2 .4543704E+07   1000000E+02  .9071E+06  .9219E+06   .9995482  .0164899  .0251312
T  611  2 .4493483E+07   1000000E+02 -.3142E+06  .1398E+05   .9999772 -.0065939 -.0014374
T  612  2 .4516139E+07   1000000E+02 -.9152E+06 -.3610E+06   .9999046 -.0084186 -.0109521
T  613  2 .4542528E+07   1000000E+02 -.4848E+06  .2553E+06   .9999478 -.0066169  .0077912
T  614  2 .4497700E+07   1000000E+02  .1446E+06 -.5062E+06   .9998753  .0068417 -.0142307
T  615  2 .4472204E+07   1000000E+02  .3408E+06  .1091E+06   .9999172  .0102628  .0077647
T  616  2 .4494877E+07   1000000E+02  .8030E+06 -.3901E+06   .9998329  .0151277 -.0102609
T  617  2 .4459004E+07   1000000E+02  .4983E+06 -.3205E+06   .9999761 -.0013037 -.0067933
T  618  2 .4501971E+07   1000000E+02 -.1434E+06 -.2842E+06   .9998220 -.0186408  .0029145
T  619  2 .4453115E+07   1000000E+02 -.6069E+05 -.3586E+06   .9999440 -.0083225 -.0065346
T  620  2 .4508968E+07   1000000E+02 -.1516E+06  .3149E+06   .9999961 -.0016625  .0022635
T  621  2 .4479472E+07   1000000E+02  .1100E+06 -.5455E+06   .9999626  .0064302 -.0057808
T  622  2 .4476062E+07   1000000E+02  .5415E+06 -.3157E+06   .9998354  .0145102 -.0108937
T  623  2 .4453978E+07   1000000E+02 -.5018E+06 -.5853E+05   .9999787 -.0037627  .0053292
T  624  2 .4488121E+07   1000000E+02  .5499E+06 -.2604E+06   .9999181  .0107320 -.0069758
T  625  2 .4507658E+07   1000000E+02  .5368E+06  .3051E+05   .9999768  .0068116 -.0000536
T  626  2 .4486294E+07   1000000E+02  .8753E+06 -.6603E+06   .9998320  .0150096 -.0105197
T  627  2 .4484126E+07   1000000E+02 -.8384E+06 -.2547E+06   .9998578 -.0142471 -.0090270
T  628  2 .4500309E+07   1000000E+02 -.8160E+06  .5789E+05   .9999076 -.0093904  .0098251
T  629  2 .4472023E+07   1000000E+02  .2675E+07 -.1779E+07   .9923455  .0925543 -.0817563
T  630  2 .4483622E+07   1000000E+02  .6765E+06  .3367E+06   .9795986  .0452604  .1958009
T  631  2 .4503202E+07   1000000E+02 -.6075E+05 -.1427E+05   .9999985 -.0003698 -.0017053
T  632  2 .4498108E+07   1000000E+02  .2449E+06 -.2671E+06   .9999699  .0059613 -.0049740
T  633  2 .4548237E+07   1000000E+02 -.2886E+06  .3191E+06   .9999706 -.0072983  .0023579
T  634  2 .4477562E+07   1000000E+02 -.2364E+06 -.7816E+06   .9999223 -.0005440 -.0124553
T  635  2 .4518375E+07   1000000E+02  .3649E+06  .6994E+06   .9998075 -.0025273  .0194571
T  636  2 .4488249E+07   1000000E+02 -.1209E+07  .1974E+06   .9997189 -.0228961  .0061590
T  637  2 .4515726E+07   1000000E+02 -.3035E+06 -.9138E+06   .9997870  .0072821 -.0193088
T  638  2 .4495978E+07   1000000E+02  .2077E+06  .3165E+06   .9999521  .0076076  .0061586
T  639  2 .4495026E+07   1000000E+02  .3367E+06  .1987E+06   .9999726  .0070709  .0022111
T  640  2 .4506632E+07   1000000E+02  .2342E+06 -.1520E+06   .9999918  .0005081 -.0040231
T  641  2 .4553818E+07   1000000E+02 -.7027E+05 -.1970E+06   .9999961 -.0013055  .0024722
T  642  2 .4501748E+07   1000000E+02  .1035E+06 -.2568E+05   .9999888  .0021278  .0042345
T  643  2 .4528737E+07   1000000E+02 -.1052E+07 -.5191E+05   .9998668 -.0152525 -.0058028
T  644  2 .4506831E+07   1000000E+02  .7339E+06 -.1738E+06   .9998598  .0141981 -.0088772
T  645  2 .4507785E+07   1000000E+02 -.4810E+06 -.5525E+06   .9999644 -.0074575 -.0039495
T  646  2 .4435685E+07   1000000E+02  .2968E+06 -.9367E+05   .9999763  .0025689  .0063859
T  647  2 .4511204E+07   1000000E+02 -.5662E+06  .4122E+06   .9997521 -.0097451  .0200200
T  648  2 .4501559E+07   1000000E+02 -.8531E+06 -.1087E+06   .9999046 -.0137419  .0014013
T  649  2 .4495434E+07   1000000E+02  .3595E+06 -.2603E+06   .9999377  .0088338 -.0068175
T  650  2 .4529009E+07   1000000E+02  .7991E+06  .4894E+05   .9999278  .0113001  .0040982
T  651  2 .4504907E+07   1000000E+02 -.2580E+06  .1540E+06   .9999795 -.0016901  .0061804
T  652  2 .4514416E+07   1000000E+02  .1013E+07  .1384E+06   .9998013  .0196212  .0035149
T  653  2 .4529492E+07   1000000E+02  .1060E+06  .2230E+07   .9996805  .0058883  .0245824
T  654  2 .4522349E+07   1000000E+02  .8690E+06  .4797E+06   .9996923  .0219897  .0114757
T  655  2 .4461423E+07   1000000E+02  .2855E+06 -.2013E+05   .9999882  .0019711 -.0044446
T  656  2 .4501641E+07   1000000E+02  .3746E+06 -.3152E+06   .9999643 -.0005766 -.0084262
T  657  2 .4499353E+07   1000000E+02 -.1180E+06  .3978E+06   .9999554  .0091601  .0023081
T  658  2 .4497446E+07   1000000E+02 -.4182E+04 -.3797E+06   .9999962  .0021646 -.0017122
T  659  2 .4534687E+07   1000000E+02  .4336E+06  .1188E+06   .9999889  .0042713 -.0019651
T  660  2 .4497131E+07   1000000E+02  .1441E+07  .7478E+06   .9998309  .0180047  .0037466
T  661  2 .4515701E+07   1000000E+02  .2082E+06 -.6876E+06   .9999364  .0018824 -.0111230
T  662  2 .4496146E+07   1000000E+02 -.1071E+07  .3802E+06   .9998710 -.0139446  .0079728
T  663  2 .4476398E+07   1000000E+02 -.5371E+06 -.3058E+06   .9999255 -.0071135 -.0099210
T  664  2 .4495593E+07   1000000E+02 -.9856E+05 -.9969E+06   .9998135 -.0074429 -.0178182
T  665  2 .4503560E+07   1000000E+02  .5255E+06  .6048E+06   .9990724  .0318680  .0289608
T  666  2 .4488579E+07   1000000E+02  .5281E+06 -.2316E+06   .9999609  .0087841 -.0010190
T  667  2 .4458112E+07   1000000E+02 -.1915E+06  .2908E+06   .9999863 -.0037145 -.0036883
T  668  2 .4475082E+07   1000000E+02 -.9406E+05 -.1249E+06   .9999966  .0020690  .0015699
T  669  2 .4485654E+07   1000000E+02  .1441E+07  .4200E+06   .9996171  .0272766  .0046503
T  670  2 .4480018E+07   1000000E+02 -.9626E+06  .3653E+05   .9998918 -.0143888  .0030446
T  671  2 .4534158E+07   1000000E+02 -.5134E+06 -.4025E+06   .9999348 -.0086302 -.0074792
T  672  2 .4503393E+07   1000000E+02  .2940E+06 -.8537E+05   .9999772  .0051155 -.0044167
T  673  2 .4483710E+07   1000000E+02 -.7300E+05 -.5530E+06   .9999866  .0014185 -.0049881
T  674  2 .4469406E+07   1000000E+02 -.2737E+04 -.5628E+06   .9999873  .0038268 -.0032896
T  675  2 .4507458E+07   1000000E+02  .4432E+06 -.4219E+06   .9999237  .0081553 -.0092811
T  676  2 .4481117E+07   1000000E+02 -.4403E+05 -.4971E+05   .9999873  .0049876 -.0007790
T  677  2 .4496172E+07   1000000E+02 -.1362E+05  .2419E+06   .9999107  .0100267  .0088325
T  678  2 .4513947E+07   1000000E+02 -.2573E+06 -.5782E+06   .9999154 -.0026870 -.0127304
T  679  2 .4513244E+07   1000000E+02  .5446E+06  .2436E+06   .9999713  .0050072  .0056837
T  680  2 .4508944E+07   1000000E+02 -.4781E+06 -.6259E+06   .9998664 -.0075552 -.0144928
T  681  2 .4493325E+07   1000000E+02  .1625E+06 -.2352E+06   .9999892  .0035638 -.0029940
T  682  2 .4489397E+07   1000000E+02 -.4835E+06  .7183E+06   .9997400 -.0057056  .0220754
T  683  2 .4507448E+07   1000000E+02 -.4921E+06  .8970E+06   .9997053 -.0127207  .0206780
T  684  2 .4534922E+07   1000000E+02 -.7345E+06  .6920E+06   .9997782 -.0146889  .0150924
T  685  2 .4500376E+07   1000000E+02 -.1419E+07  .1716E+06   .9995419 -.0301314 -.0028530
T  686  2 .4514787E+07   1000000E+02 -.1877E+07 -.2661E+06   .9992717 -.0370849 -.0089898
T  687  2 .4480460E+07   1000000E+02  .1078E+06 -.8677E+06   .9995188  .0079561 -.0299813
T  688  2 .4485591E+07   1000000E+02  .1099E+06  .1154E+06   .9999752  .0060284 -.0036293
T  689  2 .4495907E+07   1000000E+02  .2713E+06  .1629E+06   .9999862  .0041064  .0032914
T  690  2 .4525942E+07   1000000E+02  .1484E+06  .5836E+06   .9999022  .0071269  .0120358
T  691  2 .4495282E+07   1000000E+02 -.4794E+06  .8475E+05   .9999932 -.0011152  .0035015
T  692  2 .4503033E+07   1000000E+02  .4008E+06 -.3849E+06   .9999916  .0035171 -.0021209
T  693  2 .4507665E+07   1000000E+02  .3215E+06  .3619E+06   .9999785  .0034136  .0055957
T  694  2 .4492271E+07   1000000E+02 -.5809E+05  .2016E+06   .9999889 -.0047033  .0002995
T  695  2 .4481065E+07   1000000E+02  .1366E+06 -.3364E+06   .9999696  .0032761 -.0070790
T  696  2 .4489356E+07   1000000E+02 -.1248E+04  .2622E+05   .9999982  .0000395  .0019159
T  697  2 .4510864E+07   1000000E+02 -.2902E+06  .2262E+06   .9999853 -.0000139  .0054209
T  698  2 .4497160E+07   1000000E+02 -.1555E+06  .2486E+06   .9999660  .0041432  .0071343
T  699  2 .4514222E+07   1000000E+02  .3939E+06  .7138E+06   .9998740  .0111834  .0112643
T  700  2 .4499935E+07   1000000E+02  .6183E+06 -.5166E+06   .9998492  .0147345 -.0091926
T  701  2 .4488781E+07   1000000E+02  .3901E+06 -.2617E+06   .9999749 -.0057618 -.0041213
T  702  2 .4525778E+07   1000000E+02  .7422E+05 -.3143E+06   .9999914  .0025223 -.0033053
T  703  2 .4462150E+07   1000000E+02  .5672E+05  .1978E+06   .9999212  .0039833  .0119015
T  704  2 .4503116E+07   1000000E+02  .2905E+06  .5555E+06   .9998695  .0069083  .0146009
T  705  2 .4458386E+07   1000000E+02  .4079E+06  .2987E+06   .9999977  .0004434  .0021059
T  706  2 .4494714E+07   1000000E+02 -.4229E+05 -.5250E+06   .9999158 -.0111763 -.0065947
T  707  2 .4506401E+07   1000000E+02 -.7591E+06  .1368E+06   .9999685 -.0079196 -.0006051
T  708  2 .4493082E+07   1000000E+02 -.3113E+06 -.4079E+06   .9999525 -.0049717 -.0083788
T  709  2 .4504382E+07   1000000E+02  .3971E+06  .2062E+06   .9999749  .0059971  .0037661
T  710  2 .4466054E+07   1000000E+02 -.1955E+07  .4412E+06   .9790229 -.1825930  .0904104
T  711  2 .4536282E+07   1000000E+02  .1667E+06  .4501E+06   .9999245  .0025219  .0120302
T  712  2 .4474762E+07   1000000E+02 -.1364E+07 -.4036E+06   .9997422 -.0215180 -.0072425
T  713  2 .4496199E+07   1000000E+02  .1121E+06 -.4456E+06   .9999952  .0004413 -.0030685
T  714  2 .4531191E+07   1000000E+02 -.2132E+06 -.1113E+06   .9997747 -.0200916  .0068406
T  715  2 .4513973E+07   1000000E+02  .3431E+06 -.1378E+07   .9996803  .0084086 -.0238469
T  716  2 .4505108E+07   1000000E+02  .2464E+06  .1616E+06   .9999614  .0056594  .0067207
T  717  2 .4523430E+07   1000000E+02 -.1459E+05  .4460E+06   .9997532  .0195512  .0105465
T  718  2 .4497841E+07   1000000E+02 -.1797E+06 -.8035E+07   .9946535 -.0044683 -.1031724
T  719  2 .4514739E+07   1000000E+02  .2327E+06 -.5648E+06   .9999381  .0083112 -.0073951
T  720  2 .4485647E+07   1000000E+02  .7305E+06  .1266E+06   .9999777  .0066720 -.0002907
T  721  2 .4456470E+07   1000000E+02 -.6737E+04  .1572E+06   .9999114  .0018644  .0131815
T  722  2 .4475600E+07   1000000E+02 -.2006E+06 -.1966E+06   .9999829 -.0004823 -.0058324
T  723  2 .4522351E+07   1000000E+02  .4572E+06  .8008E+06   .9997776  .0042709  .0206534
T  724  2 .4513614E+07   1000000E+02  .6484E+06 -.1337E+06   .9998990  .0142077 -.0002398
T  725  2 .4485011E+07   1000000E+02  .1514E+06 -.2655E+06   .9999044  .0084129 -.0109714
T  726  2 .4528743E+07   1000000E+02 -.1199E+06 -.1145E+05   .9999683 -.0051367  .0060797
T  727  2 .4524671E+07   1000000E+02  .6253E+06  .1404E+07   .9998298  .0013903  .0183988
T  728  2 .4517827E+07   1000000E+02  .1406E+07  .1600E+06   .9998366  .0178756  .0026973
T  729  2 .4506447E+07   1000000E+02 -.3231E+06  .8468E+06   .9999742 -.0011554  .0070907
T  730  2 .4507353E+07   1000000E+02  .7236E+06 -.7794E+05   .9999325  .0114274 -.0020854
T  731  2 .4528436E+07   1000000E+02 -.3740E+05 -.5601E+05   .9999996  .0006104 -.0006959
T  732  2 .4456539E+07   1000000E+02  .6488E+06  .3316E+05   .9998887  .0136413  .0060445
T  733  2 .4513619E+07   1000000E+02  .4015E+06  .1061E+04   .9999710  .0075539  .0009188
T  734  2 .4498719E+07   1000000E+02  .1348E+07  .2234E+07   .9987864  .0055068  .0489437
T  735  2 .4540823E+07   1000000E+02  .5949E+06 -.1546E+06   .9999835  .0051810 -.0024784
T  736  2 .4502062E+07   1000000E+02 -.1056E+06 -.1205E+07   .9997137  .0133371 -.0198639
T  737  2 .4507218E+07   1000000E+02  .1492E+05  .4169E+04   .9999923 -.0005823  .0038912
T  738  2 .4517288E+07   1000000E+02 -.8844E+05  .2007E+06   .9999976  .0016298  .0014842
T  739  2 .4498073E+07   1000000E+02 -.1456E+06  .4674E+05   .9999960  .0027237  .0007514
T  740  2 .4470446E+07   1000000E+02 -.2427E+06 -.3549E+06   .9999553 -.0094438  .0003671
T  741  2 .4501889E+07   1000000E+02 -.4014E+05  .3070E+06   .9999951  .0003457  .0031116
T  742  2 .4472321E+07   1000000E+02  .6590E+06  .3948E+05   .9998537  .0096520  .0141193
T  743  2 .4481430E+07   1000000E+02  .4717E+06  .1303E+06   .9999345  .0071378  .0089436
T  744  2 .4522746E+07   1000000E+02  .4837E+06 -.2486E+06   .9998429  .0174751 -.0029534
T  745  2 .4500438E+07   1000000E+02  .7674E+06 -.8165E+06   .9996652  .0235049 -.0108182
T  746  2 .4458762E+07   1000000E+02  .2233E+06  .1529E+06   .9999979 -.0020171 -.0003661
T  747  2 .4507217E+07   1000000E+02 -.9799E+06 -.6470E+06   .9999386 -.0110379 -.0009655
T  748  2 .4482735E+07   1000000E+02 -.5191E+06 -.4974E+05   .9999961  .0018363  .0020980
T  749  2 .4485499E+07   1000000E+02  .4378E+06 -.3226E+06   .9999479  .0056877 -.0084720
T  750  2 .4490404E+07   1000000E+02  .5286E+06 -.4440E+06   .9998665  .0099122 -.0129919
T  751  2 .4476491E+07   1000000E+02  .6073E+06 -.4968E+06   .9997339  .0154613 -.0171209
T  752  2 .4518481E+07   1000000E+02  .5102E+06 -.1131E+06   .9999905  .0035865 -.0024937
T  753  2 .4462328E+07   1000000E+02 -.4406E+05 -.1311E+06   .9999427  .0043806 -.0097641
T  754  2 .4519917E+07   1000000E+02  .7587E+06  .1062E+07   .9998581  .0091621  .0141364
T  755  2 .4499688E+07   1000000E+02 -.3862E+06 -.1506E+06   .9999664 -.0055494 -.0060363
T  756  2 .4517659E+07   1000000E+02 -.3146E+06  .2935E+06   .9999731 -.0059184  .0043365
T  757  2 .4502437E+07   1000000E+02 -.2000E+06  .2357E+05   .9999981  .0011738 -.0015767
T  758  2 .4480323E+07   1000000E+02 -.5955E+06 -.2061E+06   .9998252 -.0184718 -.0028969
T  759  2 .4523678E+07   1000000E+02 -.8067E+06  .4286E+06   .9999323 -.0073111  .0090508
T  760  2 .4532925E+07   1000000E+02  .3318E+06 -.3076E+06   .9999124  .0070505 -.0111987
T  761  2 .4516654E+07   1000000E+02  .2947E+05 -.4507E+06   .9998919 -.0139357 -.0046790
T  762  2 .4515159E+07   1000000E+02 -.5072E+06 -.3515E+06   .9999641 -.0072298 -.0044109
T  763  2 .4510855E+07   1000000E+02 -.2909E+06  .3087E+06   .9999985 -.0006710  .0015928
T  764  2 .4516080E+07   1000000E+02  .1034E+07  .1207E+06   .9998995 -.0018931 -.0140531
T  765  2 .4527702E+07   1000000E+02  .5137E+04  .9014E+06   .9998501  .0043158  .0167658
T  766  2 .4532424E+07   1000000E+02 -.6544E+06  .1434E+06   .9999259 -.0117194 -.0033088
T  767  2 .4496891E+07   1000000E+02 -.4540E+06 -.8363E+06   .9998541 -.0085305 -.0147993
T  768  2 .4489144E+07   1000000E+02 -.6663E+06  .3557E+06   .9999513 -.0076493  .0062306
T  769  2 .4483276E+07   1000000E+02 -.1717E+06  .1591E+06   .9999956 -.0023758 -.0018033
T  770  2 .4488142E+07   1000000E+02  .1378E+06 -.1357E+06   .9999923  .0036760 -.0013757
T  771  2 .4501913E+07   1000000E+02 -.4126E+06  .6450E+06   .9999427 -.0070570  .0080486
T  772  2 .4511670E+07   1000000E+02 -.2966E+06  .5930E+06   .9998267 -.0103910  .0154447
T  773  2 .4495567E+07   1000000E+02 -.6746E+06 -.6517E+05   .9998342 -.0181801  .0009855
T  774  2 .4468970E+07   1000000E+02 -.2306E+06  .3446E+06   .9999730 -.0006894  .0073109
T  775  2 .4502835E+07   1000000E+02 -.3101E+07 -.3952E+06   .9997346 -.0230342 -.0004129
T  776  2 .4494778E+07   1000000E+02  .1308E+06 -.3777E+06   .9999133  .0072873 -.0109657
T  777  2 .4473625E+07   1000000E+02 -.4109E+06  .4763E+05   .9998971 -.0143014 -.0011657
T  778  2 .4494831E+07   1000000E+02  .5352E+05 -.1335E+06   .9999960 -.0007384 -.0027271
T  779  2 .4506461E+07   1000000E+02  .2755E+06 -.4088E+04   .9998748  .0133824 -.0084445
T  780  2 .4521780E+07   1000000E+02 -.3194E+06 -.6177E+06   .9998656 -.0053703 -.0154884
T  781  2 .4498334E+07   1000000E+02  .3374E+06 -.4675E+06   .9999068 -.0034681 -.0132030
T  782  2 .4511245E+07   1000000E+02 -.1365E+06 -.1662E+06   .9999679 -.0004781 -.0079948
T  783  2 .4533090E+07   1000000E+02 -.1402E+06  .2494E+06   .9999700 -.0030018  .0071438
T  784  2 .4520889E+07   1000000E+02 -.1711E+06  .8161E+05   .9999871 -.0048574 -.0014861
T  785  2 .4500218E+07   1000000E+02  .1065E+06 -.3919E+06   .9999974 -.0022524 -.0001647
T  786  2 .4513979E+07   1000000E+02  .2918E+06  .3922E+06   .9999358  .0078937  .0081342
T  787  2 .4493386E+07   1000000E+02 -.5259E+06 -.7309E+06   .9999348 -.0070154 -.0090101
T  788  2 .4497429E+07   1000000E+02 -.6623E+05 -.2339E+06   .9999947  .0023977  .0021916
T  789  2 .4517793E+07   1000000E+02  .5311E+05 -.2823E+06   .9999660  .0069988 -.0043506
T  790  2 .4473677E+07   1000000E+02 -.5095E+06  .3185E+06   .9999381 -.0090913  .0064200
T  791  2 .4482621E+07   1000000E+02  .2677E+06  .5011E+06   .9999525  .0048678  .0084483
T  792  2 .4494246E+07   1000000E+02  .4850E+06 -.7335E+05   .9999566  .0091443 -.0017926
T  793  2 .4456518E+07   1000000E+02  .1745E+06 -.2724E+06   .9999306  .0094134 -.0070772
T  794  2 .4497167E+07   1000000E+02  .2247E+06 -.4697E+06   .9999733  .0031446 -.0066036
T  795  2 .4510708E+07   1000000E+02 -.3307E+06  .4019E+06   .9998920 -.0146893 -.0004388
T  796  2 .4537824E+07   1000000E+02  .3860E+06  .1770E+06   .9999156  .0126727 -.0028507
T  797  2 .4513489E+07   1000000E+02 -.2395E+06  .1009E+06   .9999753 -.0037100  .0059708
T  798  2 .4515421E+07   1000000E+02 -.3800E+06 -.3718E+06   .9998769 -.0114586 -.0107213
T  799  2 .4536145E+07   1000000E+02  .5032E+06  .4822E+06   .9999368  .0052257  .0099556
T  800  2 .4494458E+07   1000000E+02  .2813E+06 -.3294E+06   .9999359  .0061197 -.0095301
T  801  2 .4489136E+07   1000000E+02  .7120E+06  .5649E+06   .9999590  .0087223  .0024507
T  802  2 .4499955E+07   1000000E+02  .7364E+06 -.1600E+06   .9999238  .0121595 -.0021260
T  803  2 .4489392E+07   1000000E+02 -.1120E+06 -.6922E+04   .9999919 -.0032299 -.0024119
T  804  2 .4494453E+07   1000000E+02 -.5485E+06  .1790E+06   .9999729 -.0072883  .0010338
T  805  2 .4540188E+07   1000000E+02  .5843E+06 -.1565E+06   .9999388  .0105082  .0034606
T  806  2 .4473148E+07   1000000E+02  .2270E+05 -.2207E+06   .9999811  .0035026 -.0050458
T  807  2 .4514895E+07   1000000E+02 -.3255E+06 -.3048E+06   .9999358 -.0047509 -.0102873
T  808  2 .4518279E+07   1000000E+02  .5798E+04 -.3475E+06   .9999806 -.0061800 -.0007575
T  809  2 .4518453E+07   1000000E+02 -.1264E+06  .2478E+06   .9999798 -.0028071  .0056951
T  810  2 .4492323E+07   1000000E+02  .3919E+06  .1246E+06   .9999733  .0073002 -.0001149
T  811  2 .4513069E+07   1000000E+02  .4610E+05 -.1324E+07   .9998975  .0008526 -.0142936
T  812  2 .4519567E+07   1000000E+02  .2089E+06  .8667E+06   .9999144 -.0038908  .0124941
T  813  2 .4513365E+07   1000000E+02  .2280E+05  .4820E+06   .9999605 -.0015753  .0087417
T  814  2 .4519959E+07   1000000E+02  .4844E+06 -.1363E+06   .9999196  .0038450 -.0120797
T  815  2 .4510210E+07   1000000E+02  .5186E+06 -.3570E+06   .9998569  .0115490 -.0123610
T  816  2 .4521263E+07   1000000E+02 -.2168E+06  .1429E+06   .9999786 -.0065367  .0003177
T  817  2 .4519328E+07   1000000E+02 -.3065E+06 -.5576E+06   .9998561 -.0123265 -.0116579
T  818  2 .4496635E+07   1000000E+02 -.4126E+06  .6443E+06   .9999369 -.0074030  .0084498
T  819  2 .4547583E+07   1000000E+02  .3328E+05  .3646E+06   .9999663 -.0002006  .0082050
T  820  2 .4518622E+07   1000000E+02  .3443E+06 -.4460E+06   .9999665  .0014746 -.0080543
T  821  2 .4486685E+07   1000000E+02  .2591E+06 -.5672E+06   .9998575  .0152109 -.0073274
T  822  2 .4472639E+07   1000000E+02 -.1315E+06 -.4333E+05   .9999850 -.0039861  .0037511
T  823  2 .4452495E+07   1000000E+02  .2147E+06 -.9468E+04   .9999441  .0105740  .0000767
T  824  2 .4475465E+07   1000000E+02  .7693E+06  .2732E+05   .9998193  .0188398  .0025413
T  825  2 .4475927E+07   1000000E+02 -.2898E+06  .7592E+06   .9998723  .0041783  .0154244
T  826  2 .4546818E+07   1000000E+02  .1550E+06 -.3562E+06   .9999438  .0022951  .0103539
T  827  2 .4474513E+07   1000000E+02  .2141E+06  .1192E+06   .9999417  .0096275  .0048990
T  828  2 .4498023E+07   1000000E+02 -.1655E+06  .4735E+06   .9998577 -.0093842  .0140170
T  829  2 .4520042E+07   1000000E+02 -.9866E+05  .2074E+06   .9999652 -.0074269  .0038013
T  830  2 .4537185E+07   1000000E+02 -.7696E+05  .6283E+05   .9999189 -.0115651 -.0053382
T  831  2 .4541796E+07   1000000E+02 -.2114E+06  .1274E+07   .9994658 -.0012777  .0326585
T  832  2 .4528948E+07   1000000E+02 -.9850E+04 -.8823E+05   .9999101  .0012814 -.0133506
T  833  2 .4464126E+07   1000000E+02 -.1157E+06 -.6377E+04   .9999500 -.0058181 -.0081310
T  834  2 .4544076E+07   1000000E+02  .5649E+06  .1506E+06   .9999423  .0103596  .0028407
T  835  2 .4511797E+07   1000000E+02  .2823E+05  .1103E+06   .9999958 -.0024690  .0014938
T  836  2 .4482137E+07   1000000E+02  .5255E+06 -.5151E+06   .9997628  .0126100 -.0177573
T  837  2 .4474026E+07   1000000E+02 -.3057E+06  .8223E+05   .9999577 -.0044060  .0080730
T  838  2 .4513048E+07   1000000E+02 -.5421E+05 -.4101E+06   .9999398 -.0010179 -.0109208
T  839  2 .4501347E+07   1000000E+02  .9323E+06 -.5216E+06   .9998806  .0107892 -.0110641
T  840  2 .4468266E+07   1000000E+02  .2510E+06 -.3162E+06   .9999764  .0064311 -.0024049
T  841  2 .4493055E+07   1000000E+02  .1565E+06  .1475E+06   .9999593  .0070201  .0056595
T  842  2 .4509516E+07   1000000E+02  .1748E+06 -.2420E+06   .9999656  .0055272 -.0061886
T  843  2 .4466424E+07   1000000E+02 -.5565E+06  .2168E+06   .9999703 -.0066432  .0039083
T  844  2 .4493634E+07   1000000E+02  .6595E+06  .1879E+06   .9998378  .0166428  .0068862
T  845  2 .4476783E+07   1000000E+02  .3344E+06  .4464E+06   .9997518  .0136091  .0176388
T  846  2 .4473918E+07   1000000E+02 -.1738E+06  .1870E+06   .9999728 -.0002452  .0073743
T  847  2 .4505122E+07   1000000E+02  .7692E+05 -.9965E+05   .9999959  .0019579 -.0020787
T  848  2 .4464500E+07   1000000E+02 -.4365E+06 -.2271E+06   .9999764 -.0054836 -.0041354
T  849  2 .4505300E+07   1000000E+02  .9751E+04 -.1333E+06   .9999851  .0020777 -.0050472
T  850  2 .4520601E+07   1000000E+02 -.1142E+07  .1582E+05   .9998086 -.0183425 -.0068021
T  851  2 .4545223E+07   1000000E+02  .1371E+06 -.1367E+06   .9999849  .0044217 -.0032489
T  852  2 .4507303E+07   1000000E+02  .8470E+06 -.4857E+06   .9995596  .0286286 -.0078078
T  853  2 .4532228E+07   1000000E+02 -.2077E+06  .3493E+06   .9999873 -.0050257  .0002892
T  854  2 .4516013E+07   1000000E+02  .4583E+06  .5305E+06   .9998901  .0138991  .0051498
T  855  2 .4505130E+07   1000000E+02  .3031E+06 -.8991E+05   .9999768  .0031025 -.0060643
T  856  2 .4481691E+07   1000000E+02  .5261E+06  .3184E+06   .9999436  .0094631  .0048281
T  857  2 .4493613E+07   1000000E+02  .6311E+05  .4172E+06   .9999931  .0032500  .0017993
T  858  2 .4496683E+07   1000000E+02 -.7766E+05  .6675E+06   .9998225  .0016255  .0187689
T  859  2 .4461083E+07   1000000E+02 -.3239E+06  .1489E+06   .9998325 -.0132599  .0126145
T  860  2 .4487701E+07   1000000E+02  .3309E+06 -.1749E+06   .9998133 -.0014777 -.0192678
T  861  2 .4499934E+07   1000000E+02  .1529E+06  .3389E+06   .9999996  .0004191  .0007883
T  862  2 .4494439E+07   1000000E+02  .2078E+05 -.3387E+06   .9999584  .0059271 -.0069259
T  863  2 .4508334E+07   1000000E+02  .7913E+06 -.1194E+06   .9996616  .0259078  .0023562
T  864  2 .4482064E+07   1000000E+02 -.9853E+05  .3846E+06   .9999992 -.0009210 -.0008767
T  865  2 .4478213E+07   1000000E+02 -.5907E+05  .3241E+06   .9999466  .0018692  .0101619
T  866  2 .4519741E+07   1000000E+02  .1645E+06  .1245E+06   .9999759  .0051821  .0046269
T  867  2 .4529313E+07   1000000E+02  .2094E+06 -.1921E+06   .9999428  .0096688 -.0045740
T  868  2 .4516611E+07   1000000E+02  .1185E+06 -.1761E+07   .9997469  .0001091 -.0224957
T  869  2 .4498708E+07   1000000E+02 -.4945E+06 -.1361E+06   .9999866 -.0049326 -.0015479
T  870  2 .4523268E+07   1000000E+02 -.6144E+06  .4565E+06   .9997369 -.0178068  .0144578
T  871  2 .4482503E+07   1000000E+02  .8567E+05  .1662E+06   .9999793  .0057980 -.0028021
T  872  2 .4512862E+07   1000000E+02  .7693E+06  .6935E+06   .9997732  .0182488  .0109808
T  873  2 .4482127E+07   1000000E+02  .8076E+06 -.9375E+05   .9997100  .0232673 -.0062023
T  874  2 .4504586E+07   1000000E+02 -.6662E+05  .2069E+06   .9999789 -.0015097  .0063127
T  875  2 .4482251E+07   1000000E+02  .1751E+06 -.2122E+06   .9999752  .0058753 -.0038882
T  876  2 .4495890E+07   1000000E+02  .4846E+06 -.7384E+06   .9999656  .0081526 -.0015267
T  877  2 .4496288E+07   1000000E+02 -.7989E+05  .3239E+06   .9997504 -.0223171 -.0009942
T  878  2 .4502602E+07   1000000E+02 -.1703E+07  .1593E+07   .9991350 -.0327994  .0255608
T  879  2 .4482017E+07   1000000E+02  .5478E+05  .1785E+06   .9999465  .0103384  .0004284
T  880  2 .4496272E+07   1000000E+02 -.1541E+06 -.2533E+06   .9999633 -.0052706 -.0067521
T  881  2 .4499802E+07   1000000E+02  .7687E+06  .7806E+05   .9999491  .0091347 -.0042798
T  882  2 .4529125E+07   1000000E+02  .3277E+06 -.1131E+06   .9999381  .0096977 -.0054537
T  883  2 .4519640E+07   1000000E+02  .2270E+06 -.8419E+06   .9999167  .0069339 -.0108852
T  884  2 .4516803E+07   1000000E+02 -.4952E+06 -.3186E+06   .9994438 -.0268700 -.0197501
T  885  2 .4522332E+07   1000000E+02 -.3171E+07  .2523E+07   .9987127 -.0372370  .0344432
T  886  2 .4519322E+07   1000000E+02 -.4443E+06 -.3536E+05   .9999094 -.0133422  .0017564
T  887  2 .4516814E+07   1000000E+02  .2182E+06 -.2314E+06   .9999946  .0032601 -.0005183
T  888  2 .4502795E+07   1000000E+02  .5083E+06 -.1634E+06   .9999839  .0037970 -.0042079
T  889  2 .4482542E+07   1000000E+02  .2667E+06 -.7250E+06   .9999472  .0007911 -.0102495
T  890  2 .4517401E+07   1000000E+02 -.1728E+06  .4445E+06   .9999746 -.0065626  .0027744
T  891  2 .4515605E+07   1000000E+02 -.5250E+06 -.6087E+05   .9999310 -.0107402 -.0047536
T  892  2 .4531651E+07   1000000E+02 -.5311E+06  .2920E+06   .9999570 -.0092701  .0002170
T  893  2 .4510522E+07   1000000E+02 -.2120E+06 -.5906E+06   .9997282 -.0173703 -.0155507
T  894  2 .4491497E+07   1000000E+02  .2606E+06 -.1116E+06   .9999610  .0039058 -.0079237
T  895  2 .4489774E+07   1000000E+02  .1020E+07  .1959E+06   .9998035  .0198070 -.0008520
T  896  2 .4478117E+07   1000000E+02 -.7344E+06  .4837E+05   .9999162 -.0125648 -.0031119
T  897  2 .4503168E+07   1000000E+02  .1934E+06 -.3001E+06   .9999981 -.0015875  .0010926
T  898  2 .4473407E+07   1000000E+02  .7127E+06  .1999E+06   .9999577  .0085774  .0033068
T  899  2 .4497950E+07   1000000E+02 -.4672E+06  .3224E+06   .9998841 -.0152185 -.0002955
T  900  2 .4524723E+07   1000000E+02 -.1536E+06  .8452E+06   .9999719 -.0062730  .0040952
T  901  2 .4499773E+07   1000000E+02  .1677E+06 -.1130E+07   .9999511  .0020473 -.0096759
T  902  2 .4511091E+07   1000000E+02 -.7469E+04 -.4593E+06   .9999370 -.0060775 -.0094321
T  903  2 .4489619E+07   1000000E+02 -.1375E+06 -.1044E+07   .9998720  .0008986 -.0159752
T  904  2 .4454749E+07   1000000E+02 -.1835E+05  .2367E+06   .9999877 -.0020548  .0045107
T  905  2 .4495119E+07   1000000E+02  .3655E+06 -.2815E+05   .9998833 -.0029770 -.0149812
T  906  2 .4518424E+07   1000000E+02  .6551E+06 -.3739E+05   .9999897  .0045007  .0005930
T  907  2 .4470137E+07   1000000E+02  .2147E+06 -.8693E+05   .9999494  .0099902 -.0011795
T  908  2 .4497743E+07   1000000E+02  .6390E+06 -.6776E+05   .9999399  .0102620  .0038684
T  909  2 .4490565E+07   1000000E+02  .5194E+06 -.6818E+06   .9998405  .0113309 -.0138042
T  910  2 .4480357E+07   1000000E+02  .2643E+06  .1603E+06   .9999984  .0001731  .0017899
T  911  2 .4489454E+07   1000000E+02 -.3012E+06 -.2559E+06   .9999977 -.0019768 -.0008878
T  912  2 .4478018E+07   1000000E+02 -.1467E+06  .2604E+06   .9999716 -.0014303  .0074012
T  913  2 .4467459E+07   1000000E+02 -.5021E+06 -.1833E+05   .9998736 -.0148271  .0057359
T  914  2 .4452433E+07   1000000E+02  .2805E+06 -.1561E+06   .9999953 -.0008635 -.0029431
T  915  2 .4487521E+07   1000000E+02  .8360E+06 -.6188E+06   .9998676  .0127535 -.0101051
T  916  2 .4489225E+07   1000000E+02  .6322E+06 -.1218E+07   .9998338  .0099049 -.0153061
T  917  2 .4512828E+07   1000000E+02  .6953E+06  .2502E+06   .9998203  .0175631  .0071294
T  918  2 .4491382E+07   1000000E+02  .3651E+06  .8707E+05   .9999958  .0028766  .0004419
T  919  2 .4524171E+07   1000000E+02 -.1261E+07  .8869E+06   .9998386 -.0109103  .0142704
T  920  2 .4470325E+07   1000000E+02 -.1745E+06  .1142E+06   .9999800 -.0046640 -.0042686
T  921  2 .4511403E+07   1000000E+02 -.2143E+06 -.3885E+06   .9999760 -.0069089  .0004594
T  922  2 .4494084E+07   1000000E+02  .9754E+05  .7917E+06   .9999797 -.0004687  .0063470
T  923  2 .4532043E+07   1000000E+02 -.7429E+05 -.7537E+06   .9998586 -.0035236 -.0164428
T  924  2 .4508286E+07   1000000E+02  .2714E+05 -.6670E+06   .9999277 -.0046841 -.0110783
T  925  2 .4539308E+07   1000000E+02 -.3991E+06  .2206E+06   .9999395 -.0109558  .0009314
T  926  2 .4507657E+07   1000000E+02  .6466E+06 -.4267E+06   .9999286  .0106699 -.0053839
T  927  2 .4499137E+07   1000000E+02 -.1444E+07  .9286E+06   .9995288 -.0246635  .0182716
T  928  2 .4500310E+07   1000000E+02 -.1980E+06 -.1256E+06   .9999842 -.0055015  .0011920
T  929  2 .4534277E+07   1000000E+02  .1306E+07  .3489E+06   .9997543  .0214600  .0055488
T  930  2 .4526598E+07   1000000E+02  .3232E+06 -.6347E+05   .9999801 -.0062326 -.0009747
T  931  2 .4530291E+07   1000000E+02  .8670E+05 -.5007E+05   .9999879  .0026532  .0041483
T  932  2 .4460952E+07   1000000E+02 -.4172E+06 -.2406E+06   .9999550 -.0090619 -.0027958
T  933  2 .4474153E+07   1000000E+02 -.9845E+06 -.5576E+06   .9997994 -.0178557 -.0090686
T  934  2 .4495843E+07   1000000E+02 -.1671E+06 -.3203E+06   .9999860 -.0046537 -.0025033
T  935  2 .4487228E+07   1000000E+02  .1882E+06 -.2255E+06   .9999883  .0047832 -.0007181
T  936  2 .4489785E+07   1000000E+02 -.1781E+06 -.5876E+06   .9998910 -.0104800 -.0104027
T  937  2 .4466955E+07   1000000E+02 -.7526E+06 -.8217E+05   .9991889 -.0395058  .0078050
T  938  2 .4500575E+07   1000000E+02  .1583E+06 -.4753E+06   .9999290  .0060490 -.0102692
T  939  2 .4486140E+07   1000000E+02  .1011E+06 -.7706E+06   .9999922 -.0014842 -.0036598
T  940  2 .4452728E+07   1000000E+02  .2063E+06 -.5330E+06   .9997871  .0073401 -.0192819
T  941  2 .4494638E+07   1000000E+02 -.6479E+04 -.9924E+06   .9999678  .0020432 -.0077565
T  942  2 .4481587E+07   1000000E+02  .6489E+06  .3042E+06   .9999576  .0069809  .0059976
T  943  2 .4503450E+07   1000000E+02  .8743E+06 -.1284E+05   .9999192  .0103431 -.0073924
T  944  2 .4478399E+07   1000000E+02 -.8551E+06  .1899E+06   .9995101 -.0312923 -.0005478
T  945  2 .4512335E+07   1000000E+02  .4219E+06  .3372E+06   .9999906  .0042553  .0007975
T  946  2 .4490768E+07   1000000E+02  .7575E+05 -.1405E+06   .9999940 -.0010395 -.0033023
T  947  2 .4541518E+07   1000000E+02 -.1344E+06  .4930E+06   .9999762  .0013253  .0067692
T  948  2 .4481351E+07   1000000E+02 -.1888E+06  .3866E+06   .9999677 -.0073203  .0033305
T  949  2 .4496026E+07   1000000E+02 -.3076E+06 -.1289E+06   .9999300 -.0062102 -.0100758
T  950  2 .4533615E+07   1000000E+02  .1474E+06 -.4072E+06   .9999545  .0022707 -.0092671
T  951  2 .4519219E+07   1000000E+02  .8645E+05 -.5235E+06   .9998035 -.0087762 -.0177756
T  952  2 .4454667E+07   1000000E+02  .3070E+06 -.3165E+06   .9999933  .0036481  .0003848
T  953  2 .4505906E+07   1000000E+02  .2258E+06 -.2945E+06   .9999760 -.0041604 -.0055336
T  954  2 .4502310E+07   1000000E+02  .1375E+07  .8827E+05   .9997354  .0227894 -.0031156
T  955  2 .4504932E+07   1000000E+02  .3632E+06  .5534E+06   .9999826  .0053896 -.0023958
T  956  2 .4519095E+07   1000000E+02 -.3357E+06 -.5282E+06   .9998806 -.0018978 -.0153328
T  957  2 .4502968E+07   1000000E+02 -.2188E+06  .5944E+06   .9999208 -.0021790  .0123986
T  958  2 .4483384E+07   1000000E+02  .5303E+06  .6502E+06   .9997835  .0138137  .0155612
T  959  2 .4501052E+07   1000000E+02  .5686E+06 -.7776E+06   .9998253  .0138815 -.0125171
T  960  2 .4513318E+07   1000000E+02 -.1244E+06 -.2273E+06   .9999966 -.0020036 -.0016673
T  961  2 .4538695E+07   1000000E+02 -.1680E+06  .5870E+06   .9999532  .0007051  .0096508
T  962  2 .4486960E+07   1000000E+02 -.2504E+06  .1390E+07   .9995963 -.0088321  .0270049
T  963  2 .4485157E+07   1000000E+02  .9418E+06  .1052E+07   .9997879  .0133375  .0156937
T  964  2 .4491610E+07   1000000E+02 -.6259E+06 -.9052E+05   .9999780 -.0052131 -.0040945
T  965  2 .4480195E+07   1000000E+02 -.2147E+06 -.5293E+06   .9999046 -.0096421 -.0098937
T  966  2 .4523814E+07   1000000E+02  .3870E+06 -.1543E+06   .9999260  .0110591 -.0050671
T  967  2 .4489337E+07   1000000E+02 -.1355E+07 -.1517E+07   .9996545 -.0160334 -.0208303
T  968  2 .4519474E+07   1000000E+02 -.3317E+04  .2299E+06   .9999794 -.0035700 -.0053325
T  969  2 .4487095E+07   1000000E+02  .4104E+06  .1200E+06   .9999501  .0089091  .0045243
T  970  2 .4465605E+07   1000000E+02  .1148E+06 -.7432E+05   .9999831  .0039855 -.0042355
T  971  2 .4502986E+07   1000000E+02 -.1257E+06  .2378E+06   .9999817 -.0024752  .0055119
T  972  2 .4509447E+07   1000000E+02 -.1507E+05 -.3295E+06   .9999572  .0030224 -.0087439
T  973  2 .4502791E+07   1000000E+02  .8122E+06 -.5487E+06   .9994932  .0235115 -.0214601
T  974  2 .4528006E+07   1000000E+02 -.3589E+06 -.7224E+05   .9999628 -.0072682  .0046352
T  975  2 .4492055E+07   1000000E+02  .3199E+06  .1031E+05   .9999390  .0098137  .0050670
T  976  2 .4487051E+07   1000000E+02  .3729E+06 -.1572E+06   .9999864  .0047386 -.0021629
T  977  2 .4472383E+07   1000000E+02 -.1086E+06  .5865E+05   .9999931 -.0036972 -.0001752
T  978  2 .4503403E+07   1000000E+02  .3827E+06 -.5736E+06   .9997984  .0138437 -.0145433
T  979  2 .4513039E+07   1000000E+02  .1895E+06  .1012E+06   .9999930  .0026136  .0026793
T  980  2 .4466499E+07   1000000E+02 -.1729E+06  .6550E+05   .9999836 -.0057294 -.0000200
T  981  2 .4497464E+07   1000000E+02 -.6093E+05 -.4267E+06   .9998865 -.0049335 -.0142371
T  982  2 .4503747E+07   1000000E+02  .1989E+06 -.1928E+06   .9999976  .0013742 -.0016865
T  983  2 .4499241E+07   1000000E+02  .5447E+06  .2314E+06   .9999765  .0015549  .0066805
T  984  2 .4519017E+07   1000000E+02 -.3191E+06 -.1767E+06   .9999631 -.0066765 -.0054078
T  985  2 .4516241E+07   1000000E+02 -.1728E+06  .7283E+05   .9999884 -.0010279  .0046978
T  986  2 .4521399E+07   1000000E+02 -.6227E+06  .8922E+05   .9996616 -.0222888  .0134138
T  987  2 .4530649E+07   1000000E+02  .3115E+06 -.3400E+06   .9999378  .0066429 -.0089625
T  988  2 .4472123E+07   1000000E+02 -.1321E+06  .4406E+06   .9999764 -.0056739  .0038754
T  989  2 .4505032E+07   1000000E+02  .5407E+06 -.1514E+05   .9999272  .0114528 -.0037891
T  990  2 .4513966E+07   1000000E+02  .4531E+05  .4974E+04   .9999827  .0058846 -.0001266
T  991  2 .4485445E+07   1000000E+02 -.5827E+05 -.1542E+05   .9999866  .0051536 -.0005456
T  992  2 .4520891E+07   1000000E+02 -.3774E+06 -.5829E+05   .9999550 -.0085891 -.0040280
T  993  2 .4528756E+07   1000000E+02 -.7380E+06  .8922E+04   .9999531 -.0094602 -.0020797
T  994  2 .4530197E+07   1000000E+02  .5331E+06 -.1141E+06   .9999856  .0052765  .0010174
T  995  2 .4506335E+07   1000000E+02  .6546E+04  .1880E+06   .9999324  .0093568  .0069082
T  996  2 .4491604E+07   1000000E+02  .4631E+06 -.3498E+06   .9998845  .0130166 -.0078456
T  997  2 .4497921E+07   1000000E+02 -.6143E+0