============================== SRIM-2013.00 ==============================
==============================================================================
=================  TRANSMIT.txt : File of Transmitted Ions  ==================
=  This file tabulates the kinetics of ions or atoms leaving the target.     =
=  Column #1: S= Sputtered Atom, B= Backscattered Ion, T= Transmitted Ion.   =
=  Col.#2: Ion Number, Col.#3: Z of atom leaving, Col.#4: Atom energy (eV).  =
=  Col.#5-7: Last location:  X= Depth into target, Y,Z= Transverse axes.     =
=  Col.#8-10: Cosines of final trajectory.                                   =
= *** This data file is in the same format as TRIM.DAT (see manual for uses).=
====== TRIM Calc.= He(5.48 MeV) ==> Layer 1(  33 mm) =========================
 Ion  Atom   Energy        Depth       Lateral-Position        Atom Direction      
 Numb Numb    (eV)          X(A)        Y(A)       Z(A)      Cos(X)  Cos(Y) Cos(Z) 
T    1  2 .1168156E+07   3300000E+02 -.3863E+07 -.1416E+07   .9982894 -.0545628  .0210048
T    2  2 .1122858E+07   3300000E+02 -.1834E+07  .2416E+07   .9991216 -.0206204  .0364817
T    3  2 .1166684E+07   3300000E+02  .4278E+07 -.7069E+06   .9995219  .0300956 -.0070902
T    4  2 .1260385E+07   3300000E+02 -.2757E+07  .3933E+06   .9993978 -.0054229  .0342736
T    5  2 .1189137E+07   3300000E+02 -.3979E+06  .2489E+06   .9992572 -.0344622 -.0172443
T    6  2 .1134350E+07   3300000E+02 -.5384E+07  .2840E+07   .9990660 -.0350802 -.0252293
T    7  2 .1213605E+07   3300000E+02  .3774E+06  .3140E+07   .9999734 -.0057345 -.0045120
T    8  2 .1326749E+07   3300000E+02  .3938E+07 -.1686E+06   .9993989  .0318350  .0137223
T    9  2 .1310834E+07   3300000E+02  .4795E+07 -.1152E+07   .9982531  .0567512 -.0164337
T   10  2 .1280886E+07   3300000E+02 -.1597E+07  .7567E+06   .9998346  .0004045 -.0181840
T   11  2 .1250223E+07   3300000E+02  .3146E+07  .1583E+07   .9997506  .0039486  .0219785
T   12  2 .1173932E+07   3300000E+02  .3285E+07  .2595E+07   .9997963 -.0182342  .0086488
T   13  2 .1151922E+07   3300000E+02 -.4520E+05  .3554E+07   .9999047 -.0114007  .0077912
T   14  2 .1270767E+07   3300000E+02  .3103E+07  .2613E+07   .9993442  .0360822 -.0030384
T   15  2 .1204231E+07   3300000E+02  .5916E+06  .1272E+07   .9998084 -.0194766  .0019320
T   16  2 .1288346E+07   3300000E+02  .1392E+07 -.4531E+07   .9993117 -.0267007  .0257520
T   17  2 .1253472E+07   3300000E+02 -.9083E+06  .5990E+07   .9972665 -.0038410  .0737888
T   18  2 .1355375E+07   3300000E+02  .5260E+06  .3996E+07   .9977911 -.0239548  .0619602
T   19  2 .1261071E+07   3300000E+02 -.1423E+07 -.6341E+06   .9996099 -.0222562 -.0168719
T   20  2 .1242572E+07   3300000E+02  .8969E+06  .2587E+07   .9999843 -.0018570 -.0052948
T   21  2 .1175086E+07   3300000E+02  .5470E+07 -.9211E+07   .9994790  .0209401 -.0245604
T   22  2 .1179058E+07   3300000E+02  .4688E+06 -.2131E+07   .9997692 -.0122970  .0176137
T   23  2 .1081143E+07   3300000E+02 -.4409E+07 -.2819E+07   .9990717 -.0336150 -.0269406
T   24  2 .1173808E+07   3300000E+02  .5300E+06  .3489E+06   .9998842  .0142227  .0054124
T   25  2 .1163001E+07   3300000E+02 -.1500E+08 -.6474E+07   .9807165 -.1538011 -.1205834
T   26  2 .1293591E+07   3300000E+02  .2241E+07 -.5180E+07   .9991166  .0284704 -.0309111
T   27  2 .1175030E+07   3300000E+02  .3018E+07 -.3823E+07   .9956505  .0244257 -.0899077
T   28  2 .1162470E+07   3300000E+02  .5969E+06 -.3164E+07   .9999247 -.0020234 -.0121064
T   29  2 .1197753E+07   3300000E+02 -.3410E+07  .1309E+07   .9988214 -.0361148 -.0324286
T   30  2 .1236665E+07   3300000E+02  .6414E+06  .2941E+07   .9993289 -.0149770  .0334267
T   31  2 .1155407E+07   3300000E+02 -.2799E+07  .7307E+06   .9998534  .0159707  .0061765
T   32  2 .1160177E+07   3300000E+02  .1083E+07  .2205E+07   .9996651  .0153625  .0208250
T   33  2 .1096423E+07   3300000E+02 -.8456E+06 -.1485E+07   .9993383  .0134244 -.0338051
T   34  2 .1217979E+07   3300000E+02 -.2550E+07 -.1957E+07   .9962104 -.0322685  .0807690
T   35  2 .1256084E+07   3300000E+02 -.1784E+07 -.1223E+07   .9999526 -.0094783 -.0022069
T   36  2 .1117172E+07   3300000E+02  .4757E+07  .1647E+07   .9987529  .0489747  .0097014
T   37  2 .1187844E+07   3300000E+02  .1554E+07 -.1787E+07   .9986814  .0417948 -.0298102
T   38  2 .1212935E+07   3300000E+02 -.8860E+07  .8106E+06   .9984392 -.0557504 -.0033265
T   39  2 .1166391E+07   3300000E+02 -.1719E+07  .8971E+06   .9995901 -.0284639  .0030596
T   40  2 .1230191E+07   3300000E+02 -.1213E+07 -.4069E+07   .9998223 -.0089843 -.0165749
T   41  2 .1214430E+07   3300000E+02 -.4778E+07  .4170E+07   .9978867 -.0307541  .0572392
T   42  2 .1074044E+07   3300000E+02 -.1730E+07 -.1188E+07   .9998332 -.0180399  .0028612
T   43  2 .1181976E+07   3300000E+02 -.3488E+07 -.7156E+06   .9999539 -.0095619  .0009101
T   44  2 .1282918E+07   3300000E+02  .1864E+07  .6114E+07   .9970679  .0005161  .0765203
T   45  2 .1157332E+07   3300000E+02 -.1386E+07  .3484E+07   .9993058  .0219373  .0301124
T   46  2 .1218850E+07   3300000E+02 -.5847E+07 -.7940E+06   .9991563 -.0410193 -.0020083
T   47  2 .1087316E+07   3300000E+02  .2499E+06 -.1332E+07   .9996485 -.0133903 -.0228814
T   48  2 .1199917E+07   3300000E+02  .1408E+07 -.8982E+06   .9999198  .0114665 -.0053819
T   49  2 .1027240E+07   3300000E+02 -.4792E+07  .5662E+07   .9972304 -.0565926  .0482571
T   50  2 .1214008E+07   3300000E+02  .2766E+07 -.1747E+07   .9994163  .0341511  .0009054
T   51  2 .1277862E+07   3300000E+02  .2067E+07 -.1657E+07   .9991847 -.0220465 -.0338209
T   52  2 .1257223E+07   3300000E+02 -.7143E+06  .1207E+07   .9999356 -.0089496  .0069740
T   53  2 .1222167E+07   3300000E+02 -.2672E+07 -.8025E+06   .9990705 -.0330897  .0276262
T   54  2 .1211589E+07   3300000E+02 -.1926E+07  .3173E+07   .9986932 -.0179190  .0478632
T   55  2 .1189762E+07   3300000E+02 -.2156E+06  .4776E+07   .9986917 -.0085169  .0504227
T   56  2 .1284912E+07   3300000E+02 -.1124E+07 -.8734E+07   .9984470 -.0510696  .0222579
T   57  2 .1257816E+07   3300000E+02  .9966E+06  .1987E+06   .9996801 -.0140162 -.0210514
T   58  2 .1200182E+07   3300000E+02 -.4983E+07  .4271E+07   .9995730 -.0016504  .0291734
T   59  2 .1135417E+07   3300000E+02 -.6091E+04  .2881E+07   .9998062  .0124324  .0152650
T   60  2 .1134288E+07   3300000E+02 -.1767E+07 -.9559E+06   .9990040 -.0443409 -.0049969
T   61  2 .1241264E+07   3300000E+02 -.4906E+07  .9905E+06   .9983379 -.0262465  .0513091
T   62  2 .1302982E+07   3300000E+02 -.4748E+07  .1692E+07   .9994915 -.0276372  .0159021
T   63  2 .1244374E+07   3300000E+02 -.3566E+07 -.3116E+07   .9995819 -.0288336 -.0021513
T   64  2 .1262470E+07   3300000E+02  .8453E+06 -.3589E+07   .9999703 -.0065792 -.0040063
T   65  2 .1208461E+07   3300000E+02  .9344E+06  .2035E+07   .9998119 -.0153278  .0118873
T   66  2 .1249878E+07   3300000E+02 -.3391E+07 -.5226E+06   .9990473 -.0001235 -.0436393
T   67  2 .1244889E+07   3300000E+02  .1303E+07 -.4877E+07   .9979867  .0284083 -.0567061
T   68  2 .1295988E+07   3300000E+02 -.2304E+07 -.5568E+07   .9995478 -.0279646 -.0110562
T   69  2 .1176087E+07   3300000E+02  .2868E+07 -.6094E+06   .9999017 -.0031880  .0136516
T   70  2 .1244959E+07   3300000E+02  .4170E+07  .2681E+07   .9988786  .0391947  .0265582
T   71  2 .1167552E+07   3300000E+02  .6264E+05 -.3764E+07   .9992559  .0275424 -.0270021
T   72  2 .1109980E+07   3300000E+02  .3397E+05 -.2345E+07   .9997005  .0080684 -.0231027
T   73  2 .1126105E+07   3300000E+02 -.4676E+07  .2794E+07   .9992885 -.0163476  .0339900
T   74  2 .1221257E+07   3300000E+02  .3742E+06 -.5594E+07   .9987536 -.0217010 -.0449474
T   75  2 .1343598E+07   3300000E+02 -.3416E+07 -.4246E+07   .9983916 -.0275545 -.0495480
T   76  2 .1178932E+07   3300000E+02 -.5800E+07  .5037E+07   .9993557 -.0252758  .0254800
T   77  2 .1111062E+07   3300000E+02 -.3952E+07 -.1278E+08   .9963672 -.0232945 -.0819133
T   78  2 .1211736E+07   3300000E+02  .3479E+07 -.8680E+06   .9999517 -.0053604 -.0082341
T   79  2 .1172928E+07   3300000E+02 -.1047E+07  .1991E+07   .9997847 -.0021012 -.0206414
T   80  2 .1199058E+07   3300000E+02 -.8418E+07  .5694E+07   .9943048 -.0655376 -.0840398
T   81  2 .1173623E+07   3300000E+02  .8328E+07  .1928E+07   .9979856  .0579318  .0258577
T   82  2 .1104248E+07   3300000E+02 -.5543E+07  .2256E+07   .9989720 -.0438335  .0115586
T   83  2 .1218958E+07   3300000E+02  .3470E+07 -.5372E+07   .9989129  .0287170 -.0367203
T   84  2 .1217970E+07   3300000E+02  .3462E+07  .2002E+07   .9989503  .0143320  .0435083
T   85  2 .1255597E+07   3300000E+02 -.5885E+07 -.2830E+07   .9995652 -.0244709 -.0164516
T   86  2 .1201364E+07   3300000E+02  .1690E+07  .1030E+07   .9996486  .0124876 -.0233811
T   87  2 .1239496E+07   3300000E+02  .3826E+06  .1040E+08   .9987390  .0239949  .0440973
T   88  2 .1254245E+07   3300000E+02  .2169E+07  .1845E+07   .9998154 -.0131465  .0140091
T   89  2 .1146850E+07   3300000E+02 -.3887E+07 -.1422E+07   .9991190 -.0366427  .0204567
T   90  2 .1141840E+07   3300000E+02 -.5308E+07  .4405E+07   .9986963 -.0458352  .0224698
T   91  2 .9963654E+06   3300000E+02 -.7400E+07  .2942E+08   .9858662 -.0198192  .1663580
T   92  2 .1218054E+07   3300000E+02  .6363E+07 -.1048E+07   .9984674  .0362779 -.0417935
T   93  2 .1232976E+07   3300000E+02  .2634E+07 -.3845E+06   .9991234 -.0414549 -.0058254
T   94  2 .1215389E+07   3300000E+02  .4204E+07  .1299E+07   .9995840  .0118785  .0262807
T   95  2 .1137267E+07   3300000E+02  .3030E+07 -.3952E+07   .9997045 -.0030130 -.0241215
T   96  2 .1244195E+07   3300000E+02 -.3242E+07 -.8418E+06   .9996076 -.0272933  .0063097
T   97  2 .1261951E+07   3300000E+02  .3052E+07  .2928E+07   .9977192  .0649881  .0182466
T   98  2 .1134419E+07   3300000E+02 -.1278E+07  .6203E+07   .9991643 -.0147080  .0381361
T   99  2 .1095687E+07   3300000E+02 -.4075E+07  .1101E+07   .9978344  .0599537  .0270579
T  100  2 .1428157E+07   3300000E+02  .9521E+06 -.1210E+07   .9990064 -.0326692 -.0303143
T  101  2 .1246744E+07   3300000E+02 -.4156E+07 -.4276E+06   .9995920 -.0228158  .0171850
T  102  2 .1241669E+07   3300000E+02  .3525E+07 -.3522E+07   .9977631  .0290183 -.0602215
T  103  2 .1252383E+07   3300000E+02  .5106E+07  .3007E+07   .9987640  .0473100  .0152369
T  104  2 .1299934E+07   3300000E+02  .3295E+07 -.1149E+07   .9998157 -.0109666 -.0157589
T  105  2 .1189277E+07   3300000E+02 -.2089E+07  .3242E+07   .9990919 -.0292940  .0309386
T  106  2 .1190538E+07   3300000E+02  .7416E+06  .3805E+07   .9996430  .0025021  .0265991
T  107  2 .1231402E+07   3300000E+02  .8522E+07  .3219E+07   .9974879  .0528088  .0472135
T  108  2 .1211492E+07   3300000E+02  .2614E+07  .1382E+07   .9994249  .0306710 -.0144628
T  109  2 .1250178E+07   3300000E+02 -.7561E+07  .2077E+07   .9991794 -.0403974 -.0029359
T  110  2 .1336133E+07   3300000E+02  .2539E+07  .8560E+07   .9964253  .0434598  .0724426
T  111  2 .1227620E+07   3300000E+02 -.5383E+06 -.1723E+07   .9995985  .0058778 -.0277186
T  112  2 .1204228E+07   3300000E+02  .1865E+07 -.1803E+07   .9996952  .0243556  .0040291
T  113  2 .1284946E+07   3300000E+02  .4060E+06 -.1041E+07   .9985428  .0204792 -.0499286
T  114  2 .1190179E+07   3300000E+02  .6257E+07 -.6498E+07   .9978401  .0399271 -.0521628
T  115  2 .1178742E+07   3300000E+02  .3336E+07  .1754E+07   .9994019  .0304794 -.0163364
T  116  2 .1182965E+07   3300000E+02 -.4865E+06  .4124E+07   .9998720 -.0118896  .0107027
T  117  2 .1169595E+07   3300000E+02  .5702E+07 -.8822E+07   .9983493  .0332463 -.0468330
T  118  2 .1319724E+07   3300000E+02  .4003E+07  .7799E+06   .9991466  .0350600  .0218374
T  119  2 .1207637E+07   3300000E+02 -.5376E+06  .1155E+07   .9998262 -.0152056  .0107857
T  120  2 .1330724E+07   3300000E+02 -.9625E+07 -.6319E+07   .9976065 -.0611499 -.0322786
T  121  2 .1221935E+07   3300000E+02 -.2111E+07 -.3577E+07   .9983400 -.0575917  .0006076
T  122  2 .1081216E+07   3300000E+02  .3795E+07 -.3581E+07   .9992814  .0376020 -.0047712
T  123  2 .1229066E+07   3300000E+02 -.5235E+07  .2056E+07   .9995650 -.0094371 -.0279426
T  124  2 .1303200E+07   3300000E+02  .3523E+07 -.9096E+06   .9997773  .0125472 -.0169709
T  125  2 .1278170E+07   3300000E+02 -.2600E+07 -.1247E+07   .9974473 -.0445867  .0557754
T  126  2 .1284572E+07   3300000E+02 -.2357E+07  .3559E+07   .9968582 -.0265367  .0746296
T  127  2 .1355270E+07   3300000E+02 -.1143E+07  .7299E+05   .9999390 -.0105895 -.0031354
T  128  2 .1226362E+07   3300000E+02  .3054E+06  .1647E+07   .9992563  .0168687  .0346736
T  129  2 .1170659E+07   3300000E+02  .3403E+06  .5777E+07   .9960301  .0278388  .0845519
T  130  2 .1200299E+07   3300000E+02  .2085E+07 -.2163E+07   .9980768  .0404164 -.0470025
T  131  2 .1128276E+07   3300000E+02  .1375E+07  .3266E+07   .9994582 -.0139163  .0298272
T  132  2 .1242093E+07   3300000E+02  .4698E+07  .5374E+07   .9995813  .0072127  .0280202
T  133  2 .1294904E+07   3300000E+02 -.9380E+05  .9798E+06   .9984765 -.0320794  .0448946
T  134  2 .1259922E+07   3300000E+02 -.5220E+07  .3290E+07   .9987722 -.0495125  .0016311
T  135  2 .1287336E+07   3300000E+02 -.2015E+05  .7306E+07   .9981638  .0080175  .0600394
T  136  2 .1277165E+07   3300000E+02 -.2279E+07 -.2466E+07   .9998367 -.0145126 -.0107685
T  137  2 .1168815E+07   3300000E+02  .3414E+07 -.1936E+07   .9984676  .0470671 -.0291057
T  138  2 .1267645E+07   3300000E+02  .9510E+06 -.5514E+07   .9990304  .0116195 -.0424647
T  139  2 .1255614E+07   3300000E+02  .1747E+07  .6515E+07   .9979786 -.0004759  .0635490
T  140  2 .1097578E+07   3300000E+02  .6184E+07  .3272E+07   .9996047  .0168097  .0225383
T  141  2 .1219444E+07   3300000E+02 -.8820E+07 -.3572E+07   .9981903 -.0557993 -.0224159
T  142  2 .1205715E+07   3300000E+02 -.4776E+07 -.5511E+07   .9966025 -.0687863 -.0452969
T  143  2 .1212584E+07   3300000E+02  .9522E+06 -.1124E+07   .9997783 -.0181088 -.0107398
T  144  2 .1175659E+07   3300000E+02  .3108E+07 -.2086E+06   .9993137  .0370234 -.0011929
T  145  2 .1312308E+07   3300000E+02  .7346E+07  .2091E+07   .9980527  .0314965  .0538398
T  146  2 .1176253E+07   3300000E+02  .9016E+06  .1574E+07   .9995221  .0286158 -.0116893
T  147  2 .1280608E+07   3300000E+02  .6729E+06  .2756E+07   .9990525  .0109835  .0421134
T  148  2 .1336166E+07   3300000E+02  .1205E+07 -.1362E+07   .9994287  .0336637 -.0029970
T  149  2 .1141912E+07   3300000E+02  .5575E+07 -.4245E+07   .9968535  .0715600 -.0340934
T  150  2 .1114283E+07   3300000E+02 -.4378E+07 -.7456E+07   .9923524 -.0599050 -.1079263
T  151  2 .1225616E+07   3300000E+02  .1308E+07 -.5575E+06   .9998901 -.0052686 -.0138595
T  152  2 .1189108E+07   3300000E+02 -.1137E+07  .2227E+07   .9994433  .0075172  .0325041
T  153  2 .1141244E+07   3300000E+02 -.1940E+07 -.2532E+07   .9968700 -.0512711 -.0601794
T  154  2 .1136196E+07   3300000E+02 -.3176E+07  .8423E+07   .9991293 -.0048081  .0414439
T  155  2 .1259897E+07   3300000E+02  .2007E+07  .2965E+07   .9997695  .0128610  .0171919
T  156  2 .1172419E+07   3300000E+02  .8423E+07  .2256E+07   .9927546  .0954581  .0729796
T  157  2 .1180555E+07   3300000E+02  .3899E+07 -.4438E+06   .9996873 -.0158463  .0193425
T  158  2 .1233340E+07   3300000E+02  .1212E+05 -.6571E+07   .9997605  .0012723 -.0218494
T  159  2 .1222467E+07   3300000E+02  .7263E+06 -.1995E+07   .9995530  .0238497 -.0180277
T  160  2 .1232134E+07   3300000E+02 -.7295E+06 -.2313E+07   .9995710  .0036183 -.0290634
T  161  2 .1228116E+07   3300000E+02 -.9647E+06 -.2141E+07   .9999767 -.0068297 -.0000437
T  162  2 .1201329E+07   3300000E+02  .6226E+06 -.3053E+07   .9996870  .0065313 -.0241520
T  163  2 .1296555E+07   3300000E+02  .1113E+08  .1166E+08   .9976116  .0414278  .0552701
T  164  2 .1192744E+07   3300000E+02  .3121E+07  .6085E+06   .9993882  .0343537  .0065633
T  165  2 .1255547E+07   3300000E+02  .1428E+06 -.2774E+07   .9996685 -.0021716 -.0256549
T  166  2 .1180395E+07   3300000E+02 -.2296E+07 -.1512E+07   .9973606  .0187307 -.0701493
T  167  2 .1174723E+07   3300000E+02 -.2303E+06  .5084E+07   .9992457 -.0120032  .0369328
T  168  2 .1207726E+07   3300000E+02 -.5832E+05  .3203E+07   .9995402  .0140569  .0268645
T  169  2 .1222502E+07   3300000E+02  .1278E+07 -.5128E+07   .9998206  .0080713 -.0171376
T  170  2 .1254258E+07   3300000E+02 -.2813E+06 -.2793E+07   .9981880 -.0584037 -.0144797
T  171  2 .1124357E+07   3300000E+02 -.1922E+08 -.1355E+08   .9907393 -.1098285 -.0798334
T  172  2 .1259799E+07   3300000E+02 -.4290E+07  .5702E+07   .9989490 -.0152992  .0432057
T  173  2 .1189827E+07   3300000E+02  .7014E+06 -.1010E+08   .9991413 -.0210571 -.0356831
T  174  2 .1198602E+07   3300000E+02  .4134E+07 -.9318E+07   .9987354  .0196475 -.0462769
T  175  2 .1304100E+07   3300000E+02  .8506E+06 -.1498E+07   .9991426  .0385626 -.0150679
T  176  2 .1190428E+07   3300000E+02 -.5081E+07 -.7649E+06   .9998625 -.0162493 -.0033197
T  177  2 .1268786E+07   3300000E+02 -.5106E+06  .9007E+06   .9999822  .0058240  .0013017
T  178  2 .1174459E+07   3300000E+02 -.1008E+08 -.4436E+07   .9949866 -.0771639 -.0636191
T  179  2 .1108408E+07   3300000E+02 -.1113E+08  .9640E+06   .9929381 -.1185743 -.0037505
T  180  2 .1213056E+07   3300000E+02 -.6750E+06 -.4519E+07   .9962141  .0492423 -.0716432
T  181  2 .1244869E+07   3300000E+02  .8658E+06  .1751E+07   .9995251  .0307864 -.0013131
T  182  2 .1296075E+07   3300000E+02 -.3862E+07  .5816E+07   .9990756 -.0102131  .0417567
T  183  2 .1233439E+07   3300000E+02  .3715E+06 -.1845E+07   .9999954 -.0020885 -.0021833
T  184  2 .1309184E+07   3300000E+02  .2425E+08  .3898E+07   .9926955  .1206406 -.0012336
T  185  2 .1186868E+07   3300000E+02 -.5013E+07 -.2804E+07   .9994604 -.0318397 -.0080755
T  186  2 .1229238E+07   3300000E+02  .4682E+07 -.4113E+07   .9946072 -.0893409 -.0526747
T  187  2 .1176746E+07   3300000E+02 -.2855E+07 -.5331E+07   .9984841 -.0262197 -.0483946
T  188  2 .1147438E+07   3300000E+02 -.3885E+07 -.2670E+07   .9991577 -.0400319 -.0090171
T  189  2 .1339022E+07   3300000E+02 -.1114E+07  .2465E+07   .9998859  .0103756  .0109783
T  190  2 .1205177E+07   3300000E+02 -.6786E+07  .2700E+07   .9994275 -.0328612  .0080515
T  191  2 .1144216E+07   3300000E+02 -.5948E+07 -.4716E+07   .9984343 -.0540290 -.0144870
T  192  2 .1235994E+07   3300000E+02  .8357E+06 -.2596E+06   .9999196  .0119143 -.0043415
T  193  2 .1304997E+07   3300000E+02 -.4951E+06 -.4415E+07   .9996339  .0234588 -.0134788
T  194  2 .1131807E+07   3300000E+02 -.2919E+06 -.6912E+07   .9973316  .0403167 -.0608626
T  195  2 .1324295E+07   3300000E+02 -.6882E+07  .4925E+06   .9990790 -.0395768  .0165805
T  196  2 .1151743E+07   3300000E+02 -.2496E+06  .1549E+06   .9967861 -.0677484  .0427516
T  197  2 .1171165E+07   3300000E+02 -.2226E+07  .1191E+07   .9999370 -.0094997  .0059764
T  198  2 .1241572E+07   3300000E+02 -.3523E+07  .1053E+07   .9997645 -.0138554 -.0167014
T  199  2 .1265614E+07   3300000E+02  .3550E+06  .1039E+07   .9988698 -.0311510  .0358991
T  200  2 .1180254E+07   3300000E+02 -.2719E+07  .7830E+06   .9990635 -.0290872  .0320311
T  201  2 .1168616E+07   3300000E+02  .2735E+07 -.1020E+08   .9947142  .0054474 -.1025373
T  202  2 .1256043E+07   3300000E+02 -.4381E+07 -.5824E+07   .9993582 -.0304567 -.0188586
T  203  2 .1244132E+07   3300000E+02  .3612E+06  .4611E+07   .9994522 -.0198979  .0264470
T  204  2 .1166029E+07   3300000E+02  .6115E+06 -.1367E+07   .9996396  .0237781  .0124571
T  205  2 .1089496E+07   3300000E+02  .2676E+08  .1405E+08   .9900422  .0982654  .1007983
T  206  2 .1178674E+07   3300000E+02  .1473E+07 -.3289E+07   .9998876  .0109301 -.0102654
T  207  2 .1173151E+07   3300000E+02 -.3110E+07 -.4053E+07   .9983061 -.0511908  .0276475
T  208  2 .1221966E+07   3300000E+02  .6326E+07  .2603E+06   .9937335  .0177659  .1103547
T  209  2 .1208863E+07   3300000E+02 -.2846E+07  .4439E+07   .9985694 -.0498580  .0193212
T  210  2 .1237945E+07   3300000E+02  .8727E+06 -.9643E+06   .9984215 -.0370470 -.0422138
T  211  2 .1263947E+07   3300000E+02 -.1807E+07  .4701E+07   .9997218 -.0225559 -.0068953
T  212  2 .1071139E+07   3300000E+02  .8956E+07  .1189E+08   .9799630  .0607522  .1896885
T  213  2 .1120530E+07   3300000E+02  .2295E+07  .4151E+07   .9984485  .0486540  .0270811
T  214  2 .1138063E+07   3300000E+02  .1620E+07  .1157E+08   .9976050  .0245752  .0646560
T  215  2 .1190050E+07   3300000E+02  .1297E+07  .1998E+07   .9969873  .0450976  .0631076
T  216  2 .1237460E+07   3300000E+02  .9692E+06  .1355E+07   .9999646  .0065280  .0053049
T  217  2 .1178637E+07   3300000E+02 -.2527E+07 -.5958E+06   .9999425 -.0094806  .0050030
T  218  2 .1202409E+07   3300000E+02  .6826E+06  .3864E+07   .9996098  .0275936  .0043454
T  219  2 .1196548E+07   3300000E+02  .1135E+07  .1624E+06   .9989339  .0461529 -.0009815
T  220  2 .1217439E+07   3300000E+02  .7709E+06  .2523E+07   .9996830 -.0207961  .0141935
T  221  2 .1243748E+07   3300000E+02 -.4272E+06 -.1791E+06   .9993702 -.0112207 -.0336654
T  222  2 .1218477E+07   3300000E+02  .6830E+07  .2580E+07   .9996229  .0273714  .0021900
T  223  2 .1195263E+07   3300000E+02  .1142E+07  .3712E+07   .9961087  .0867250  .0156950
T  224  2 .1291973E+07   3300000E+02 -.7282E+07 -.8060E+05   .9998178 -.0141025 -.0128634
T  225  2 .1137717E+07   3300000E+02 -.1707E+07 -.5374E+07   .9999108 -.0112535 -.0071942
T  226  2 .1276414E+07   3300000E+02  .1461E+07  .1177E+07   .9996166  .0190251  .0201185
T  227  2 .1275860E+07   3300000E+02 -.1700E+08 -.5840E+07   .9968444 -.0691569 -.0389699
T  228  2 .1214485E+07   3300000E+02 -.9010E+05  .4939E+07   .9987807 -.0221511  .0441181
T  229  2 .1205614E+07   3300000E+02 -.3864E+07  .3268E+06   .9999898 -.0028794  .0034926
T  230  2 .1301404E+07   3300000E+02 -.4582E+07  .5080E+07   .9992393 -.0284245  .0266996
T  231  2 .1245741E+07   3300000E+02 -.2101E+07  .8078E+06   .9998709 -.0057707  .0149978
T  232  2 .1252833E+07   3300000E+02  .3085E+07  .2602E+06   .9998391  .0166663 -.0066321
T  233  2 .1249177E+07   3300000E+02  .3702E+07  .3116E+06   .9997938  .0115390 -.0167098
T  234  2 .1054566E+07   3300000E+02 -.1465E+06 -.1821E+07   .9995671 -.0198118  .0217523
T  235  2 .1282408E+07   3300000E+02 -.1280E+07  .3141E+07   .9995043 -.0046084  .0311438
T  236  2 .1354700E+07   3300000E+02  .1433E+07 -.1753E+07   .9998216 -.0112188 -.0151959
T  237  2 .1218252E+07   3300000E+02 -.4676E+07 -.1027E+07   .9997979  .0017398 -.0200306
T  238  2 .1300394E+07   3300000E+02 -.1594E+07 -.2496E+07   .9996538  .0047237 -.0258818
T  239  2 .1141046E+07   3300000E+02 -.9569E+07 -.2886E+08   .9942205 -.0445848 -.0976620
T  240  2 .1223882E+07   3300000E+02  .4292E+07  .4138E+07   .9991452 -.0087335  .0404042
T  241  2 .1241704E+07   3300000E+02  .1075E+06 -.4331E+06   .9998418 -.0025642 -.0176002
T  242  2 .1255917E+07   3300000E+02  .4229E+07 -.5526E+07   .9976790 -.0081345 -.0676044
T  243  2 .1138187E+07   3300000E+02  .3391E+07 -.1195E+08   .9998753  .0050714 -.0149579
T  244  2 .1151277E+07   3300000E+02  .4519E+07  .2599E+07   .9981436  .0597302  .0118979
T  245  2 .1217754E+07   3300000E+02  .6941E+05 -.2856E+07   .9997613 -.0218388 -.0005990
T  246  2 .1241790E+07   3300000E+02  .1176E+06 -.1030E+07   .9977445  .0628236 -.0236458
T  247  2 .1112549E+07   3300000E+02 -.2938E+07 -.2072E+06   .9996668 -.0257717 -.0014705
T  248  2 .1103914E+07   3300000E+02 -.2471E+07  .6375E+07   .9902243 -.0669799  .1223499
T  249  2 .1284307E+07   3300000E+02  .2531E+07 -.4560E+07   .9993301 -.0093629 -.0353785
T  250  2 .1185141E+07   3300000E+02 -.2810E+07 -.2048E+07   .9994213 -.0115512  .0319930
T  251  2 .1177251E+07   3300000E+02 -.5783E+07  .7068E+06   .9601592 -.2791459 -.0131075
T  252  2 .1160539E+07   3300000E+02  .2059E+07 -.9988E+06   .9990731  .0282177 -.0325081
T  253  2 .1229202E+07   3300000E+02 -.2935E+06 -.8485E+06   .9988895  .0357964 -.0306329
T  254  2 .1270744E+07   3300000E+02  .1480E+07  .2058E+06   .9999276 -.0078733 -.0090967
T  255  2 .1310696E+07   3300000E+02 -.1115E+07 -.1397E+07   .9999583 -.0077351  .0048445
T  256  2 .1261958E+07   3300000E+02  .2219E+07  .3832E+07   .9999869  .0003482 -.0050979
T  257  2 .1219441E+07   3300000E+02  .1839E+07 -.7469E+07   .9975309  .0190846 -.0675865
T  258  2 .1278548E+07   3300000E+02 -.1169E+07 -.6084E+07   .9988814 -.0367597 -.0297432
T  259  2 .1289009E+07   3300000E+02  .5771E+06  .2192E+06   .9992134 -.0084535  .0387430
T  260  2 .1208453E+07   3300000E+02  .2181E+07  .2013E+07   .9996481  .0248069  .0094002
T  261  2 .1285416E+07   3300000E+02  .2914E+07 -.1798E+07   .9993617  .0239162 -.0265382
T  262  2 .1184865E+07   3300000E+02  .1520E+08 -.1493E+08   .9971647  .0681476 -.0319134
T  263  2 .1085405E+07   3300000E+02  .7523E+06 -.1072E+07   .9997540 -.0201811 -.0091970
T  264  2 .1286251E+07   3300000E+02  .8296E+06 -.7133E+07   .9975770 -.0069265 -.0692259
T  265  2 .1059459E+07   3300000E+02  .1503E+08 -.2226E+08   .9977655  .0322316 -.0585242
T  266  2 .1255537E+07   3300000E+02  .6906E+06  .4919E+07   .9992121 -.0032598  .0395535
T  267  2 .1149815E+07   3300000E+02 -.1235E+07 -.2758E+07   .9992758  .0137654 -.0354744
T  268  2 .1114588E+07   3300000E+02 -.3296E+07 -.4799E+06   .9992620 -.0114978 -.0366509
T  269  2 .1173549E+07   3300000E+02 -.3779E+07 -.3728E+07   .9999588 -.0088982 -.0017973
T  270  2 .1323483E+07   3300000E+02  .2532E+07  .4401E+07   .9998653 -.0162441  .0023544
T  271  2 .1306847E+07   3300000E+02  .6137E+06  .1396E+07   .9998159 -.0181997  .0060805
T  272  2 .1110780E+07   3300000E+02 -.3106E+07 -.7687E+06   .9988592  .0290867  .0378719
T  273  2 .1156695E+07   3300000E+02 -.2201E+07  .2436E+07   .9990584 -.0317077  .0296135
T  274  2 .1238913E+07   3300000E+02 -.1043E+07  .4180E+07   .9995349  .0174373  .0250179
T  275  2 .1299527E+07   3300000E+02  .3552E+06  .9763E+07   .9963484 -.0260056  .0813241
T  276  2 .1295698E+07   3300000E+02  .3674E+07  .2730E+06   .9990843  .0372531 -.0210410
T  277  2 .1254913E+07   3300000E+02  .1250E+07  .3247E+07   .9992983  .0276274  .0252914
T  278  2 .1360215E+07   3300000E+02 -.3206E+07  .1697E+07   .9997706  .0023290  .0212916
T  279  2 .1151395E+07   3300000E+02 -.1795E+07 -.4211E+07   .9990099 -.0019878 -.0444433
T  280  2 .1127667E+07   3300000E+02  .2528E+06  .1756E+07   .9999537 -.0084859 -.0045475
T  281  2 .1203617E+07   3300000E+02  .6608E+07 -.1768E+08   .9953122  .0619573 -.0742627
T  282  2 .1260312E+07   3300000E+02 -.2141E+06 -.4391E+07   .9986321 -.0522838 -.0004950
T  283  2 .1178233E+07   3300000E+02 -.3961E+07 -.1337E+07   .9999290  .0035574 -.0113749
T  284  2 .1241933E+07   3300000E+02 -.1199E+07  .6053E+06   .9996614 -.0033388 -.0258049
T  285  2 .1188825E+07   3300000E+02 -.1118E+07  .7484E+07   .9766382 -.2111153 -.0401021
T  286  2 .1219080E+07   3300000E+02 -.3290E+07 -.2086E+07   .9991567 -.0103130 -.0397422
T  287  2 .1189416E+07   3300000E+02  .9306E+06  .3572E+07   .9886940 -.0169712 -.1489838
T  288  2 .1142702E+07   3300000E+02 -.2446E+08 -.9866E+06   .9850984 -.1719809 -.0019540
T  289  2 .1161825E+07   3300000E+02 -.1218E+07 -.2493E+07   .9984075  .0367896 -.0427671
T  290  2 .1149889E+07   3300000E+02 -.2292E+07  .6391E+07   .9993547 -.0357013  .0039433
T  291  2 .1273852E+07   3300000E+02 -.1379E+07  .2596E+07   .9996045 -.0082505  .0268848
T  292  2 .1208391E+07   3300000E+02  .3449E+07  .5033E+06   .9961859  .0706034 -.0512726
T  293  2 .1222351E+07   3300000E+02 -.4106E+07 -.1173E+07   .9996119  .0164017  .0225182
T  294  2 .1249910E+07   3300000E+02 -.4482E+05  .3329E+07   .9975356  .0399705  .0576639
T  295  2 .1238024E+07   3300000E+02 -.1019E+08  .1612E+07   .9985836 -.0532043 -.0002304
T  296  2 .1191654E+07   3300000E+02  .5374E+07 -.8316E+06   .9985613  .0535014  .0035820
T  297  2 .1097354E+07   3300000E+02 -.3320E+07 -.7418E+07   .9976132 -.0349822 -.0595323
T  298  2 .1218430E+07   3300000E+02 -.6151E+06 -.5353E+07   .9991640 -.0385231 -.0136878
T  299  2 .1196709E+07   3300000E+02  .2770E+07  .2245E+07   .9996488  .0167360  .0205488
T  300  2 .1234676E+07   3300000E+02  .2943E+07 -.3293E+07   .9991160  .0385154 -.0168447
T  301  2 .1207171E+07   3300000E+02  .1607E+07  .1257E+07   .9995263 -.0307765 -.0000833
T  302  2 .1201633E+07   3300000E+02  .1128E+06  .1442E+07   .9999020 -.0139914 -.0003836
T  303  2 .1284928E+07   3300000E+02 -.2795E+07  .1797E+07   .9996512 -.0255808 -.0065710
T  304  2 .1152375E+07   3300000E+02  .4760E+06  .6137E+07   .9968923  .0204966  .0760636
T  305  2 .1270875E+07   3300000E+02  .1018E+07  .3043E+07   .9995516  .0200692  .0222227
T  306  2 .1210118E+07   3300000E+02 -.2335E+07  .7649E+06   .9999059  .0119302  .0067742
T  307  2 .1290352E+07   3300000E+02  .5685E+07 -.5439E+07   .9996640  .0085912 -.0244566
T  308  2 .1231401E+07   3300000E+02 -.1271E+08 -.5355E+07   .9992184 -.0358216 -.0167138
T  309  2 .1162305E+07   3300000E+02 -.1250E+08  .3121E+07   .9977123 -.0666935  .0110508
T  310  2 .1213641E+07   3300000E+02 -.6166E+07 -.1885E+07   .9999272  .0043464  .0112524
T  311  2 .1137613E+07   3300000E+02  .1049E+07  .1403E+07   .9993374 -.0089154  .0352896
T  312  2 .1182348E+07   3300000E+02  .4728E+07  .8083E+07   .9972675  .0607441  .0420436
T  313  2 .1275635E+07   3300000E+02 -.5171E+07  .6548E+06   .9980867 -.0596688 -.0162034
T  314  2 .1222501E+07   3300000E+02 -.1088E+08  .2335E+07   .9980779 -.0594438 -.0175202
T  315  2 .1249767E+07   3300000E+02  .1802E+07 -.1203E+07   .9995918 -.0052969 -.0280727
T  316  2 .1199379E+07   3300000E+02  .2681E+07 -.2881E+07   .9997689  .0211873 -.0036389
T  317  2 .1273707E+07   3300000E+02 -.3401E+07  .2833E+07   .9994871 -.0179976  .0264879
T  318  2 .1289896E+07   3300000E+02  .3620E+07  .2500E+07   .9997638  .0202121  .0079871
T  319  2 .1230931E+07   3300000E+02 -.1187E+07  .8356E+06   .9992094 -.0377907  .0123486
T  320  2 .1277602E+07   3300000E+02  .1298E+07 -.2324E+07   .9997608 -.0007345 -.0218608
T  321  2 .1165124E+07   3300000E+02 -.5121E+07 -.6221E+07   .9992735 -.0364569 -.0111049
T  322  2 .1240408E+07   3300000E+02 -.8266E+06 -.3296E+07   .9999614  .0062605 -.0061644
T  323  2 .1163153E+07   3300000E+02 -.2178E+07 -.3125E+07   .9981683  .0247514 -.0552031
T  324  2 .1138744E+07   3300000E+02 -.9354E+06  .1051E+06   .9993927 -.0339780 -.0077244
T  325  2 .1286784E+07   3300000E+02  .4236E+07 -.2839E+07   .9994391 -.0295722 -.0157168
T  326  2 .1109740E+07   3300000E+02  .2960E+07  .7237E+07   .9992067  .0005403  .0398204
T  327  2 .1286981E+07   3300000E+02  .7036E+07  .1168E+07   .9976948  .0676578  .0052359
T  328  2 .1175167E+07   3300000E+02  .6034E+06  .3053E+07   .9995097  .0146321  .0276824
T  329  2 .1115175E+07   3300000E+02 -.1591E+07 -.9863E+07   .9960132 -.0170589 -.0875593
T  330  2 .1116725E+07   3300000E+02 -.1286E+07  .1553E+07   .9995080 -.0212850  .0230374
T  331  2 .9161277E+06   3300000E+02 -.2932E+08 -.2321E+08   .9819865 -.1420976 -.1245422
T  332  2 .1265938E+07   3300000E+02 -.5019E+07  .5168E+06   .9992513 -.0369839 -.0113624
T  333  2 .1257888E+07   3300000E+02  .2681E+07  .1447E+07   .9994999  .0229335  .0217731
T  334  2 .1245931E+07   3300000E+02 -.1894E+06  .1917E+07   .9997707 -.0058503  .0205980
T  335  2 .1055677E+07   3300000E+02 -.5883E+07 -.3450E+07   .9995056  .0285240  .0132290
T  336  2 .1138163E+07   3300000E+02  .5241E+05 -.4615E+07   .9992851  .0205884  .0317093
T  337  2 .1267657E+07   3300000E+02 -.3817E+06  .2280E+07   .9996774  .0147587 -.0206700
T  338  2 .1237083E+07   3300000E+02 -.7139E+06 -.5559E+07   .9965108 -.0580914 -.0599302
T  339  2 .1221556E+07   3300000E+02 -.6439E+07  .9912E+06   .9983665 -.0553257  .0142612
T  340  2 .1131448E+07   3300000E+02 -.6763E+06 -.2443E+06   .9994309 -.0337333 -.0000614
T  341  2 .1140524E+07   3300000E+02 -.1580E+07 -.6680E+07   .9995881 -.0137498 -.0251917
T  342  2 .1146256E+07   3300000E+02 -.1682E+07 -.5541E+07   .9988206 -.0330480 -.0355694
T  343  2 .1130507E+07   3300000E+02 -.2021E+07 -.6671E+07   .9984182 -.0453749 -.0332005
T  344  2 .1234371E+07   3300000E+02 -.6571E+07  .2339E+07   .9979823 -.0631350  .0067273
T  345  2 .1256832E+07   3300000E+02  .3059E+06  .1602E+07   .9998931 -.0082974  .0120426
T  346  2 .1162613E+07   3300000E+02  .8194E+06  .8030E+07   .9994020  .0123521  .0322966
T  347  2 .1319606E+07   3300000E+02 -.2992E+06 -.8018E+06   .9999900  .0021758 -.0039176
T  348  2 .1220750E+07   3300000E+02  .1400E+06 -.4683E+07   .9992730  .0195983 -.0327014
T  349  2 .1252190E+07   3300000E+02  .1418E+07  .3632E+06   .9994108 -.0035818  .0341353
T  350  2 .1164843E+07   3300000E+02 -.6601E+07  .2541E+07   .9994322 -.0237596  .0238895
T  351  2 .1189477E+07   3300000E+02  .2736E+07 -.8954E+06   .9995073  .0308026  .0060240
T  352  2 .1213309E+07   3300000E+02  .4919E+07 -.2240E+07   .9985257  .0521471 -.0150704
T  353  2 .1236113E+07   3300000E+02 -.3895E+07  .3426E+07   .9992532 -.0376685 -.0086057
T  354  2 .1252801E+07   3300000E+02 -.6726E+06  .4503E+06   .9999798 -.0063555 -.0001054
T  355  2 .1229113E+07   3300000E+02  .5785E+07  .8755E+06   .9995842  .0255722 -.0133199
T  356  2 .1274725E+07   3300000E+02 -.1384E+07  .2632E+07   .9999783  .0065924 -.0000194
T  357  2 .1157861E+07   3300000E+02  .6506E+06  .1211E+07   .9995237 -.0203073  .0232370
T  358  2 .1071319E+07   3300000E+02  .5242E+07  .3200E+07   .9993329  .0185261  .0314742
T  359  2 .1224384E+07   3300000E+02 -.1941E+06 -.2126E+07   .9998346 -.0116631 -.0139518
T  360  2 .1213028E+07   3300000E+02 -.7050E+06 -.2239E+07   .9999538  .0094966  .0015170
T  361  2 .1188499E+07   3300000E+02 -.4889E+07  .2879E+07   .9991827 -.0372148  .0157816
T  362  2 .1164153E+07   3300000E+02 -.3037E+07  .4586E+06   .9999422  .0087702 -.0062138
T  363  2 .1122062E+07   3300000E+02  .1249E+07  .6503E+06   .9995349  .0057247  .0299524
T  364  2 .1312459E+07   3300000E+02 -.1272E+06 -.7978E+07   .9989475 -.0181535 -.0421221
T  365  2 .1128045E+07   3300000E+02  .1036E+07  .5767E+07   .9971476  .0099870  .0748121
T  366  2 .1112326E+07   3300000E+02  .4893E+07 -.7293E+07   .9975031  .0196809 -.0678249
T  367  2 .1204735E+07   3300000E+02 -.3117E+07  .3397E+07   .9991962 -.0400614  .0014173
T  368  2 .1164175E+07   3300000E+02  .6649E+06  .1883E+07   .9997494 -.0005966  .0223771
T  369  2 .1141394E+07   3300000E+02 -.7839E+07  .1064E+08   .9988297 -.0178486  .0449509
T  370  2 .1102249E+07   3300000E+02 -.5581E+07  .1818E+06   .9982028 -.0498158  .0333091
T  371  2 .1285676E+07   3300000E+02  .1367E+07 -.8464E+06   .9995983  .0154358 -.0237700
T  372  2 .1194146E+07   3300000E+02 -.1295E+07  .2307E+07   .9996597  .0040397  .0257696
T  373  2 .1160822E+07   3300000E+02 -.7572E+07  .2288E+07   .9964264 -.0787788  .0304682
T  374  2 .1104977E+07   3300000E+02 -.1588E+08  .9567E+07   .9922416 -.0874803  .0883389
T  375  2 .1286754E+07   3300000E+02  .3582E+07  .2734E+07   .9999452  .0102382 -.0021639
T  376  2 .1236044E+07   3300000E+02 -.6171E+07  .1867E+07   .9995327 -.0286199 -.0107384
T  377  2 .1234837E+07   3300000E+02 -.1685E+07 -.3046E+07   .9997196 -.0214661 -.0099915
T  378  2 .1197744E+07   3300000E+02 -.6727E+07  .1656E+07   .9993305 -.0159046  .0329483
T  379  2 .1320682E+07   3300000E+02  .4656E+07  .3601E+04   .9994967  .0314763  .0039406
T  380  2 .1162280E+07   3300000E+02 -.1062E+07  .1665E+07   .9996873 -.0003596  .0250017
T  381  2 .1154004E+07   3300000E+02  .1311E+08 -.3076E+07   .9974746  .0631519  .0325001
T  382  2 .1196459E+07   3300000E+02  .3534E+07 -.2738E+07   .9999299  .0063371 -.0100047
T  383  2 .1180905E+07   3300000E+02 -.4340E+07 -.7686E+07   .9930352 -.0688961 -.0955743
T  384  2 .1175013E+07   3300000E+02 -.8023E+07  .1721E+08   .9985966 -.0122106  .0515343
T  385  2 .1249627E+07   3300000E+02  .2076E+07 -.2352E+07   .9984470 -.0133400 -.0540887
T  386  2 .1183010E+07   3300000E+02 -.6017E+07 -.2603E+06   .9994782 -.0287757  .0146692
T  387  2 .1242545E+07   3300000E+02 -.1695E+07 -.8463E+06   .9992616 -.0129301  .0361809
T  388  2 .1287911E+07   3300000E+02 -.1161E+08  .2235E+07   .9978573 -.0485288  .0438833
T  389  2 .1260952E+07   3300000E+02 -.4641E+07 -.4079E+06   .9996501  .0243475 -.0103423
T  390  2 .1181413E+07   3300000E+02 -.9511E+06  .1807E+07   .9995191 -.0192051 -.0243454
T  391  2 .1127287E+07   3300000E+02 -.3490E+07  .6105E+06   .9999909 -.0042718 -.0000301
T  392  2 .1269585E+07   3300000E+02 -.2831E+07 -.2582E+07   .9997105  .0240595 -.0000557
T  393  2 .1177971E+07   3300000E+02 -.2559E+07  .4899E+06   .9995199 -.0236826  .0199753
T  394  2 .1125647E+07   3300000E+02 -.3303E+07 -.4970E+06   .9983521 -.0464860 -.0336477
T  395  2 .1258953E+07   3300000E+02 -.1188E+08  .3769E+07   .9988573 -.0434918  .0198129
T  396  2 .1245346E+07   3300000E+02  .3841E+06  .5205E+07   .9991892 -.0259137  .0308114
T  397  2 .1106570E+07   3300000E+02  .4206E+07 -.9597E+06   .9977509  .0521499  .0421135
T  398  2 .1179442E+07   3300000E+02 -.1344E+08 -.8928E+07   .9946358 -.0923170 -.0466612
T  399  2 .1285198E+07   3300000E+02 -.3298E+07  .1643E+07   .9994448  .0303845  .0136719
T  400  2 .1225725E+07   3300000E+02 -.2585E+07 -.1612E+07   .9999923  .0013182  .0036839
T  401  2 .1205442E+07   3300000E+02 -.1318E+07 -.1439E+07   .9984163 -.0496293 -.0264927
T  402  2 .1196586E+07   3300000E+02 -.5054E+07  .2288E+07   .9980557 -.0424209  .0456641
T  403  2 .1349507E+07   3300000E+02  .2298E+06  .7098E+07   .9972718  .0052894  .0736273
T  404  2 .1215082E+07   3300000E+02 -.6499E+06  .1318E+07   .9999583  .0063707  .0065454
T  405  2 .1297177E+07   3300000E+02 -.5482E+07 -.3139E+07   .9974630 -.0465608 -.0538480
T  406  2 .1254563E+07   3300000E+02 -.6062E+07 -.2460E+07   .9976289 -.0687694 -.0027134
T  407  2 .1228520E+07   3300000E+02 -.3446E+07 -.1042E+07   .9963941 -.0765199 -.0366545
T  408  2 .1093491E+07   3300000E+02  .9551E+07  .2428E+08   .9907531  .0824324  .1077641
T  409  2 .1193169E+07   3300000E+02  .5556E+07 -.4369E+07   .9989299  .0353669 -.0298045
T  410  2 .1251483E+07   3300000E+02 -.3790E+07  .1853E+07   .9996526  .0239731  .0109536
T  411  2 .1210717E+07   3300000E+02  .9314E+06  .3251E+07   .9969269 -.0609170 -.0492525
T  412  2 .1250128E+07   3300000E+02  .1285E+07  .7121E+06   .9999736  .0070200 -.0018908
T  413  2 .1187382E+07   3300000E+02  .1552E+07  .2265E+07   .9994248  .0083585  .0328672
T  414  2 .1216234E+07   3300000E+02  .2675E+07  .1370E+07   .9995782  .0095848  .0274154
T  415  2 .1183817E+07   3300000E+02 -.2908E+07 -.1098E+07   .9993234 -.0312430 -.0194061
T  416  2 .1134298E+07   3300000E+02 -.3804E+06  .1103E+06   .9977384 -.0671373 -.0032739
T  417  2 .1183111E+07   3300000E+02  .6601E+07 -.3806E+07   .9979862  .0555602 -.0306041
T  418  2 .1281712E+07   3300000E+02 -.8121E+06 -.1519E+07   .9995367 -.0271140 -.0138315
T  419  2 .1227199E+07   3300000E+02 -.9863E+06  .7137E+06   .9998968  .0120093  .0078870
T  420  2 .1164323E+07   3300000E+02 -.3210E+07  .6557E+07   .9976798 -.0144112  .0665377
T  421  2 .1212337E+07   3300000E+02  .5665E+07 -.5933E+07   .9980328  .0541955 -.0315165
T  422  2 .1107468E+07   3300000E+02 -.4014E+07  .4259E+07   .9995978 -.0158129  .0235409
T  423  2 .1258145E+07   3300000E+02 -.2584E+06  .4890E+07   .9992951  .0145295  .0346145
T  424  2 .1275823E+07   3300000E+02  .3100E+06  .5680E+07   .9993466  .0250236  .0260798
T  425  2 .1220356E+07   3300000E+02  .1976E+07 -.2407E+07   .9986600  .0078947 -.0511448
T  426  2 .1155813E+07   3300000E+02  .4066E+07 -.3179E+07   .9976235  .0232531 -.0648580
T  427  2 .1156216E+07   3300000E+02 -.1791E+07  .2261E+07   .9994772  .0204727  .0250245
T  428  2 .1233526E+07   3300000E+02  .3046E+07  .4012E+07   .9999407  .0022031 -.0106638
T  429  2 .1208896E+07   3300000E+02 -.1470E+07 -.1487E+07   .9992816 -.0306401 -.0223051
T  430  2 .1207941E+07   3300000E+02  .2281E+06 -.2484E+07   .9998786  .0088392 -.0128303
T  431  2 .1124816E+07   3300000E+02 -.2785E+07 -.2684E+07   .9997165 -.0148860 -.0185822
T  432  2 .1165661E+07   3300000E+02  .2344E+06  .3319E+07   .9993321  .0021935  .0364777
T  433  2 .1179168E+07   3300000E+02  .2077E+05 -.2583E+07   .9998225 -.0108074 -.0154349
T  434  2 .1210193E+07   3300000E+02  .7204E+07  .4000E+06   .9990281  .0427302  .0108183
T  435  2 .1233752E+07   3300000E+02  .2296E+07  .3592E+07   .9984917  .0326458  .0441436
T  436  2 .1140351E+07   3300000E+02  .5878E+07  .5238E+06   .9980103 -.0558689 -.0292267
T  437  2 .1245566E+07   3300000E+02 -.5837E+07  .5120E+07   .9987490 -.0081457  .0493361
T  438  2 .1237120E+07   3300000E+02 -.5795E+07 -.7936E+07   .9996507 -.0156836 -.0212698
T  439  2 .1254825E+07   3300000E+02 -.1068E+08  .8173E+05   .9981688 -.0548875 -.0254248
T  440  2 .1167839E+07   3300000E+02  .4037E+07 -.8161E+07   .9965847  .0123257 -.0816519
T  441  2 .1215076E+07   3300000E+02 -.2269E+07  .3623E+07   .9967587 -.0240691  .0767638
T  442  2 .1183676E+07   3300000E+02 -.5145E+07 -.2929E+07   .9998423 -.0134024 -.0116504
T  443  2 .1199716E+07   3300000E+02  .1286E+07 -.1651E+07   .9993913  .0348764  .0008498
T  444  2 .1191661E+07   3300000E+02  .8048E+06  .2959E+07   .9997593 -.0124640  .0180574
T  445  2 .1129421E+07   3300000E+02 -.7823E+07  .1903E+07   .9979225 -.0599612 -.0235652
T  446  2 .1293630E+07   3300000E+02 -.3580E+07 -.8252E+07   .9987458 -.0135033 -.0482136
T  447  2 .1153908E+07   3300000E+02  .7164E+06  .1895E+07   .9989791  .0287140  .0348757
T  448  2 .1160825E+07   3300000E+02 -.2077E+07 -.8506E+06   .9998651 -.0012475 -.0163778
T  449  2 .1180211E+07   3300000E+02 -.9634E+06 -.6779E+07   .9986437 -.0238345 -.0462895
T  450  2 .1166301E+07   3300000E+02  .1641E+07 -.1543E+07   .9999966  .0013881  .0022021
T  451  2 .1239890E+07   3300000E+02 -.3067E+07 -.1719E+07   .9992916  .0349874  .0138627
T  452  2 .1232552E+07   3300000E+02  .6710E+07  .2778E+06   .9994941  .0267559 -.0171958
T  453  2 .1245506E+07   3300000E+02 -.1760E+07  .2035E+06   .9997821 -.0208732 -.0000278
T  454  2 .1268244E+07   3300000E+02 -.3649E+07 -.1217E+06   .9979595 -.0611080 -.0185096
T  455  2 .1138590E+07   3300000E+02  .1892E+07 -.2235E+07   .9998070  .0178638 -.0081787
T  456  2 .1200789E+07   3300000E+02  .9181E+07 -.7118E+07   .9988061  .0400232 -.0280107
T  457  2 .1181974E+07   3300000E+02  .1718E+07  .4078E+06   .9997600  .0122559  .0181589
T  458  2 .1193195E+07   3300000E+02  .1278E+07 -.7262E+07   .9995373  .0096196 -.0288544
T  459  2 .1227844E+07   3300000E+02 -.3099E+07 -.5296E+06   .9997074 -.0114326  .0213154
T  460  2 .1236349E+07   3300000E+02  .7521E+06  .3928E+07   .9992427  .0094644  .0377418
T  461  2 .1113056E+07   3300000E+02 -.3885E+06  .4582E+07   .9996843  .0242932 -.0064150
T  462  2 .1218690E+07   3300000E+02  .4640E+07 -.3739E+07   .9991227  .0418782  .0003609
T  463  2 .1205505E+07   3300000E+02 -.4323E+06 -.4156E+06   .9988771 -.0131179  .0455242
T  464  2 .1241433E+07   3300000E+02  .2517E+07 -.6357E+06   .9998409  .0160443 -.0077949
T  465  2 .1064128E+07   3300000E+02  .2064E+07 -.6352E+07   .9986570  .0279146 -.0436449
T  466  2 .1203818E+07   3300000E+02 -.4501E+07 -.1613E+07   .9991761 -.0259686 -.0311888
T  467  2 .1229779E+07   3300000E+02 -.4657E+07 -.1644E+06   .9994255 -.0337555  .0030495
T  468  2 .1117261E+07   3300000E+02  .4963E+07 -.5156E+07   .9977119  .0342077 -.0583168
T  469  2 .1208604E+07   3300000E+02  .4738E+07  .8537E+07   .9965404  .0457741  .0693689
T  470  2 .1091613E+07   3300000E+02 -.3664E+07 -.1273E+07   .9999824 -.0058532 -.0009889
T  471  2 .1242512E+07   3300000E+02  .8914E+06  .5650E+06   .9998835  .0106717  .0109138
T  472  2 .1128209E+07   3300000E+02  .2635E+07  .6683E+06   .9986100  .0072259  .0522091
T  473  2 .1123985E+07   3300000E+02  .2950E+07 -.1317E+07   .9971945  .0720275  .0203780
T  474  2 .1169525E+07   3300000E+02 -.2691E+07  .9712E+07   .9988076 -.0045897  .0486038
T  475  2 .1291065E+07   3300000E+02  .4138E+07 -.3296E+07   .9998756  .0156305  .0021167
T  476  2 .1252069E+07   3300000E+02  .8251E+06 -.2350E+07   .9979344 -.0176244 -.0617764
T  477  2 .1216567E+07   3300000E+02 -.7397E+07 -.5410E+07   .9985546 -.0458621 -.0280258
T  478  2 .1212382E+07   3300000E+02 -.4082E+06 -.4316E+07   .9992724 -.0016804 -.0381039
T  479  2 .1196685E+07   3300000E+02  .7638E+06  .1380E+07   .9998347 -.0071677 -.0167117
T  480  2 .1286475E+07   3300000E+02 -.2062E+07  .4395E+07   .9998497  .0160528 -.0065480
T  481  2 .1287865E+07   3300000E+02 -.2595E+07 -.3985E+06   .9990792 -.0279232  .0325732
T  482  2 .1263494E+07   3300000E+02  .1411E+07  .3504E+07   .9999178  .0128140  .0004107
T  483  2 .1232153E+07   3300000E+02 -.1665E+07  .9433E+05   .9998613  .0115332  .0120171
T  484  2 .1176065E+07   3300000E+02  .2171E+07 -.2035E+04   .9997026  .0203869  .0133809
T  485  2 .1152770E+07   3300000E+02 -.3248E+07  .3843E+06   .9999840 -.0000535  .0056612
T  486  2 .1202621E+07   3300000E+02 -.5322E+07  .4984E+07   .9989700 -.0452411 -.0035042
T  487  2 .1284761E+07   3300000E+02  .1924E+05  .9264E+06   .9979813  .0633561  .0043910
T  488  2 .1194310E+07   3300000E+02  .1636E+07 -.3012E+07   .9992497  .0039164 -.0385330
T  489  2 .1313288E+07   3300000E+02  .4930E+07  .1816E+07   .9970510  .0626748  .0442854
T  490  2 .1216625E+07   3300000E+02 -.3282E+07 -.5458E+06   .9997752 -.0183741 -.0105768
T  491  2 .1228898E+07   3300000E+02 -.1649E+07 -.6804E+07   .9999273 -.0029437 -.0116969
T  492  2 .1329434E+07   3300000E+02  .1237E+07 -.3691E+07   .9992546 -.0129091 -.0363825
T  493  2 .1242879E+07   3300000E+02  .5314E+07  .1378E+07   .9993294  .0347419  .0115640
T  494  2 .1199918E+07   3300000E+02  .1361E+07 -.4568E+05   .9999086  .0118796 -.0064549
T  495  2 .1267634E+07   3300000E+02 -.2736E+07  .1827E+07   .9991930 -.0390637  .0093522
T  496  2 .1151000E+07   3300000E+02 -.9508E+06 -.4904E+07   .9986449 -.0012850 -.0520262
T  497  2 .1262149E+07   3300000E+02  .1299E+08 -.2812E+07   .9927978  .1164671 -.0280701
T  498  2 .1279987E+07   3300000E+02  .2631E+07 -.1644E+07   .9999946 -.0030388  .0012160
T  499  2 .1240199E+07   3300000E+02 -.2451E+07  .3434E+07   .9989285 -.0086182  .0454707
T  500  2 .1230465E+07   3300000E+02 -.2993E+07 -.5756E+06   .9994140 -.0341336 -.0025426
T  501  2 .1190565E+07   3300000E+02 -.2148E+07  .3759E+06   .9997415  .0150602  .0170337
T  502  2 .1248458E+07   3300000E+02  .1138E+07  .3857E+07   .9990523  .0210283  .0381081
T  503  2 .1288255E+07   3300000E+02  .9051E+06 -.4429E+07   .9998035  .0134469 -.0145679
T  504  2 .1148939E+07   3300000E+02  .4916E+06  .2099E+07   .9992463  .0361090 -.0142475
T  505  2 .1136041E+07   3300000E+02 -.5164E+07  .2335E+07   .9997800 -.0183442  .0101734
T  506  2 .1167849E+07   3300000E+02 -.3439E+07 -.5013E+07   .9997466 -.0212545 -.0074179
T  507  2 .1105114E+07   3300000E+02 -.6986E+07  .2608E+07   .9994104 -.0336800 -.0066729
T  508  2 .1194709E+07   3300000E+02  .9233E+07  .4347E+07   .9986319  .0369400  .0370094
T  509  2 .1282662E+07   3300000E+02  .7540E+07  .3073E+07   .9971302  .0688557  .0314696
T  510  2 .1293538E+07   3300000E+02  .1412E+07  .4697E+07   .9993097  .0311931  .0201760
T  511  2 .1272923E+07   3300000E+02 -.9270E+07  .1009E+07   .9935262 -.1068848  .0384870
T  512  2 .1221303E+07   3300000E+02 -.3133E+07 -.1800E+07   .9997620 -.0178605 -.0125299
T  513  2 .1180343E+07   3300000E+02 -.7478E+07 -.1808E+08   .9946478 -.0298138 -.0989284
T  514  2 .1269672E+07   3300000E+02 -.2679E+07  .4463E+07   .9995724  .0070154  .0283860
T  515  2 .1130497E+07   3300000E+02 -.1274E+06 -.7245E+06   .9995482  .0266675 -.0138684
T  516  2 .1044022E+07   3300000E+02  .3094E+07 -.2631E+07   .9994748  .0055304 -.0319303
T  517  2 .1168610E+07   3300000E+02  .5085E+07  .2832E+07   .9994259  .0138689  .0309130
T  518  2 .1139866E+07   3300000E+02 -.3137E+07 -.2052E+06   .9997794 -.0209513  .0014682
T  519  2 .1291812E+07   3300000E+02  .1153E+07  .1995E+07   .9986046  .0528015  .0008989
T  520  2 .1352669E+07   3300000E+02 -.1307E+07 -.5612E+07   .9994491  .0007254 -.0331797
T  521  2 .1230529E+07   3300000E+02  .4127E+07  .6922E+07   .9994387 -.0193093  .0273750
T  522  2 .1203130E+07   3300000E+02 -.3378E+06 -.3067E+07   .9998601 -.0108930  .0126939
T  523  2 .1199441E+07   3300000E+02 -.1526E+06  .2572E+07   .9995077  .0202655 -.0239521
T  524  2 .1233409E+07   3300000E+02  .1028E+07 -.4422E+06   .9999327 -.0036700  .0110056
T  525  2 .1250465E+07   3300000E+02  .9637E+06  .8673E+06   .9992779  .0369903  .0086777
T  526  2 .1234859E+07   3300000E+02 -.8589E+06 -.3145E+07   .9998717 -.0106153 -.0119999
T  527  2 .1101320E+07   3300000E+02  .7264E+07 -.5311E+07   .9927600  .1038136 -.0604182
T  528  2 .1350690E+07   3300000E+02  .1659E+07 -.3741E+07   .9991098 -.0065424 -.0416748
T  529  2 .1196731E+07   3300000E+02  .3259E+07 -.4928E+06   .9987009  .0508859  .0026593
T  530  2 .1194813E+07   3300000E+02 -.9240E+07  .4465E+07   .9530139 -.2818631  .1109853
T  531  2 .1250320E+07   3300000E+02 -.1780E+07 -.1590E+07   .9994338 -.0180843 -.0283719
T  532  2 .1177133E+07   3300000E+02  .1374E+07 -.1317E+07   .9999572  .0089134  .0024653
T  533  2 .1166253E+07   3300000E+02  .2096E+07  .3501E+07   .9998889 -.0123343  .0083736
T  534  2 .1299802E+07   3300000E+02  .5495E+06 -.2906E+07   .9997904 -.0201838 -.0034321
T  535  2 .1240088E+07   3300000E+02  .6959E+07 -.2637E+07   .9981113  .0600152 -.0131125
T  536  2 .1325647E+07   3300000E+02 -.1424E+07 -.5387E+06   .9998655  .0106844 -.0124440
T  537  2 .1203267E+07   3300000E+02 -.4282E+07 -.2997E+06   .9999734 -.0041593  .0059852
T  538  2 .1190895E+07   3300000E+02  .1015E+07  .2147E+06   .9979457 -.0555599 -.0318986
T  539  2 .1166212E+07   3300000E+02 -.1359E+07 -.9193E+06   .9986548 -.0363121 -.0370143
T  540  2 .1238272E+07   3300000E+02 -.1879E+07 -.2786E+07   .9996713 -.0101087 -.0235605
T  541  2 .1237857E+07   3300000E+02 -.3587E+07  .4306E+07   .9994733 -.0324441  .0007469
T  542  2 .1163741E+07   3300000E+02 -.9765E+07  .7017E+07   .9875643 -.1046174  .1173542
T  543  2 .1268897E+07   3300000E+02 -.3917E+07 -.2220E+07   .9995452 -.0260582 -.0151810
T  544  2 .1203730E+07   3300000E+02 -.4287E+07 -.6487E+07   .9960703 -.0424689 -.0777201
T  545  2 .1221380E+07   3300000E+02  .4544E+07  .5332E+07   .9990006 -.0291220  .0339071
T  546  2 .1199825E+07   3300000E+02  .1942E+07  .4848E+07   .9982232  .0225695  .0551467
T  547  2 .1139849E+07   3300000E+02 -.3910E+07 -.5647E+06   .9994690 -.0202430 -.0255315
T  548  2 .1192112E+07   3300000E+02 -.7872E+07  .4541E+07   .9987116 -.0486029  .0145903
T  549  2 .1308606E+07   3300000E+02  .4257E+06 -.7049E+06   .9999213  .0095669 -.0081199
T  550  2 .1179590E+07   3300000E+02 -.1686E+07 -.3012E+07   .9998830 -.0152942 -.0003506
T  551  2 .1221114E+07   3300000E+02 -.8614E+07 -.2216E+07   .9982088 -.0595584 -.0056646
T  552  2 .1243555E+07   3300000E+02 -.4799E+07 -.1857E+07   .9993831 -.0138228 -.0322862
T  553  2 .1151538E+07   3300000E+02 -.1211E+07  .4206E+07   .9989313  .0098433  .0451586
T  554  2 .1258064E+07   3300000E+02 -.4814E+07 -.8984E+07   .9983463 -.0102114 -.0565724
T  555  2 .1172685E+07   3300000E+02 -.2986E+07 -.2261E+07   .9988163 -.0454846 -.0172375
T  556  2 .1194421E+07   3300000E+02  .2244E+07 -.3965E+07   .9850273  .1404302 -.1000033
T  557  2 .1126967E+07   3300000E+02 -.2825E+07  .2242E+07   .9998864  .0078702 -.0128584
T  558  2 .1149449E+07   3300000E+02 -.1448E+07 -.1756E+07   .9999435  .0102724  .0027348
T  559  2 .1265856E+07   3300000E+02 -.1686E+07 -.2581E+06   .9997169 -.0233985 -.0043237
T  560  2 .1215344E+07   3300000E+02  .1040E+07  .6288E+06   .9999399  .0106165 -.0027353
T  561  2 .1126330E+07   3300000E+02  .1709E+07 -.1076E+06   .9994788  .0167661 -.0275876
T  562  2 .1254140E+07   3300000E+02 -.5920E+07  .1294E+07   .9983382 -.0568332 -.0095337
T  563  2 .1159887E+07   3300000E+02 -.9023E+06 -.1736E+07   .9999215  .0077756 -.0098216
T  564  2 .1180905E+07   3300000E+02 -.3679E+07  .1238E+07   .9994966 -.0314353 -.0042827
T  565  2 .1103809E+07   3300000E+02 -.7752E+07 -.5239E+05   .9992989 -.0350091  .0132662
T  566  2 .1166111E+07   3300000E+02 -.3714E+06 -.1257E+07   .9997224 -.0098459  .0214053
T  567  2 .1142241E+07   3300000E+02 -.2511E+07 -.6815E+07   .9994709 -.0201166 -.0255583
T  568  2 .1300293E+07   3300000E+02  .2419E+07 -.1667E+06   .9994543 -.0017767 -.0329854
T  569  2 .1225593E+07   3300000E+02 -.2759E+05  .7304E+07   .9983824 -.0173146  .0541546
T  570  2 .1385369E+07   3300000E+02  .6680E+07  .1355E+07   .9985195  .0429091  .0334302
T  571  2 .1186832E+07   3300000E+02  .2076E+07  .1561E+07   .9995295 -.0164261  .0259046
T  572  2 .1191292E+07   3300000E+02  .2462E+07  .1920E+07   .9994219 -.0092004 -.0327308
T  573  2 .1211776E+07   3300000E+02 -.2436E+07 -.1098E+07   .9996436 -.0091966  .0250615
T  574  2 .1060118E+07   3300000E+02  .2443E+07 -.3090E+07   .9998823 -.0012399 -.0152930
T  575  2 .1328434E+07   3300000E+02 -.3205E+06 -.1414E+07   .9994331 -.0200840  .0270193
T  576  2 .1181915E+07   3300000E+02  .6641E+07  .3887E+07   .9987384  .0420670  .0274205
T  577  2 .1111098E+07   3300000E+02  .1298E+08 -.8885E+07   .9956445  .0714630 -.0598747
T  578  2 .1155057E+07   3300000E+02 -.1377E+07  .1129E+07   .9998375  .0089190 -.0156673
T  579  2 .1172435E+07   3300000E+02 -.2384E+07  .7506E+07   .9980409 -.0383777  .0494116
T  580  2 .1137646E+07   3300000E+02  .2118E+07 -.2453E+07   .9980417  .0594399 -.0194866
T  581  2 .1294142E+07   3300000E+02 -.8499E+07  .7824E+06   .9979571 -.0571525  .0285523
T  582  2 .1318546E+07   3300000E+02  .2894E+07 -.1429E+07   .9997628  .0119300 -.0182196
T  583  2 .1259996E+07   3300000E+02  .3593E+07 -.7080E+07   .9986927  .0247521 -.0447236
T  584  2 .1184218E+07   3300000E+02 -.5371E+07 -.1169E+07   .9985757 -.0508385  .0161891
T  585  2 .1174960E+07   3300000E+02  .1087E+07  .3853E+07   .9995246  .0106772  .0289226
T  586  2 .1221215E+07   3300000E+02 -.4311E+07  .4575E+07   .9987076 -.0299751  .0410449
T  587  2 .1294468E+07   3300000E+02 -.2993E+07 -.5090E+07   .9999936 -.0021082  .0028970
T  588  2 .1250163E+07   3300000E+02  .1102E+07  .3792E+06   .9999926 -.0004128  .0038285
T  589  2 .1258792E+07   3300000E+02 -.8511E+07  .2431E+07   .9980988 -.0567503  .0240460
T  590  2 .1292209E+07   3300000E+02 -.1015E+07 -.2934E+07   .9999784 -.0046298  .0046754
T  591  2 .1046515E+07   3300000E+02  .7008E+07  .5391E+07   .9972110  .0641469  .0381489
T  592  2 .1217829E+07   3300000E+02  .4843E+07  .3854E+06   .9897656  .1422303  .0116036
T  593  2 .1157716E+07   3300000E+02 -.6170E+07 -.9287E+06   .9988042 -.0411946 -.0263300
T  594  2 .1300075E+07   3300000E+02  .4153E+07 -.2852E+07   .9996199  .0265178 -.0075472
T  595  2 .1253961E+07   3300000E+02 -.1887E+07 -.2354E+07   .9986893 -.0035723  .0510572
T  596  2 .1144803E+07   3300000E+02 -.6384E+07 -.2121E+07   .9994776 -.0321662  .0031257
T  597  2 .1163490E+07   3300000E+02  .4795E+07 -.3700E+07   .9995879  .0275477 -.0080723
T  598  2 .1300940E+07   3300000E+02 -.4452E+07 -.3793E+06   .9995063 -.0275657  .0150733
T  599  2 .1267690E+07   3300000E+02 -.2206E+07 -.6298E+06   .9997863 -.0185726 -.0090837
T  600  2 .1383420E+07   3300000E+02 -.2276E+07  .2098E+07   .9999497  .0002368  .0100262
T  601  2 .1171608E+07   3300000E+02 -.3109E+07  .3737E+06   .9999306 -.0111391  .0038484
T  602  2 .1103800E+07   3300000E+02  .4540E+07 -.1987E+07   .9995278 -.0256279 -.0169543
T  603  2 .1252244E+07   3300000E+02  .2593E+07 -.3506E+07   .9990244  .0085338 -.0433286
T  604  2 .1169084E+07   3300000E+02  .2025E+07  .5764E+04   .9990417  .0287452  .0330073
T  605  2 .1235770E+07   3300000E+02 -.2401E+07  .1980E+07   .9997278 -.0217999  .0083156
T  606  2 .1144749E+07   3300000E+02  .5420E+07 -.4722E+07   .9966752  .0605241 -.0545472
T  607  2 .1118483E+07   3300000E+02  .3691E+07  .3210E+07   .9992712  .0292577  .0245145
T  608  2 .1166889E+07   3300000E+02 -.1006E+06 -.5786E+07   .9991584  .0402300  .0079978
T  609  2 .1233272E+07   3300000E+02  .2848E+07  .4529E+07   .9997445  .0068468  .0215430
T  610  2 .1281720E+07   3300000E+02 -.2070E+06 -.8298E+06   .9999208 -.0006920  .0125633
T  611  2 .1271693E+07   3300000E+02 -.8966E+06 -.4982E+07   .9985487 -.0203411 -.0498677
T  612  2 .1303526E+07   3300000E+02  .1362E+07 -.3374E+07   .9983572  .0338350 -.0462401
T  613  2 .1166333E+07   3300000E+02 -.1368E+07 -.3644E+07   .9993388 -.0325085 -.0162847
T  614  2 .1189513E+07   3300000E+02 -.7988E+07  .5915E+07   .9912476 -.0512267  .1216718
T  615  2 .1206888E+07   3300000E+02  .5746E+07  .1009E+08   .9987515  .0172486  .0468815
T  616  2 .1188129E+07   3300000E+02  .3853E+07 -.6733E+07   .9964541  .0578217 -.0611222
T  617  2 .1279517E+07   3300000E+02 -.2311E+07  .4216E+07   .9984754 -.0302049  .0462007
T  618  2 .1296206E+07   3300000E+02  .3019E+07 -.4163E+07   .9999200  .0057551 -.0112681
T  619  2 .1208021E+07   3300000E+02  .5960E+07  .1309E+07   .9939305  .0834855  .0716407
T  620  2 .1149115E+07   3300000E+02 -.4761E+07  .1121E+07   .9981860 -.0600758  .0039475
T  621  2 .1194694E+07   3300000E+02 -.7238E+06  .7345E+07   .9994394  .0107605  .0317042
T  622  2 .1227945E+07   3300000E+02 -.7995E+06 -.3915E+07   .9988549 -.0108918 -.0465860
T  623  2 .1167149E+07   3300000E+02 -.2020E+07 -.2617E+07   .9995243 -.0215024 -.0221114
T  624  2 .1251158E+07   3300000E+02 -.3152E+07  .1772E+07   .9988796 -.0074276  .0467375
T  625  2 .1128538E+07   3300000E+02  .1180E+08 -.7820E+07   .9770729  .1123364 -.1808564
T  626  2 .1255893E+07   3300000E+02  .3702E+07 -.2408E+07   .9997850  .0136202 -.0156329
T  627  2 .1195119E+07   3300000E+02 -.1041E+07 -.1591E+07   .9997436 -.0146459 -.0172665
T  628  2 .1233924E+07   3300000E+02  .2249E+07  .1702E+06   .9982197 -.0596290  .0013435
T  629  2 .1219667E+07   3300000E+02  .2423E+07  .7782E+06   .9993578  .0113843  .0339770
T  630  2 .1152655E+07   3300000E+02  .6239E+07  .4231E+07   .9979320  .0552167  .0329078
T  631  2 .1230365E+07   3300000E+02  .1101E+07 -.3103E+07   .9998478 -.0049956 -.0167148
T  632  2 .1329728E+07   3300000E+02 -.2291E+07  .7039E+06   .9999752 -.0025020 -.0065854
T  633  2 .1333732E+07   3300000E+02  .3093E+07  .2283E+07   .9995781  .0255626 -.0137902
T  634  2 .1133987E+07   3300000E+02  .1069E+08  .5084E+06   .9947426  .1016245 -.0126329
T  635  2 .1234959E+07   3300000E+02  .4527E+07 -.4563E+06   .9977457  .0650890 -.0163409
T  636  2 .1205273E+07   3300000E+02 -.7968E+07  .3129E+05   .9991865 -.0290664  .0279558
T  637  2 .1026359E+07   3300000E+02 -.9520E+07  .1347E+08   .9778501 -.1409937  .1546931
T  638  2 .1152522E+07   3300000E+02  .1008E+08  .9529E+07   .9982747  .0501186  .0305890
T  639  2 .1204392E+07   3300000E+02 -.5392E+07  .1925E+07   .9978333 -.0619570  .0221368
T  640  2 .1240804E+07   3300000E+02  .1556E+07  .6406E+07   .9993122  .0185979  .0320814
T  641  2 .1200363E+07   3300000E+02  .3297E+07 -.1773E+07   .9999155  .0023110 -.0127898
T  642  2 .1150927E+07   3300000E+02 -.3360E+07 -.3853E+07   .9985727 -.0169985 -.0506326
T  643  2 .1289054E+07   3300000E+02  .6978E+07 -.9547E+06   .9990199  .0428569  .0110670
T  644  2 .1229567E+07   3300000E+02 -.4414E+06 -.5823E+06   .9999621  .0040120 -.0077304
T  645  2 .1188203E+07   3300000E+02 -.3593E+07  .8287E+06   .9997848  .0204238  .0036251
T  646  2 .1197581E+07   3300000E+02 -.5105E+07 -.3114E+06   .9959058 -.0898468 -.0099596
T  647  2 .1216964E+07   3300000E+02  .1181E+07 -.3346E+06   .9992855  .0373723 -.0056340
T  648  2 .1266156E+07   3300000E+02 -.7128E+07  .1237E+07   .9995625 -.0235100  .0179473
T  649  2 .1129060E+07   3300000E+02  .7393E+06 -.7705E+07   .9985419  .0010599 -.0539726
T  650  2 .1016655E+07   3300000E+02  .1997E+07 -.3762E+07   .9997748 -.0211466  .0017690
T  651  2 .1147716E+07   3300000E+02  .2075E+07 -.9663E+06   .9988660  .0455992 -.0136923
T  652  2 .1161963E+07   3300000E+02 -.4531E+07 -.1250E+06   .9997079 -.0233186 -.0063478
T  653  2 .1320501E+07   3300000E+02 -.9175E+06  .1238E+07   .9981614 -.0067960  .0602293
T  654  2 .1195251E+07   3300000E+02  .4893E+07 -.3397E+07   .9985517  .0421992 -.0333719
T  655  2 .1371505E+07   3300000E+02 -.1595E+06 -.6174E+07   .9961091 -.0166385 -.0865434
T  656  2 .1171731E+07   3300000E+02 -.1915E+08  .1036E+08   .9979259 -.0512927  .0388957
T  657  2 .1213468E+07   3300000E+02 -.5916E+07 -.7813E+07   .9973367 -.0379166 -.0623047
T  658  2 .1271475E+07   3300000E+02 -.3705E+07 -.7692E+04   .9998200 -.0162094 -.0098632
T  659  2 .1323011E+07   3300000E+02 -.3680E+06  .2528E+07   .9994004  .0201515  .0281573
T  660  2 .1195735E+07   3300000E+02  .7136E+07  .1533E+07   .9987305  .0044482  .0501758
T  661  2 .1215124E+07   3300000E+02  .4613E+07  .2652E+07   .9988808  .0375269  .0287899
T  662  2 .1285021E+07   3300000E+02 -.2839E+07 -.1215E+07   .9995895 -.0279024 -.0065095
T  663  2 .1274125E+07   3300000E+02 -.1071E+07  .8216E+06   .9996548 -.0173440  .0197337
T  664  2 .1258682E+07   3300000E+02  .1328E+06  .3732E+07   .9994618  .0206793  .0254635
T  665  2 .1081592E+07   3300000E+02  .2024E+07 -.4336E+07   .9998812 -.0115010 -.0102647
T  666  2 .1177318E+07   3300000E+02 -.8202E+06 -.9556E+07   .9995271  .0075316 -.0298127
T  667  2 .1174601E+07   3300000E+02  .1068E+07 -.2475E+07   .9994768  .0257839 -.0195257
T  668  2 .1183411E+07   3300000E+02 -.2101E+07 -.2846E+07   .9998694 -.0099481  .0127358
T  669  2 .1275109E+07   3300000E+02 -.4691E+06 -.3570E+06   .9999214  .0102693  .0071872
T  670  2 .1224826E+07   3300000E+02  .6043E+07 -.4314E+07   .9996309  .0267795 -.0045649
T  671  2 .1255979E+07   3300000E+02  .5003E+07 -.2670E+07   .9996278 -.0001471 -.0272794
T  672  2 .1146869E+07   3300000E+02  .3061E+07 -.3543E+07   .9989221  .0461916  .0045731
T  673  2 .1179084E+07   3300000E+02  .1442E+07 -.2681E+07   .9997041  .0116773 -.0213399
T  674  2 .1305755E+07   3300000E+02 -.1240E+07 -.1797E+07   .9998210 -.0010416 -.0188924
T  675  2 .1277327E+07   3300000E+02  .7341E+06  .1987E+07   .9993358  .0209281  .0298322
T  676  2 .1251184E+07   3300000E+02 -.5352E+07 -.1839E+07   .9984253 -.0500246 -.0253874
T  677  2 .1226294E+07   3300000E+02 -.4514E+07  .3242E+07   .9997560  .0220912 -.0000546
T  678  2 .1049477E+07   3300000E+02 -.1235E+07  .2026E+07   .9992099 -.0309879  .0248871
T  679  2 .1255248E+07   3300000E+02  .3712E+07 -.6727E+07   .9941154  .0422303 -.0997560
T  680  2 .1211079E+07   3300000E+02  .1903E+07 -.2361E+07   .9986316  .0513913 -.0096903
T  681  2 .1133331E+07   3300000E+02  .1993E+06  .9570E+07   .9985272 -.0007713  .0542477
T  682  2 .1117461E+07   3300000E+02 -.7688E+06 -.5841E+07   .9993384  .0141364 -.0335111
T  683  2 .1278898E+07   3300000E+02 -.1297E+07 -.6218E+06   .9996052  .0200295 -.0197030
T  684  2 .1236458E+07   3300000E+02  .1127E+07  .1455E+07   .9999471 -.0101936 -.0013817
T  685  2 .1179395E+07   3300000E+02  .4304E+06  .1158E+07   .9998104  .0012241 -.0194324
T  686  2 .1152097E+07   3300000E+02 -.3014E+07 -.4736E+07   .9954457 -.0217495 -.0928162
T  687  2 .1139974E+07   3300000E+02 -.5184E+07  .3886E+07   .9992623 -.0224541  .0311554
T  688  2 .1195567E+07   3300000E+02 -.7099E+07 -.1300E+07   .9974866 -.0706561  .0053090
T  689  2 .1255083E+07   3300000E+02  .3041E+07  .5384E+06   .9999628  .0060097  .0061868
T  690  2 .1208893E+07   3300000E+02 -.1548E+07  .2182E+07   .9999636  .0085228 -.0003281
T  691  2 .1165701E+07   3300000E+02 -.1556E+07  .4353E+07   .9953420 -.0956028  .0124278
T  692  2 .1037402E+07   3300000E+02 -.3153E+07  .1644E+07   .9999134 -.0045303  .0123534
T  693  2 .1252133E+07   3300000E+02  .1535E+07 -.7982E+07   .9986358  .0077149 -.0516438
T  694  2 .1224549E+07   3300000E+02  .9950E+06 -.2299E+07   .9995954 -.0245305  .0144009
T  695  2 .1174041E+07   3300000E+02  .5935E+06  .1556E+07   .9998020  .0120115 -.0158630
T  696  2 .1275257E+07   3300000E+02 -.1199E+07 -.1650E+07   .9995118  .0311480 -.0024517
T  697  2 .1156935E+07   3300000E+02 -.2143E+07 -.1314E+07   .9993667 -.0342933 -.0095007
T  698  2 .1193182E+07   3300000E+02  .4464E+07  .1347E+07   .9999580 -.0027722 -.0087385
T  699  2 .1269523E+07   3300000E+02 -.2576E+07 -.3468E+07   .9994891 -.0016747 -.0319179
T  700  2 .1196314E+07   3300000E+02 -.1100E+08  .5389E+07   .9954978 -.0575514  .0753120
T  701  2 .1158715E+07   3300000E+02 -.7246E+07 -.3613E+06   .9997620 -.0202137 -.0082056
T  702  2 .1194552E+07   3300000E+02 -.4322E+07  .2691E+07   .9991632 -.0390541  .0121551
T  703  2 .1151842E+07   3300000E+02 -.1961E+07 -.2415E+07   .9999269  .0120308  .0012291
T  704  2 .1155714E+07   3300000E+02  .1620E+07  .5168E+07   .9980245 -.0119723  .0616752
T  705  2 .1168354E+07   3300000E+02  .3618E+07  .2170E+06   .9996607  .0215657 -.0146098
T  706  2 .1258409E+07   3300000E+02 -.3372E+07  .7066E+05   .9997800  .0050757 -.0203528
T  707  2 .1167797E+07   3300000E+02 -.1683E+07  .3158E+07   .9993501  .0233164 -.0274912
T  708  2 .1251057E+07   3300000E+02  .5451E+07 -.1483E+07   .9948869  .1007795 -.0066030
T  709  2 .1215581E+07   3300000E+02 -.5339E+06  .2992E+07   .9998959 -.0143635  .0013791
T  710  2 .1285952E+07   3300000E+02  .3340E+07 -.1830E+07   .9997713  .0188974 -.0100141
T  711  2 .1169829E+07   3300000E+02  .1177E+07 -.6901E+07   .9988912 -.0453178 -.0127566
T  712  2 .1253016E+07   3300000E+02 -.9594E+07  .1866E+07   .9986488 -.0469577 -.0222627
T  713  2 .1185286E+07   3300000E+02  .2197E+07  .4912E+07   .9993388  .0130180  .0339480
T  714  2 .1215460E+07   3300000E+02  .1614E+07  .3755E+07   .9994979  .0197886  .0247444
T  715  2 .1235189E+07   3300000E+02 -.4085E+07 -.3142E+07   .9995598  .0294203 -.0038162
T  716  2 .1284123E+07   3300000E+02  .4918E+07 -.7649E+07   .9968459  .0576540 -.0545369
T  717  2 .1119248E+07   3300000E+02  .5303E+07 -.2615E+07   .9986179  .0512463 -.0116702
T  718  2 .1133862E+07   3300000E+02 -.3495E+07 -.1022E+07   .9995972  .0050887  .0279187
T  719  2 .1206981E+07   3300000E+02  .1353E+07  .3749E+07   .9996826  .0186892  .0168956
T  720  2 .1269701E+07   3300000E+02 -.9428E+07  .9569E+06   .9978017 -.0662696  .0002403
T  721  2 .1330728E+07   3300000E+02 -.1179E+07 -.4117E+07   .9998986 -.0002538  .0142367
T  722  2 .1157620E+07   3300000E+02  .4691E+06  .3252E+07   .9999465  .0067950  .0077995
T  723  2 .1162829E+07   3300000E+02  .2493E+06 -.5910E+07   .9986044  .0056633 -.0525088
T  724  2 .1204914E+07   3300000E+02  .8583E+06 -.1266E+07   .9999849 -.0015886 -.0052684
T  725  2 .1012049E+07   3300000E+02  .7600E+07  .1593E+08   .9897921  .0619297  .1283601
T  726  2 .1150131E+07   3300000E+02  .2665E+07 -.1323E+07   .9996991  .0233088 -.0076403
T  727  2 .1350636E+07   3300000E+02  .4138E+07 -.3468E+07   .9985784  .0364332 -.0389067
T  728  2 .1193341E+07   3300000E+02 -.5004E+06  .1669E+07   .9991201 -.0255310  .0332754
T  729  2 .1112236E+07   3300000E+02 -.1961E+07 -.2184E+07   .9981199 -.0419972 -.0446417
T  730  2 .1235625E+07   3300000E+02  .1338E+07  .2666E+07   .9998431  .0148183  .0097050
T  731  2 .1170197E+07   3300000E+02 -.8105E+07 -.7258E+07   .9984299 -.0441211 -.0345127
T  732  2 .1176374E+07   3300000E+02  .1279E+07 -.6250E+07   .9982790  .0352857 -.0468399
T  733  2 .1221875E+07   3300000E+02 -.2065E+07 -.1738E+07   .9996467 -.0171501 -.0203077
T  734  2 .1148349E+07   3300000E+02 -.7197E+07  .5543E+07   .9995840  .0018085  .0287831
T  735  2 .1200818E+07   3300000E+02 -.1202E+07  .2087E+07   .9991057  .0066448  .0417575
T  736  2 .1236331E+07   3300000E+02  .4206E+07 -.7915E+06   .9992749  .0380646 -.0008855
T  737  2 .1189664E+07   3300000E+02  .7875E+07  .3113E+07   .9948872  .0376523  .0937109
T  738  2 .1344507E+07   3300000E+02  .3919E+07 -.9239E+06   .9999232  .0120923  .0026987
T  739  2 .1317255E+07   3300000E+02 -.3274E+07  .1788E+07   .9987733 -.0483500 -.0106809
T  740  2 .1244572E+07   3300000E+02  .4596E+07  .8482E+07   .9996348  .0181285  .0200397
T  741  2 .1148455E+07   3300000E+02 -.3840E+07 -.1001E+08   .9975629 -.0572979 -.0398139
T  742  2 .1159028E+07   3300000E+02  .6821E+07  .8730E+07   .9929852  .0498941  .1071960
T  743  2 .1266059E+07   3300000E+02  .2536E+07 -.1153E+07   .9984137  .0447992 -.0341033
T  744  2 .1174291E+07   3300000E+02 -.6318E+07  .4157E+06   .9971745 -.0740452 -.0126648
T  745  2 .1229987E+07   3300000E+02  .3301E+07 -.2080E+07   .9985059  .0481696  .0258015
T  746  2 .1271513E+07   3300000E+02 -.2021E+07 -.1449E+07   .9999732 -.0069917  .0021527
T  747  2 .1116120E+07   3300000E+02  .9590E+07 -.1299E+08   .9952105  .0752140 -.0624408
T  748  2 .1248982E+07   3300000E+02 -.1106E+07 -.4265E+07   .9987121 -.0182642 -.0473348
T  749  2 .1096659E+07   3300000E+02  .9323E+07 -.4437E+07   .9970883  .0721034 -.0248198
T  750  2 .1120480E+07   3300000E+02 -.6102E+06  .1156E+07   .9981833 -.0593420  .0104247
T  751  2 .1094106E+07   3300000E+02 -.2625E+07  .1199E+08   .9927410  .0001158  .1202719
T  752  2 .1229381E+07   3300000E+02 -.3812E+07 -.2294E+07   .9998475 -.0164566 -.0058483
T  753  2 .1175226E+07   3300000E+02 -.3462E+07 -.3172E+07   .9992452 -.0290206 -.0258249
T  754  2 .1168192E+07   3300000E+02  .5006E+07  .7835E+05   .9997290 -.0229284  .0040364
T  755  2 .1278937E+07   3300000E+02  .4345E+07 -.3195E+07   .9998929  .0137135 -.0051143
T  756  2 .1238078E+07   3300000E+02 -.4210E+07  .7608E+06   .9983248 -.0419654  .0398314
T  757  2 .1174358E+07   3300000E+02  .7861E+07  .4019E+07   .9994826  .0319762 -.0034838
T  758  2 .1214615E+07   3300000E+02  .2596E+07  .3960E+06   .9998187  .0141681 -.0127246
T  759  2 .1212742E+07   3300000E+02  .1010E+08 -.1063E+08   .9978852  .0470971 -.0447993
T  760  2 .1131980E+07   3300000E+02  .6412E+07  .3445E+06   .9999306 -.0034922 -.0112522
T  761  2 .1094855E+07   3300000E+02  .1407E+07  .3626E+07   .9995833  .0104160  .0269197
T  762  2 .1140355E+07   3300000E+02 -.3922E+07  .4727E+07   .9981629 -.0560885  .0229109
T  763  2 .1271803E+07   3300000E+02 -.1428E+07 -.6171E+06   .9992363 -.0382272 -.0080886
T  764  2 .1272038E+07   3300000E+02  .4287E+07  .4582E+07   .9996096  .0041729  .0276275
T  765  2 .1237317E+07   3300000E+02  .1624E+07 -.6641E+07   .9985704  .0196462 -.0497116
T  766  2 .1133611E+07   3300000E+02 -.7979E+07  .7042E+06   .9991396 -.0408605 -.0071070
T  767  2 .1222607E+07   3300000E+02 -.1436E+07  .2978E+07   .9995229 -.0271841  .0146641
T  768  2 .1212801E+07   3300000E+02  .6723E+07  .1161E+07   .9986832  .0457357  .0232385
T  769  2 .1145369E+07   3300000E+02 -.4355E+07  .6294E+07   .9972122 -.0407998  .0624752
T  770  2 .1232139E+07   3300000E+02  .1178E+07  .3437E+06   .9997097  .0189573  .0148738
T  771  2 .1307808E+07   3300000E+02  .4012E+07  .8176E+07   .9990011  .0019298  .0446445
T  772  2 .1236737E+07   3300000E+02  .6319E+07  .5553E+07   .9984799  .0440947  .0330688
T  773  2 .1352446E+07   3300000E+02 -.2495E+07 -.6594E+07   .9985422 -.0230611 -.0488020
T  774  2 .1228295E+07   3300000E+02  .2652E+07  .4523E+07   .9980113  .0287701  .0560871
T  775  2 .1199254E+07   3300000E+02 -.5885E+07  .1831E+07   .9984274 -.0517484  .0215614
T  776  2 .1194936E+07   3300000E+02  .1440E+07  .2894E+07   .9997783  .0189240  .0092369
T  777  2 .1110092E+07   3300000E+02 -.2380E+07  .3166E+07   .9996725  .0063021  .0248022
T  778  2 .1280155E+07   3300000E+02 -.1166E+07  .1127E+08   .9969003 -.0233302  .0751363
T  779  2 .1240271E+07   3300000E+02 -.2124E+07  .8141E+07   .9988178 -.0194984  .0445291
T  780  2 .1004190E+07   3300000E+02  .2661E+07 -.3631E+07   .5778606 -.7992685 -.1650668
T  781  2 .1274668E+07   3300000E+02 -.2092E+07 -.1474E+06   .9997044 -.0242991 -.0007758
T  782  2 .1239266E+07   3300000E+02 -.6146E+07 -.1727E+07   .9995993  .0221223 -.0176590
T  783  2 .1201637E+07   3300000E+02 -.1499E+07  .2680E+07   .9998664  .0075155  .0145183
T  784  2 .1261633E+07   3300000E+02  .5920E+06 -.3861E+07   .9998645 -.0107015 -.0125120
T  785  2 .1217753E+07   3300000E+02  .8423E+07  .3471E+07   .9995614  .0196281 -.0221757
T  786  2 .1243475E+07   3300000E+02 -.4539E+07  .8556E+06   .9999116 -.0065847  .0115556
T  787  2 .1024606E+07   3300000E+02  .2942E+07  .3524E+07   .9997604  .0218708  .0008767
T  788  2 .1170509E+07   3300000E+02 -.4351E+07  .2905E+07   .9997425 -.0135254  .0182205
T  789  2 .1103579E+07   3300000E+02 -.3391E+07 -.3299E+07   .9996859 -.0248089 -.0035634
T  790  2 .1191132E+07   3300000E+02 -.9254E+07 -.2471E+07   .9987190 -.0406536  .0301272
T  791  2 .1126828E+07   3300000E+02  .7141E+07 -.3163E+07   .9993172  .0363163  .0068048
T  792  2 .1326419E+07   3300000E+02 -.4482E+07  .2939E+07   .9988904 -.0460128 -.0100419
T  793  2 .1097294E+07   3300000E+02 -.5609E+07  .9884E+07   .9958368 -.0271599  .0870136
T  794  2 .1289568E+07   3300000E+02 -.2450E+07 -.4118E+07   .9994145 -.0020467 -.0341526
T  795  2 .1277805E+07   3300000E+02  .3547E+07 -.4892E+06   .9998175  .0139034 -.0131020
T  796  2 .1142934E+07   3300000E+02  .3181E+07 -.1359E+07   .9998042  .0160561  .0115669
T  797  2 .1185990E+07   3300000E+02 -.8590E+07 -.3207E+07   .9953946 -.0798023 -.0531153
T  798  2 .1255808E+07   3300000E+02 -.4036E+07 -.1068E+07   .9992761 -.0341545 -.0167570
T  799  2 .1295561E+07   3300000E+02  .8915E+06  .3184E+07   .9994616  .0285514  .0161645
T  800  2 .1260655E+07   3300000E+02 -.5427E+07  .2071E+07   .9993698 -.0338329  .0107375
T  801  2 .1162617E+07   3300000E+02  .1428E+07  .2576E+07   .9996743  .0180068  .0180841
T  802  2 .1250769E+07   3300000E+02 -.1089E+07  .1637E+06   .9998965 -.0021416  .0142264
T  803  2 .1044960E+07   3300000E+02 -.2236E+07  .1468E+07   .9967959 -.0536639  .0593141
T  804  2 .1261806E+07   3300000E+02 -.1873E+06  .1553E+07   .9961999  .0301732 -.0817027
T  805  2 .1188895E+07   3300000E+02 -.7861E+07  .4107E+07   .9949692 -.0987806  .0166932
T  806  2 .1194990E+07   3300000E+02 -.7818E+06 -.6196E+07   .9997284  .0096743 -.0212027
T  807  2 .1115260E+07   3300000E+02  .1348E+07  .9881E+06   .9996704 -.0234287 -.0104945
T  808  2 .1245142E+07   3300000E+02  .1493E+07 -.7146E+07   .9985800 -.0060424 -.0529289
T  809  2 .1292724E+07   3300000E+02 -.4151E+07  .1062E+07   .9994138 -.0259679  .0223102
T  810  2 .1113563E+07   3300000E+02 -.7192E+07 -.2541E+07   .9960293 -.0168729 -.0874128
T  811  2 .1307469E+07   3300000E+02  .3169E+07  .2025E+07   .9997024  .0184511  .0159563
T  812  2 .1222955E+07   3300000E+02 -.3598E+07 -.6727E+07   .9925988 -.0440831 -.1131557
T  813  2 .1219292E+07   3300000E+02  .8014E+06  .1304E+07   .9998627 -.0137687 -.0092179
T  814  2 .1236955E+07   3300000E+02 -.9224E+06 -.2623E+07   .9996166 -.0184391 -.0206559
T  815  2 .1289808E+07   3300000E+02  .5732E+07 -.1429E+07   .9994055  .0344153 -.0020505
T  816  2 .1189484E+07   3300000E+02  .2351E+07  .4107E+06   .9987135  .0442625 -.0247419
T  817  2 .1169664E+07   3300000E+02  .4472E+07  .1063E+08   .9944558  .0278624  .1013971
T  818  2 .1233737E+07   3300000E+02 -.1166E+07  .1072E+07   .9997406  .0115336  .0196409
T  819  2 .1128385E+07   3300000E+02  .5823E+07 -.4061E+07   .9881718  .0843272 -.1280835
T  820  2 .1238265E+07   3300000E+02  .3681E+07 -.8867E+07   .9969363  .0712987 -.0321622
T  821  2 .1240333E+07   3300000E+02  .6614E+07  .8811E+05   .9998836 -.0020743 -.0151167
T  822  2 .1231526E+07   3300000E+02 -.3219E+07  .3151E+07   .9996798 -.0105179  .0230150
T  823  2 .1265570E+07   3300000E+02  .5702E+07 -.3107E+07   .9989690  .0424664 -.0160508
T  824  2 .1263675E+07   3300000E+02 -.4584E+07  .2424E+07   .9996990 -.0244963  .0013723
T  825  2 .1217655E+07   3300000E+02  .3761E+07 -.3546E+06   .9986924  .0478021 -.0181224
T  826  2 .1297832E+07   3300000E+02 -.6276E+07 -.5803E+07   .9994349 -.0161350 -.0294869
T  827  2 .1305540E+07   3300000E+02  .2824E+07  .3841E+07   .9998096  .0089539  .0173403
T  828  2 .1125007E+07   3300000E+02 -.2671E+07  .1478E+06   .9998901 -.0088816 -.0118740
T  829  2 .1279112E+07   3300000E+02  .6228E+07  .2247E+07   .9997328  .0225139  .0052437
T  830  2 .1190893E+07   3300000E+02  .2899E+07  .5755E+07   .9973644 -.0212661  .0693685
T  831  2 .1222810E+07   3300000E+02 -.3383E+07 -.9465E+07   .9972224 -.0207608 -.0715298
T  832  2 .1208456E+07   3300000E+02  .2601E+07  .1991E+07   .9993511  .0359501 -.0022176
T  833  2 .1245773E+07   3300000E+02 -.3988E+06  .1809E+07   .9989954 -.0362772  .0263098
T  834  2 .1091774E+07   3300000E+02  .1955E+08 -.1235E+08   .9983900  .0430621 -.0369196
T  835  2 .1247766E+07   3300000E+02  .7516E+06 -.5950E+06   .9999577 -.0034749  .0085212
T  836  2 .1243119E+07   3300000E+02  .2401E+07 -.3381E+07   .9991427 -.0065048 -.0408857
T  837  2 .1171936E+07   3300000E+02 -.4060E+07 -.1819E+07   .9994896 -.0178623  .0264854
T  838  2 .1175462E+07   3300000E+02 -.2157E+07 -.4352E+07   .9999935 -.0012244 -.0033851
T  839  2 .1258795E+07   3300000E+02  .1770E+07  .3993E+07   .9999354 -.0097929 -.0057705
T  840  2 .1157455E+07   3300000E+02  .1365E+06 -.1401E+07   .9992036  .0398690  .0016017
T  841  2 .1251291E+07   3300000E+02  .1977E+07  .4114E+07   .9995163  .0150037  .0272399
T  842  2 .1124987E+07   3300000E+02  .5176E+07 -.2196E+07   .9985327  .0486940 -.0236923
T  843  2 .1191222E+07   3300000E+02  .2156E+07  .8123E+06   .9996424 -.0201273  .0176072
T  844  2 .1141962E+07   3300000E+02 -.1124E+08 -.4332E+07   .9996801 -.0252292 -.0017603
T  845  2 .1311569E+07   3300000E+02  .3991E+07 -.5246E+07   .9996483  .0243768 -.0104415
T  846  2 .1153409E+07   3300000E+02  .2062E+07 -.1802E+07   .9998912  .0142820  .0036777
T  847  2 .1209739E+07   3300000E+02 -.4482E+06  .1633E+07   .9998251 -.0017750  .0186170
T  848  2 .1144566E+07   3300000E+02  .2138E+06 -.6879E+06   .9993703  .0349984  .0058411
T  849  2 .1160101E+07   3300000E+02 -.1475E+07 -.1974E+07   .9993993  .0157624 -.0308628
T  850  2 .1195982E+07   3300000E+02 -.3755E+07  .1022E+07   .9998831 -.0014638 -.0152226
T  851  2 .1290936E+07   3300000E+02 -.2741E+07 -.7886E+07   .9990937 -.0250807 -.0343912
T  852  2 .1128456E+07   3300000E+02  .5030E+07  .1040E+08   .9938821  .0727736  .0830804
T  853  2 .1282272E+07   3300000E+02 -.1786E+07 -.4390E+07   .9996689 -.0112768 -.0231279
T  854  2 .1275428E+07   3300000E+02 -.8192E+06 -.4335E+07   .9988037  .0170259 -.0458389
T  855  2 .1221577E+07   3300000E+02  .9029E+06  .3652E+07   .9995368  .0201329  .0228219
T  856  2 .1133676E+07   3300000E+02 -.3848E+06 -.5843E+06   .9994379 -.0331291 -.0051342
T  857  2 .1211381E+07   3300000E+02  .2605E+07  .4808E+07   .9983931 -.0009454  .0566605
T  858  2 .1170969E+07   3300000E+02 -.1599E+07  .2818E+07   .9994338 -.0096377  .0322351
T  859  2 .1083499E+07   3300000E+02  .2960E+06 -.5331E+07   .9997949 -.0160923 -.0122922
T  860  2 .1288171E+07   3300000E+02 -.1006E+07  .2898E+07   .9993771 -.0129893  .0328131
T  861  2 .1220470E+07   3300000E+02 -.9318E+05 -.4722E+06   .9999678  .0062437 -.0050474
T  862  2 .1257532E+07   3300000E+02 -.4534E+06  .1916E+07   .9995509  .0289081  .0078928
T  863  2 .1188732E+07   3300000E+02 -.5803E+07  .4975E+07   .9993867 -.0186195  .0296581
T  864  2 .1220341E+07   3300000E+02  .1570E+07 -.1644E+07   .9993525  .0289256  .0213976
T  865  2 .1294611E+07   3300000E+02  .1660E+07 -.2514E+07   .9998588  .0002227 -.0168031
T  866  2 .1294152E+07   3300000E+02 -.3341E+07 -.3946E+06   .9996402 -.0253029 -.0089000
T  867  2 .1306192E+07   3300000E+02  .4684E+07  .1553E+07   .9987345  .0365949  .0344980
T  868  2 .1111316E+07   3300000E+02 -.3963E+07 -.4132E+07   .9980796 -.0502144 -.0362718
T  869  2 .1253928E+07   3300000E+02  .1622E+05 -.9068E+06   .9997315  .0218877 -.0076010
T  870  2 .1135117E+07   3300000E+02 -.3002E+07  .1124E+08   .9957969 -.0183987  .0897217
T  871  2 .1168288E+07   3300000E+02  .1297E+07  .9598E+06   .9997680  .0041831  .0211307
T  872  2 .1220063E+07   3300000E+02  .7274E+07 -.1471E+07   .9985963  .0253645 -.0464978
T  873  2 .1058546E+07   3300000E+02  .5627E+07  .5665E+05   .9989032  .0340251  .0321658
T  874  2 .1029748E+07   3300000E+02  .1262E+08 -.8974E+07   .9969371  .0662334 -.0415889
T  875  2 .1192544E+07   3300000E+02  .5462E+07  .3910E+07   .9995106  .0196485  .0243431
T  876  2 .1209191E+07   3300000E+02  .7620E+06  .1802E+07   .9998785  .0002151 -.0155873
T  877  2 .1332237E+07   3300000E+02  .5044E+07  .2937E+07   .9954420  .0527589  .0794461
T  878  2 .1252412E+07   3300000E+02  .5835E+07  .1954E+07   .9988780  .0439666 -.0175971
T  879  2 .1198119E+07   3300000E+02 -.1223E+07  .1296E+07   .9986981 -.0507787 -.0048658
T  880  2 .1169470E+07   3300000E+02 -.3848E+06  .7348E+05   .9996540  .0256170 -.0059650
T  881  2 .1321394E+07   3300000E+02 -.1352E+07  .2713E+07   .9995116  .0143190  .0277774
T  882  2 .1095733E+07   3300000E+02  .9122E+07 -.4952E+07   .9973698  .0698056 -.0195098
T  883  2 .1292674E+07   3300000E+02  .1055E+06 -.1803E+07   .9996782  .0119319 -.0223874
T  884  2 .1271065E+07   3300000E+02  .1319E+07  .1270E+07   .9998865  .0132418 -.0071833
T  885  2 .1254637E+07   3300000E+02 -.2456E+07  .5837E+07   .9992295  .0068085  .0386537
T  886  2 .1203734E+07   3300000E+02  .9286E+06  .1635E+07   .9963253  .0839630  .0169157
T  887  2 .1320980E+07   3300000E+02 -.4562E+07  .2989E+07   .9989446 -.0167752  .0427587
T  888  2 .1140375E+07   3300000E+02 -.3065E+07 -.8589E+06   .9995224 -.0175094 -.0254624
T  889  2 .1143258E+07   3300000E+02 -.1382E+08 -.1758E+08   .9827480 -.0955099 -.1583798
T  890  2 .1195237E+07   3300000E+02 -.2655E+07 -.2271E+07   .9995723 -.0146402 -.0253160
T  891  2 .1190700E+07   3300000E+02  .4459E+07 -.1450E+07   .9993468  .0244609 -.0266004
T  892  2 .1190541E+07   3300000E+02 -.4164E+07 -.2811E+06   .9989590 -.0371616  .0264560
T  893  2 .1274690E+07   3300000E+02  .9228E+07 -.2322E+07   .9957939  .0910243 -.0104446
T  894  2 .1249380E+07   3300000E+02 -.5708E+07  .4621E+07   .9991936  .0364596  .0168161
T  895  2 .1336232E+07   3300000E+02 -.1059E+07  .6242E+07   .9981541 -.0044141  .0605709
T  896  2 .1196961E+07   3300000E+02 -.6061E+07  .2373E+07   .9995977 -.0225519  .0172020
T  897  2 .1251962E+07   3300000E+02  .4143E+07 -.8621E+06   .9998784  .0120948  .0098485
T  898  2 .1393746E+07   3300000E+02  .4502E+07 -.6023E+07   .9987428  .0449396 -.0222077
T  899  2 .1255133E+07   3300000E+02  .1495E+07  .1678E+07   .9996573 -.0060241 -.0254747
T  900  2 .1168412E+07   3300000E+02  .1646E+07  .5350E+07   .9982467  .0397119  .0438924
T  901  2 .1249225E+07   3300000E+02  .7809E+06  .2679E+07   .9997669 -.0070579  .0204018
T  902  2 .1157990E+07   3300000E+02 -.2034E+07  .3978E+07   .9990005 -.0296265  .0334692
T  903  2 .1081097E+07   3300000E+02  .1812E+07  .7849E+07   .9987830  .0350786  .0346698
T  904  2 .1195401E+07   3300000E+02  .4340E+07 -.9424E+06   .9991167  .0400015 -.0128730
T  905  2 .1224582E+07   3300000E+02  .2839E+07 -.1548E+07   .9993099  .0311527  .0202295
T  906  2 .1188610E+07   3300000E+02  .2049E+06  .5151E+07   .9987910  .0055058  .0488480
T  907  2 .1210658E+07   3300000E+02  .1068E+07  .7177E+06   .9997661  .0209404 -.0054022
T  908  2 .1328827E+07   3300000E+02 -.5328E+07  .7073E+07   .9983179 -.0356142  .0457488
T  909  2 .1147726E+07   3300000E+02  .3071E+07 -.7835E+05   .9996982  .0092722 -.0227508
T  910  2 .1124946E+07   3300000E+02 -.1536E+07 -.8084E+07   .9984130 -.0119523 -.0550335
T  911  2 .1116162E+07   3300000E+02  .5665E+07  .6949E+07   .9991915  .0228953  .0330491
T  912  2 .1134539E+07   3300000E+02  .6061E+06 -.4081E+06   .9996145  .0156854 -.0229096
T  913  2 .1226577E+07   3300000E+02 -.1162E+08 -.2142E+07   .9982096 -.0512647 -.0308151
T  914  2 .1331906E+07   3300000E+02  .1469E+07  .4349E+06   .9995759  .0132433 -.0259345
T  915  2 .1267378E+07   3300000E+02 -.4312E+07  .6342E+07   .9978141 -.0577896  .0320536
T  916  2 .1142193E+07   3300000E+02 -.3921E+07 -.1369E+08   .9977585  .0043171 -.0667788
T  917  2 .1280232E+07   3300000E+02  .6419E+07  .9839E+07   .9968954  .0757681  .0214179
T  918  2 .1258077E+07   3300000E+02  .5393E+06  .1116E+07   .9995290 -.0304092 -.0041366
T  919  2 .1184787E+07   3300000E+02 -.5993E+06 -.3395E+07   .9977213 -.0638702 -.0217429
T  920  2 .1122374E+07   3300000E+02  .7839E+06  .5582E+07   .9999310 -.0069346  .0094816
T  921  2 .1082284E+07   3300000E+02 -.3586E+06 -.8099E+06   .9997598 -.0001007 -.0219164
T  922  2 .1104392E+07   3300000E+02 -.2448E+07  .5061E+07   .9972690 -.0515102  .0529263
T  923  2 .1175582E+07   3300000E+02  .2040E+06  .1695E+08   .9855169 -.0716167  .1537121
T  924  2 .1307622E+07   3300000E+02  .7792E+05  .2293E+07   .9998911 -.0069685  .0130090
T  925  2 .1133310E+07   3300000E+02  .2662E+06  .2324E+07   .9997135  .0239276 -.0005852
T  926  2 .1107028E+07   3300000E+02 -.3677E+07 -.7929E+07   .9984469 -.0005362 -.0557095
T  927  2 .1051580E+07   3300000E+02  .3860E+07 -.1958E+07   .9991349  .0333996 -.0247782
T  928  2 .1175424E+07   3300000E+02 -.3733E+07  .1740E+07   .9993435 -.0331421  .0146345
T  929  2 .1124738E+07   3300000E+02 -.1165E+07  .4557E+07   .9983810 -.0457228 -.0338346
T  930  2 .1286712E+07   3300000E+02 -.1977E+07 -.4051E+06   .9989410 -.0306672  .0342992
T  931  2 .1069438E+07   3300000E+02 -.2004E+07 -.6259E+07   .9980710 -.0425298 -.0452264
T  932  2 .1181923E+07   3300000E+02 -.4446E+07  .4197E+07   .9992869 -.0194649  .0323547
T  933  2 .1304006E+07   3300000E+02 -.8270E+06  .7037E+06   .9998426 -.0137948 -.0111583
T  934  2 .1181387E+07   3300000E+02  .2274E+07  .1989E+07   .9985060  .0541714 -.0071617
T  935  2 .1232543E+07   3300000E+02 -.7439E+07  .6479E+06   .9985075 -.0497755  .0224743
T  936  2 .1237489E+07   3300000E+02  .2960E+07 -.9968E+06   .9997343  .0227375 -.0037755
T  937  2 .1230123E+07   3300000E+02  .4181E+06  .2000E+07   .9997533  .0144873  .0168360
T  938  2 .1200899E+07   3300000E+02 -.3849E+07 -.1488E+07   .9995220 -.0099675 -.0292640
T  939  2 .1087434E+07   3300000E+02  .2095E+05  .1487E+07   .9991619  .0397304  .0098485
T  940  2 .1305859E+07   3300000E+02  .7908E+07 -.6782E+06   .9999038  .0138262 -.0011486
T  941  2 .1217690E+07   3300000E+02  .6440E+06  .4193E+07   .9991844  .0117978  .0386170
T  942  2 .1144467E+07   3300000E+02  .4419E+07 -.3115E+07   .9991515  .0364376 -.0191966
T  943  2 .1171301E+07   3300000E+02 -.1341E+06  .1122E+07   .9992889 -.0122269  .0356692
T  944  2 .1187683E+07   3300000E+02  .5941E+07 -.2738E+07   .9998348  .0098106  .0152982
T  945  2 .1271778E+07   3300000E+02 -.1940E+07  .3067E+07   .9998201  .0172822  .0078175
T  946  2 .1235961E+07   3300000E+02  .1295E+06 -.4244E+07   .9993839  .0230004 -.0265105
T  947  2 .1143585E+07   3300000E+02  .1163E+07 -.3630E+07   .9988116  .0328631 -.0359911
T  948  2 .1113012E+07   3300000E+02 -.3211E+07 -.2762E+07   .9990812 -.0423510  .0065746
T  949  2 .1156313E+07   3300000E+02  .1903E+07 -.3929E+07   .9993491  .0356875  .0052800
T  950  2 .1160438E+07   3300000E+02  .3139E+07  .1223E+07   .9994732  .0213017 -.0244851
T  951  2 .1247965E+07   3300000E+02 -.3904E+06 -.1286E+07   .9998332 -.0021672 -.0181347
T  952  2 .1255086E+07   3300000E+02 -.7330E+07 -.7404E+07   .9973158 -.0635080 -.0364400
T  953  2 .1194889E+07   3300000E+02  .4154E+07 -.2701E+07   .9996507  .0229280 -.0131414
T  954  2 .1331570E+07   3300000E+02  .3863E+06  .1044E+08   .9985805 -.0062434  .0528967
T  955  2 .1211271E+07   3300000E+02 -.4047E+07 -.1753E+07   .9996034 -.0278060  .0044491
T  956  2 .1245722E+07   3300000E+02 -.5385E+07  .1769E+07   .9990061  .0206062  .0395257
T  957  2 .1193995E+07   3300000E+02 -.5571E+07 -.1958E+07   .9998171 -.0187592 -.0037186
T  958  2 .1334355E+07   3300000E+02 -.1351E+07 -.2742E+07   .9993876 -.0094279 -.0336973
T  959  2 .1264214E+07   3300000E+02 -.4092E+07 -.2219E+07   .9997289 -.0090835 -.0214372
T  960  2 .1155641E+07   3300000E+02 -.1743E+07 -.9453E+06   .9990019 -.0434276 -.0104506
T  961  2 .1075368E+07   3300000E+02  .2925E+06 -.3259E+07   .9986520  .0477082  .0204475
T  962  2 .1289306E+07   3300000E+02  .2334E+07  .1546E+07   .9990295  .0283814  .0336821
T  963  2 .1168985E+07   3300000E+02 -.7744E+06  .3194E+07   .9994973  .0060428  .0311230
T  964  2 .1271064E+07   3300000E+02  .4290E+07  .2329E+07   .9985487  .0124080  .0524081
T  965  2 .1348279E+07   3300000E+02 -.3950E+07 -.5945E+07   .9991511 -.0410927  .0029027
T  966  2 .1294296E+07   3300000E+02 -.2155E+07 -.5668E+06   .9994958 -.0199640 -.0246908
T  967  2 .1196756E+07   3300000E+02 -.1049E+08  .4453E+07   .9979263 -.0552034  .0331007
T  968  2 .1158261E+07   3300000E+02  .5866E+06  .1018E+07   .9989195 -.0092243  .0455491
T  969  2 .1104368E+07   3300000E+02  .9181E+07  .2253E+07   .9990617  .0384322  .0199673
T  970  2 .1283167E+07   3300000E+02  .1351E+07 -.3137E+07   .9991836  .0233031  .0330005
T  971  2 .1230814E+07   3300000E+02  .2363E+07 -.2302E+07   .9998124 -.0044457 -.0188508
T  972  2 .1180936E+07   3300000E+02  .2169E+07  .3620E+06   .9996731 -.0016964 -.0255107
T  973  2 .1075720E+07   3300000E+02  .1660E+07 -.2664E+07   .9988018  .0432601 -.0228811
T  974  2 .1189589E+07   3300000E+02 -.1636E+07 -.5558E+07   .9998972  .0045939 -.0135824
T  975  2 .1174461E+07   3300000E+02 -.5525E+07 -.3579E+07   .9974966 -.0568919 -.0419974
T  976  2 .1216755E+07   3300000E+02 -.1228E+08  .1950E+08   .9961460 -.0688648  .0543217
T  977  2 .1200448E+07   3300000E+02 -.1601E+07  .6122E+06   .9999227 -.0124321  .0003227
T  978  2 .1261415E+07   3300000E+02 -.4839E+07 -.1865E+07   .9994064  .0034222 -.0342812
T  979  2 .1270405E+07   3300000E+02 -.4217E+07 -.3926E+07   .9972122 -.0466511 -.0582366
T  980  2 .1089832E+07   3300000E+02  .5094E+07 -.3676E+07   .9975155  .0461223 -.0532498
T  981  2 .1397167E+07   3300000E+02  .6274E+06 -.5947E+07   .9989875  .0076294 -.0443367
T  982  2 .1159078E+07   3300000E+02  .1564E+07 -.4266E+06   .9996435  .0139717  .0227518
T  983  2 .1120522E+07   3300000E+02  .7698E+07 -.2901E+08   .9941307  .0026340 -.1081533
T  984  2 .1151816E+07   3300000E+02  .4653E+07 -.1375E+08   .9807455  .1078271 -.1628237
T  985  2 .1087468E+07   3300000E+02  .4796E+07 -.4098E+07   .9996664  .0257388 -.0021504
T  986  2 .1122123E+07   3300000E+02 -.5454E+07  .9011E+07   .9988508 -.0347437  .0330158
T  987  2 .1084042E+07   3300000E+02  .4955E+07 -.3023E+07   .9984775  .0550416 -.0036251
T  988  2 .1173210E+07   3300000E+02  .1541E+07  .5753E+05   .9997815  .0204030  .0045414
T  989  2 .1268223E+07   3300000E+02 -.1381E+07 -.1191E+07   .9996493 -.0087525 -.0249939
T  990  2 .1217042E+07   3300000E+02 -.9238E+06 -.4382E+07   .9991890 -.0354109 -.0191677
T  991  2 .1231969E+07   3300000E+02  .2585E+07 -.2415E+07   .9999369 -.0019380 -.0110627
T  992  2 .1171175E+07   3300000E+02  .3170E+07  .1566E+07   .9996625  .0253036  .0058880
T  993  2 .1171777E+07   3300000E+02  .2876E+07 -.1007E+07   .9992441  .0013609  .0388513
T  994  2 .1355242E+07   3300000E+02  .3381E+07 -.8328E+07   .9991083  .0123389 -.0403785
T  995  2 .1190008E+07   3300000E+02 -.2271E+07  .3764E+07   .9996101 -.0242612  .0138200
T  996  2 .1309304E+07   3300000E+02  .3575E+07  .1259E+07   .9987441  .0419068  .0274609
T  997  2 .1289479E+07   3300000E+02 -.1220E+0