============================== SRIM-2013.00 ==============================
==============================================================================
=================  TRANSMIT.txt : File of Transmitted Ions  ==================
=  This file tabulates the kinetics of ions or atoms leaving the target.     =
=  Column #1: S= Sputtered Atom, B= Backscattered Ion, T= Transmitted Ion.   =
=  Col.#2: Ion Number, Col.#3: Z of atom leaving, Col.#4: Atom energy (eV).  =
=  Col.#5-7: Last location:  X= Depth into target, Y,Z= Transverse axes.     =
=  Col.#8-10: Cosines of final trajectory.                                   =
= *** This data file is in the same format as TRIM.DAT (see manual for uses).=
====== TRIM Calc.= He(5.48 MeV) ==> Layer 1(  25 mm) =========================
 Ion  Atom   Energy        Depth       Lateral-Position        Atom Direction      
 Numb Numb    (eV)          X(A)        Y(A)       Z(A)      Cos(X)  Cos(Y) Cos(Z) 
T    1  2 .2639309E+07   2500000E+02 -.2205E+07 -.1797E+07   .9997704 -.0169925 -.0130560
T    2  2 .2669124E+07   2500000E+02 -.1654E+07 -.1133E+07   .9994980 -.0301738  .0096550
T    3  2 .2616030E+07   2500000E+02 -.9219E+06 -.3367E+06   .9999870  .0047657  .0018362
T    4  2 .2645955E+07   2500000E+02 -.9400E+05 -.3287E+07   .9994930  .0029216 -.0317061
T    5  2 .2660145E+07   2500000E+02  .8983E+06  .1750E+07   .9995880  .0078191  .0276178
T    6  2 .2474569E+07   2500000E+02  .1275E+08 -.6419E+07   .9617125  .2590330 -.0895043
T    7  2 .2640745E+07   2500000E+02  .3458E+07  .2637E+07   .9994354  .0207317  .0264384
T    8  2 .2740693E+07   2500000E+02  .6351E+06 -.2563E+07   .9999644  .0083421  .0012485
T    9  2 .2687009E+07   2500000E+02  .3176E+06  .3517E+07   .9997592  .0018423  .0218685
T   10  2 .2736396E+07   2500000E+02 -.2194E+07 -.8208E+06   .9999149 -.0126224 -.0032881
T   11  2 .2733262E+07   2500000E+02 -.2045E+07  .2116E+07   .9997196 -.0160599  .0174008
T   12  2 .2552156E+07   2500000E+02  .1991E+07 -.3580E+07   .9997775  .0182246 -.0106260
T   13  2 .2675643E+07   2500000E+02 -.6329E+06  .3050E+06   .9998898 -.0117214  .0091155
T   14  2 .2651873E+07   2500000E+02 -.2586E+07 -.1220E+07   .9998047 -.0186908  .0064266
T   15  2 .2664466E+07   2500000E+02 -.4925E+07  .5751E+06   .9994057 -.0336994  .0072549
T   16  2 .2604016E+07   2500000E+02 -.2825E+06 -.1822E+06   .9992804  .0368541  .0089669
T   17  2 .2649543E+07   2500000E+02 -.2815E+07 -.4535E+03   .9996258 -.0193461  .0193404
T   18  2 .2642047E+07   2500000E+02  .2764E+06 -.3554E+06   .9999549  .0057440 -.0075689
T   19  2 .2625931E+07   2500000E+02 -.3260E+06  .3858E+06   .9998396 -.0057062  .0169762
T   20  2 .2580574E+07   2500000E+02  .1166E+05  .1093E+07   .9994537  .0177801  .0278592
T   21  2 .2649238E+07   2500000E+02 -.6856E+06  .1190E+07   .9999833  .0038125 -.0043365
T   22  2 .2646513E+07   2500000E+02  .2903E+07  .3122E+07   .9997871  .0186324  .0088700
T   23  2 .2699421E+07   2500000E+02 -.5704E+06 -.8529E+06   .9998318  .0015625 -.0182757
T   24  2 .2675882E+07   2500000E+02  .1392E+07  .3259E+06   .9997960  .0201084  .0019176
T   25  2 .2623079E+07   2500000E+02 -.2620E+07 -.2530E+07   .9990350 -.0430925 -.0084944
T   26  2 .2630761E+07   2500000E+02  .3346E+07 -.2452E+07   .9869188  .1392840 -.0811865
T   27  2 .2632810E+07   2500000E+02  .9127E+06  .1475E+07   .9999883  .0020122  .0043929
T   28  2 .2622620E+07   2500000E+02  .5010E+07 -.1462E+07   .9991060  .0421132  .0036861
T   29  2 .2622492E+07   2500000E+02  .1629E+07 -.6738E+06   .9996857  .0046291  .0246400
T   30  2 .2602520E+07   2500000E+02  .1059E+06 -.5339E+06   .9999045  .0007841  .0138008
T   31  2 .2610513E+07   2500000E+02 -.6903E+06 -.1722E+06   .9989398 -.0460356 -.0002232
T   32  2 .2639307E+07   2500000E+02  .1065E+07  .4109E+07   .9995468  .0105044  .0282099
T   33  2 .2656427E+07   2500000E+02  .3786E+07  .1892E+06   .9997349  .0207294  .0100201
T   34  2 .2702745E+07   2500000E+02  .3902E+07  .1263E+07   .9996596  .0256039  .0050138
T   35  2 .2691745E+07   2500000E+02  .4473E+06 -.2707E+07   .9993170 -.0008082 -.0369431
T   36  2 .2599710E+07   2500000E+02 -.2041E+07 -.2069E+06   .9995641 -.0280912 -.0090831
T   37  2 .2657378E+07   2500000E+02 -.1098E+07  .1404E+07   .9998123 -.0189215 -.0041610
T   38  2 .2632209E+07   2500000E+02  .2462E+07  .4114E+07   .9995331  .0112091  .0284250
T   39  2 .2715958E+07   2500000E+02 -.2816E+07 -.4402E+05   .9993738 -.0353025  .0024098
T   40  2 .2650268E+07   2500000E+02  .1200E+07 -.4426E+06   .9998322  .0024003 -.0181634
T   41  2 .2599524E+07   2500000E+02  .2167E+07  .2334E+07   .9999091  .0030575  .0131318
T   42  2 .2680788E+07   2500000E+02  .6516E+06 -.6213E+06   .9998970  .0101079  .0101885
T   43  2 .2603077E+07   2500000E+02  .1075E+07  .1625E+07   .9997881  .0138313  .0152488
T   44  2 .2693873E+07   2500000E+02  .2657E+07  .2001E+06   .9999905  .0018933 -.0039269
T   45  2 .2669215E+07   2500000E+02 -.1197E+07 -.3293E+06   .9998752  .0002821 -.0157973
T   46  2 .2728592E+07   2500000E+02  .7690E+06  .5670E+06   .9996259  .0051190  .0268675
T   47  2 .2652962E+07   2500000E+02 -.4852E+07 -.1825E+07   .9993494 -.0046273 -.0357681
T   48  2 .2663824E+07   2500000E+02  .3954E+06 -.1731E+06   .9999673 -.0024940 -.0076871
T   49  2 .2702886E+07   2500000E+02  .2998E+07  .2936E+07   .9998964  .0067351  .0127204
T   50  2 .2576792E+07   2500000E+02  .2158E+07  .1911E+07   .9997256  .0112768  .0205341
T   51  2 .2700857E+07   2500000E+02  .2375E+07 -.2350E+06   .9999586  .0052984 -.0073964
T   52  2 .2660271E+07   2500000E+02  .2757E+06  .2821E+07   .9997735  .0015664  .0212231
T   53  2 .2625901E+07   2500000E+02  .1070E+07  .5762E+06   .9999373  .0111131  .0014072
T   54  2 .2647629E+07   2500000E+02 -.8015E+06 -.3110E+07   .9998130 -.0059864 -.0183900
T   55  2 .2609249E+07   2500000E+02  .1045E+07 -.5650E+07   .9980019 -.0524682 -.0352030
T   56  2 .2634265E+07   2500000E+02  .3260E+06 -.2404E+07   .9999998  .0005369  .0002450
T   57  2 .2629497E+07   2500000E+02  .2200E+07  .9016E+05   .9988111  .0487332 -.0012212
T   58  2 .2646141E+07   2500000E+02  .3849E+06  .1635E+07   .9998336 -.0036984  .0178626
T   59  2 .2627412E+07   2500000E+02  .2321E+06 -.1184E+07   .9999945  .0029917  .0014478
T   60  2 .2667294E+07   2500000E+02 -.1867E+07 -.2018E+07   .9997889 -.0169368 -.0116323
T   61  2 .2645075E+07   2500000E+02 -.3877E+07  .6375E+07   .9986162 -.0231067  .0472422
T   62  2 .2668459E+07   2500000E+02  .5355E+06 -.1705E+07   .9999607  .0057064 -.0067879
T   63  2 .2647003E+07   2500000E+02 -.1714E+07  .9819E+06   .9999402 -.0090187 -.0061900
T   64  2 .2657893E+07   2500000E+02 -.1485E+07  .9067E+06   .9999433 -.0079592 -.0070810
T   65  2 .2643544E+07   2500000E+02 -.9937E+06  .3627E+07   .9998272  .0074756  .0170193
T   66  2 .2560842E+07   2500000E+02 -.1728E+08 -.1620E+08   .9904232 -.1138898 -.0780451
T   67  2 .2583121E+07   2500000E+02 -.1535E+07  .1324E+07   .9999712 -.0058630 -.0048113
T   68  2 .2663098E+07   2500000E+02  .8556E+06 -.6628E+07   .9983639  .0117414 -.0559614
T   69  2 .2685685E+07   2500000E+02  .1638E+07 -.6913E+06   .9975604  .0688765  .0113675
T   70  2 .2675695E+07   2500000E+02 -.2445E+06  .1861E+07   .9997509 -.0073351  .0210777
T   71  2 .2648393E+07   2500000E+02 -.3290E+07 -.2619E+07   .9963642 -.0726718 -.0444649
T   72  2 .2625457E+07   2500000E+02  .1116E+07  .1517E+07   .9997816  .0105006  .0180703
T   73  2 .2635133E+07   2500000E+02 -.3357E+07  .4077E+07   .9987637 -.0352350  .0350645
T   74  2 .2565588E+07   2500000E+02  .7015E+06 -.9119E+06   .9999442  .0094331 -.0047526
T   75  2 .2674359E+07   2500000E+02  .8791E+06 -.8981E+06   .9999723  .0036484 -.0064817
T   76  2 .2669164E+07   2500000E+02  .1391E+07  .5184E+06   .9999948 -.0030758  .0009424
T   77  2 .2569271E+07   2500000E+02  .2849E+07 -.5609E+07   .9993430  .0240646 -.0270995
T   78  2 .2659690E+07   2500000E+02  .2207E+07 -.1270E+07   .9996593  .0237067 -.0109189
T   79  2 .2659550E+07   2500000E+02  .6059E+07  .4044E+07   .9900451  .0628422  .1259423
T   80  2 .2624992E+07   2500000E+02  .8862E+06 -.1472E+07   .9998673  .0061402 -.0150894
T   81  2 .2645496E+07   2500000E+02  .2998E+07  .4020E+07   .9999273  .0090575  .0079556
T   82  2 .2638527E+07   2500000E+02 -.3031E+07 -.8511E+06   .9994264 -.0336572  .0037512
T   83  2 .2687461E+07   2500000E+02  .8335E+06  .4427E+06   .9999981  .0001309  .0019435
T   84  2 .2601992E+07   2500000E+02 -.1310E+07 -.1404E+07   .9999809 -.0061445  .0006815
T   85  2 .2681401E+07   2500000E+02 -.2900E+07  .1761E+06   .9999022 -.0056173 -.0128046
T   86  2 .2666894E+07   2500000E+02  .1184E+07  .2477E+07   .9997833  .0118786  .0170933
T   87  2 .2701483E+07   2500000E+02  .4737E+07 -.3449E+05   .9992689  .0379177 -.0048858
T   88  2 .2696914E+07   2500000E+02  .8336E+05  .8773E+06   .9998823  .0118701 -.0097173
T   89  2 .2649239E+07   2500000E+02  .2931E+07  .5882E+07   .9988937  .0283965  .0374823
T   90  2 .2647094E+07   2500000E+02  .2358E+07  .7635E+06   .9998675  .0027423  .0160464
T   91  2 .2662511E+07   2500000E+02  .4362E+07 -.6125E+07   .9994845  .0051676 -.0316852
T   92  2 .2668225E+07   2500000E+02  .1392E+07 -.3799E+07   .9998753  .0152962 -.0039359
T   93  2 .2648961E+07   2500000E+02  .2032E+07 -.1670E+07   .9999532  .0012230 -.0095961
T   94  2 .2673324E+07   2500000E+02 -.2880E+07 -.1504E+07   .9999380  .0011199 -.0110762
T   95  2 .2610669E+07   2500000E+02  .5747E+06 -.2763E+07   .9997525  .0098933 -.0199255
T   96  2 .2644937E+07   2500000E+02 -.1515E+07  .1514E+06   .9999763 -.0067518  .0013280
T   97  2 .2695983E+07   2500000E+02  .3357E+07  .5477E+06   .9995907  .0259545  .0120320
T   98  2 .2728786E+07   2500000E+02 -.7473E+06  .1888E+07   .9996921 -.0066146  .0239163
T   99  2 .2649235E+07   2500000E+02 -.1415E+07 -.2292E+07   .9988770 -.0184596 -.0436352
T  100  2 .2656560E+07   2500000E+02 -.2180E+07  .6550E+06   .9996823 -.0177964  .0178501
T  101  2 .2645285E+07   2500000E+02 -.1182E+07 -.2198E+07   .9998056 -.0081168 -.0179683
T  102  2 .2590127E+07   2500000E+02 -.1606E+07 -.1269E+07   .9999087  .0014409 -.0134376
T  103  2 .2666810E+07   2500000E+02  .7654E+06 -.8777E+05   .9999682  .0000232  .0079782
T  104  2 .2657133E+07   2500000E+02 -.2438E+07 -.1827E+07   .9998777  .0113268 -.0107795
T  105  2 .2682664E+07   2500000E+02  .5889E+06 -.8867E+07   .9991625 -.0014160 -.0408925
T  106  2 .2646755E+07   2500000E+02 -.3605E+07 -.5941E+06   .9994972 -.0262684 -.0177544
T  107  2 .2600670E+07   2500000E+02  .7234E+06  .1279E+07   .9999947  .0007567  .0031779
T  108  2 .2694112E+07   2500000E+02  .1022E+07 -.1081E+07   .9999639 -.0048391 -.0069883
T  109  2 .2659013E+07   2500000E+02  .1200E+07  .1305E+06   .9999643 -.0005943  .0084271
T  110  2 .2686850E+07   2500000E+02 -.2427E+07 -.2738E+07   .9995663 -.0014022 -.0294139
T  111  2 .2644790E+07   2500000E+02  .6354E+06 -.2136E+06   .9999507  .0026348 -.0095700
T  112  2 .2751402E+07   2500000E+02  .4398E+07 -.2744E+07   .9946333  .0857623 -.0578742
T  113  2 .2646003E+07   2500000E+02 -.5785E+06  .3560E+07   .9996123 -.0170942  .0219794
T  114  2 .2611222E+07   2500000E+02 -.5558E+06  .2369E+07   .9992294  .0095054  .0380835
T  115  2 .2579488E+07   2500000E+02  .8515E+05 -.1989E+07   .9999202  .0049369 -.0116313
T  116  2 .2638899E+07   2500000E+02 -.1604E+07 -.1577E+06   .9999566 -.0058999 -.0072087
T  117  2 .2607191E+07   2500000E+02  .2645E+06  .1062E+06   .9999278  .0014740 -.0119265
T  118  2 .2762211E+07   2500000E+02 -.1680E+06 -.1412E+07   .9998684  .0074802 -.0143928
T  119  2 .2665179E+07   2500000E+02  .3508E+07  .1309E+07   .9996474  .0265530  .0001142
T  120  2 .2646863E+07   2500000E+02  .3769E+06 -.8617E+06   .9999140 -.0110863 -.0070013
T  121  2 .2660708E+07   2500000E+02 -.2287E+06  .1753E+07   .9999978 -.0015045  .0014736
T  122  2 .2675088E+07   2500000E+02 -.1263E+07 -.4351E+07   .9994469 -.0097932 -.0317816
T  123  2 .2675835E+07   2500000E+02  .2160E+06 -.7768E+06   .9998798 -.0017502 -.0154031
T  124  2 .2691020E+07   2500000E+02 -.3188E+07  .2205E+07   .9996747 -.0080210  .0242095
T  125  2 .2688567E+07   2500000E+02  .1422E+07 -.1045E+07   .9998028 -.0073948 -.0184290
T  126  2 .2658533E+07   2500000E+02 -.8227E+06  .2573E+07   .9997345 -.0002130  .0230412
T  127  2 .2551000E+07   2500000E+02 -.6554E+07  .2245E+06   .9994708 -.0322990 -.0038505
T  128  2 .2614894E+07   2500000E+02 -.1408E+07  .1254E+07   .9997698 -.0046010  .0209558
T  129  2 .2683232E+07   2500000E+02 -.2926E+07 -.4949E+07   .9997824 -.0116112 -.0173289
T  130  2 .2638673E+07   2500000E+02 -.2231E+07  .2126E+06   .9999232 -.0100858  .0072034
T  131  2 .2643429E+07   2500000E+02  .1852E+06  .2740E+07   .9996257 -.0129391  .0241059
T  132  2 .2687633E+07   2500000E+02 -.6585E+05 -.1131E+07   .9999419  .0032684 -.0102752
T  133  2 .2699035E+07   2500000E+02 -.1104E+06 -.1588E+07   .9996310 -.0007639 -.0271518
T  134  2 .2700309E+07   2500000E+02  .4219E+07  .4993E+06   .9992361  .0355650 -.0161984
T  135  2 .2635848E+07   2500000E+02  .2046E+07  .3448E+07   .9999159  .0053322  .0118187
T  136  2 .2596077E+07   2500000E+02  .1297E+08 -.3957E+06   .9985197  .0543911 -.0003228
T  137  2 .2633061E+07   2500000E+02 -.8241E+06 -.2186E+06   .9999827  .0030512 -.0050242
T  138  2 .2624970E+07   2500000E+02  .5135E+06  .1832E+07   .9987491  .0376998 -.0328468
T  139  2 .2626359E+07   2500000E+02  .2046E+07  .2594E+07   .9998522  .0148008  .0087510
T  140  2 .2592707E+07   2500000E+02 -.7770E+06 -.3995E+07   .9992633 -.0007293 -.0383696
T  141  2 .2652662E+07   2500000E+02  .2694E+07  .7118E+06   .9998745  .0115768  .0108178
T  142  2 .2705079E+07   2500000E+02 -.5632E+06 -.2876E+06   .9998445 -.0148410 -.0095243
T  143  2 .2716136E+07   2500000E+02 -.5407E+06  .1321E+07   .9999442  .0029234  .0101510
T  144  2 .2688348E+07   2500000E+02  .4818E+05  .1264E+07   .9996380  .0262454  .0059133
T  145  2 .2650099E+07   2500000E+02 -.6748E+06 -.7863E+06   .9999722 -.0039227 -.0063438
T  146  2 .2588301E+07   2500000E+02 -.1278E+07  .5567E+07   .9987135  .0071367  .0502030
T  147  2 .2593038E+07   2500000E+02  .3626E+07 -.2858E+07   .9996716  .0140242 -.0214475
T  148  2 .2625971E+07   2500000E+02 -.4983E+07 -.3683E+07   .9992277 -.0352923 -.0172744
T  149  2 .2625498E+07   2500000E+02  .2707E+07  .2260E+07   .9996446  .0146731  .0222576
T  150  2 .2715585E+07   2500000E+02  .1531E+07  .2196E+07   .9989560  .0341039  .0303950
T  151  2 .2656876E+07   2500000E+02  .4265E+07 -.9461E+06   .9995689  .0277374 -.0096275
T  152  2 .2601223E+07   2500000E+02  .1445E+07 -.1543E+07   .9999883  .0014680 -.0046046
T  153  2 .2613639E+07   2500000E+02  .2308E+07  .3986E+06   .9996351  .0227809  .0145142
T  154  2 .2617419E+07   2500000E+02  .1880E+07  .3003E+07   .9988171  .0253883  .0414710
T  155  2 .2623146E+07   2500000E+02  .8607E+06 -.3751E+07   .9994638  .0161139 -.0285019
T  156  2 .2622566E+07   2500000E+02 -.1299E+07  .2779E+06   .9995726  .0041071 -.0289425
T  157  2 .2672189E+07   2500000E+02  .1224E+07  .1039E+07   .9998311  .0180351 -.0035317
T  158  2 .2615123E+07   2500000E+02  .6872E+06  .1785E+07   .9999240  .0103601  .0066816
T  159  2 .2736654E+07   2500000E+02 -.2374E+06  .3887E+06   .9998864 -.0122689 -.0087542
T  160  2 .2667278E+07   2500000E+02 -.1502E+07  .1479E+07   .9999487 -.0087921  .0050273
T  161  2 .2624028E+07   2500000E+02 -.2246E+06 -.4471E+06   .9999065 -.0121641  .0062458
T  162  2 .2621765E+07   2500000E+02 -.1687E+07 -.6469E+06   .9998193  .0190081 -.0002317
T  163  2 .2659036E+07   2500000E+02 -.5533E+07  .3074E+07   .9991891 -.0352155  .0195188
T  164  2 .2636191E+07   2500000E+02  .7824E+07 -.6166E+07   .9985519  .0409459 -.0348933
T  165  2 .2677879E+07   2500000E+02 -.3195E+07  .1022E+07   .9996730 -.0187601  .0173741
T  166  2 .2589529E+07   2500000E+02 -.2000E+07  .4246E+06   .9996553 -.0259315  .0041027
T  167  2 .2555246E+07   2500000E+02 -.1486E+07  .5942E+07   .9993542  .0140898  .0330546
T  168  2 .2731660E+07   2500000E+02  .1833E+07 -.5780E+05   .9998032  .0193033 -.0045836
T  169  2 .2619358E+07   2500000E+02  .4051E+07 -.2784E+07   .9990353  .0419425 -.0130120
T  170  2 .2584976E+07   2500000E+02 -.2424E+07  .1539E+07   .9998449 -.0173809  .0028544
T  171  2 .2549087E+07   2500000E+02  .4435E+07  .1362E+07   .9990574  .0400876  .0166515
T  172  2 .2681316E+07   2500000E+02 -.9506E+06  .1440E+07   .9999837  .0015052  .0055050
T  173  2 .2683637E+07   2500000E+02 -.3403E+07 -.1538E+07   .9995561 -.0281694 -.0096997
T  174  2 .2612414E+07   2500000E+02 -.2143E+07 -.1415E+07   .9999664  .0001808 -.0081950
T  175  2 .2627646E+07   2500000E+02  .2498E+06  .1222E+07   .9999193  .0080268  .0098511
T  176  2 .2744001E+07   2500000E+02 -.2620E+06  .2552E+07   .9999479  .0073043  .0071240
T  177  2 .2593516E+07   2500000E+02  .1032E+06  .1875E+07   .9999015  .0061382  .0126224
T  178  2 .2702867E+07   2500000E+02  .1969E+06 -.3126E+07   .9997210  .0028130 -.0234523
T  179  2 .2650637E+07   2500000E+02 -.2494E+07 -.2156E+07   .9995773 -.0242253 -.0160704
T  180  2 .2643119E+07   2500000E+02  .6130E+06 -.3304E+07   .9996975  .0080187 -.0232502
T  181  2 .2661686E+07   2500000E+02  .1254E+06 -.8310E+06   .9999827 -.0057434 -.0012709
T  182  2 .2636296E+07   2500000E+02  .2870E+06  .1152E+07   .9997866  .0094735  .0183574
T  183  2 .2671778E+07   2500000E+02  .9499E+06 -.4018E+07   .9996451  .0024004 -.0265298
T  184  2 .2663746E+07   2500000E+02 -.6751E+07 -.1054E+07   .9988129 -.0469215 -.0130810
T  185  2 .2661801E+07   2500000E+02 -.7063E+06 -.5130E+07   .9996770  .0096129 -.0235262
T  186  2 .2714930E+07   2500000E+02 -.4495E+06 -.1632E+07   .9994150 -.0180769 -.0290309
T  187  2 .2657025E+07   2500000E+02 -.7702E+07  .6132E+07   .9987686 -.0438291  .0232460
T  188  2 .2611341E+07   2500000E+02  .4208E+07 -.2050E+07   .9993971  .0257410 -.0233003
T  189  2 .2677488E+07   2500000E+02 -.3890E+07 -.4391E+07   .9988331 -.0190307 -.0443877
T  190  2 .2633044E+07   2500000E+02  .9963E+06 -.1068E+06   .9998839  .0077163 -.0131425
T  191  2 .2736420E+07   2500000E+02 -.6725E+06  .9059E+06   .9997750 -.0208679  .0037951
T  192  2 .2630523E+07   2500000E+02  .5414E+06  .3643E+07   .9993536  .0068061  .0352989
T  193  2 .2693916E+07   2500000E+02  .5418E+06 -.1343E+07   .9998042  .0001513 -.0197892
T  194  2 .2626550E+07   2500000E+02 -.6216E+07  .8340E+06   .9975931 -.0668512  .0184091
T  195  2 .2648937E+07   2500000E+02  .1204E+07  .8528E+05   .9997919  .0179218  .0097478
T  196  2 .2681991E+07   2500000E+02 -.1586E+07 -.9401E+06   .9998173 -.0112124 -.0154798
T  197  2 .2709553E+07   2500000E+02  .1279E+07 -.2506E+07   .9993998  .0118286 -.0325606
T  198  2 .2641712E+07   2500000E+02 -.2651E+07  .9266E+05   .9999337 -.0097266 -.0061639
T  199  2 .2664946E+07   2500000E+02  .1324E+07 -.8650E+06   .9999631  .0085512  .0008336
T  200  2 .2618599E+07   2500000E+02 -.3354E+07 -.1114E+07   .9994990 -.0314256  .0037529
T  201  2 .2595977E+07   2500000E+02 -.8480E+05 -.3206E+07   .9999647  .0029432  .0078700
T  202  2 .2603012E+07   2500000E+02  .4160E+06 -.7751E+06   .9995026  .0082208 -.0304475
T  203  2 .2675610E+07   2500000E+02  .2500E+07  .1121E+07   .9994346  .0280197  .0185828
T  204  2 .2614479E+07   2500000E+02  .7038E+04  .1606E+07   .9999339  .0046316  .0105209
T  205  2 .2645427E+07   2500000E+02 -.1508E+07 -.2390E+07   .9995134 -.0008860 -.0311808
T  206  2 .2649722E+07   2500000E+02 -.1952E+06  .9377E+06   .9998407 -.0164985  .0068057
T  207  2 .2628730E+07   2500000E+02  .7237E+07  .2801E+07   .9995477  .0143867  .0264100
T  208  2 .2693362E+07   2500000E+02  .4992E+06 -.1859E+07   .9999090  .0076205 -.0111286
T  209  2 .2693808E+07   2500000E+02  .1820E+07  .1878E+07   .9995264  .0305167  .0039510
T  210  2 .2602442E+07   2500000E+02  .3654E+07  .1503E+07   .9995049  .0312446 -.0037160
T  211  2 .2692591E+07   2500000E+02  .9104E+07 -.6460E+07   .9974843  .0524804 -.0476536
T  212  2 .2557219E+07   2500000E+02 -.2091E+07  .2359E+07   .9998046 -.0037522  .0194100
T  213  2 .2631540E+07   2500000E+02  .2520E+07 -.2567E+08   .9936537 -.0164421 -.1112745
T  214  2 .2633729E+07   2500000E+02  .1542E+07 -.6159E+06   .9998992  .0020478 -.0140489
T  215  2 .2607092E+07   2500000E+02 -.1772E+07  .3259E+06   .9996804 -.0171334 -.0185888
T  216  2 .2687411E+07   2500000E+02  .5285E+07 -.1106E+07   .9996524  .0256140  .0062474
T  217  2 .2567287E+07   2500000E+02 -.6732E+07 -.6141E+06   .9982205 -.0574422 -.0160044
T  218  2 .2701832E+07   2500000E+02  .2812E+07 -.2818E+07   .9991605  .0263459 -.0313712
T  219  2 .2663650E+07   2500000E+02  .9310E+07  .2095E+07   .9912526  .1300416  .0225264
T  220  2 .2739099E+07   2500000E+02 -.3290E+07 -.1860E+07   .9999631 -.0080670 -.0029552
T  221  2 .2638341E+07   2500000E+02 -.4779E+07  .7032E+07   .9987861 -.0293343  .0395697
T  222  2 .2700705E+07   2500000E+02 -.1481E+07 -.2475E+07   .9992350 -.0386252 -.0061222
T  223  2 .2651564E+07   2500000E+02  .1295E+07  .3000E+07   .9998542  .0020149  .0169590
T  224  2 .2627903E+07   2500000E+02  .4327E+06 -.7190E+07   .9994623 -.0041116 -.0325297
T  225  2 .2639793E+07   2500000E+02  .3335E+07 -.1993E+07   .9991630  .0328593 -.0243628
T  226  2 .2730337E+07   2500000E+02  .9490E+06 -.1493E+06   .9999398  .0066787  .0087038
T  227  2 .2614602E+07   2500000E+02 -.3499E+07  .1542E+07   .9997838 -.0152971  .0140869
T  228  2 .2640551E+07   2500000E+02 -.1667E+07 -.1183E+07   .9999929 -.0024145 -.0028900
T  229  2 .2636242E+07   2500000E+02  .3798E+06  .2105E+07   .9996117 -.0048475  .0274407
T  230  2 .2744666E+07   2500000E+02 -.1566E+06 -.3076E+06   .9998823  .0152118 -.0020131
T  231  2 .2638961E+07   2500000E+02  .6373E+06 -.1682E+07   .9998438  .0141992 -.0105221
T  232  2 .2640793E+07   2500000E+02 -.2678E+07  .1900E+07   .9999769  .0067917  .0000627
T  233  2 .2640829E+07   2500000E+02  .1587E+07 -.3116E+06   .9998668  .0159788  .0033237
T  234  2 .2629183E+07   2500000E+02 -.4097E+07 -.9319E+06   .9995566 -.0277685 -.0107435
T  235  2 .2638791E+07   2500000E+02  .3013E+07  .3808E+07   .9990499  .0210932  .0381363
T  236  2 .2656380E+07   2500000E+02 -.1802E+07 -.1065E+07   .9999530 -.0049139 -.0083523
T  237  2 .2765117E+07   2500000E+02 -.1573E+07  .3524E+06   .9997546 -.0220864 -.0017146
T  238  2 .2717967E+07   2500000E+02  .1341E+07  .1763E+06   .9977008  .0439519  .0515888
T  239  2 .2667549E+07   2500000E+02 -.3107E+07 -.8507E+06   .9997731 -.0196935 -.0081214
T  240  2 .2645326E+07   2500000E+02  .1564E+07 -.2146E+07   .9994974  .0245342 -.0200774
T  241  2 .2613979E+07   2500000E+02 -.2411E+06 -.4937E+05   .9999649 -.0083794  .0001531
T  242  2 .2612056E+07   2500000E+02  .1880E+07 -.1533E+07   .9998336 -.0028076 -.0180239
T  243  2 .2656771E+07   2500000E+02 -.2188E+06  .2299E+07   .9997015  .0020679  .0243453
T  244  2 .2669609E+07   2500000E+02  .7366E+07  .3613E+06   .9980131  .0616373  .0130621
T  245  2 .2626386E+07   2500000E+02 -.4035E+07  .1651E+07   .9995994 -.0267444  .0092645
T  246  2 .2686649E+07   2500000E+02  .1881E+07  .2550E+06   .9999832  .0033905 -.0047120
T  247  2 .2609313E+07   2500000E+02 -.4101E+06 -.9599E+06   .9999382  .0039080 -.0104035
T  248  2 .2647798E+07   2500000E+02  .5054E+07 -.6294E+07   .9985501  .0273498 -.0463653
T  249  2 .2675395E+07   2500000E+02  .7519E+07  .3657E+07   .9973124  .0672647  .0290412
T  250  2 .2620176E+07   2500000E+02 -.2854E+07 -.1259E+06   .9998690 -.0131455  .0094422
T  251  2 .2705352E+07   2500000E+02 -.4579E+07  .2992E+07   .9998525 -.0121557  .0121303
T  252  2 .2612139E+07   2500000E+02  .1990E+07  .1379E+07   .9992464  .0365619  .0130345
T  253  2 .2654727E+07   2500000E+02  .3066E+07  .5652E+06   .9999653  .0081614 -.0016518
T  254  2 .2641453E+07   2500000E+02 -.4315E+07  .5370E+06   .9993931 -.0179842  .0298320
T  255  2 .2604376E+07   2500000E+02  .4409E+06 -.2244E+07   .9996384  .0033624 -.0266795
T  256  2 .2646726E+07   2500000E+02 -.3777E+06  .1322E+06   .9998407  .0022519  .0177042
T  257  2 .2702479E+07   2500000E+02  .1461E+07  .1309E+05   .9999208  .0109912 -.0061336
T  258  2 .2635884E+07   2500000E+02 -.2265E+07 -.5053E+07   .9982310 -.0166262 -.0570832
T  259  2 .2591836E+07   2500000E+02  .3285E+07  .2264E+07   .9989837  .0443678  .0079379
T  260  2 .2613241E+07   2500000E+02  .6771E+06  .1061E+07   .9996199  .0225736  .0158263
T  261  2 .2641637E+07   2500000E+02  .1412E+08 -.7734E+06   .9975799  .0690164 -.0084323
T  262  2 .2645674E+07   2500000E+02 -.8730E+07 -.1125E+07   .9976948 -.0678605  .0001629
T  263  2 .2660598E+07   2500000E+02  .3730E+05 -.3854E+06   .9996153 -.0218978 -.0170228
T  264  2 .2603674E+07   2500000E+02 -.4589E+07  .6270E+06   .9995158 -.0299499  .0084352
T  265  2 .2636277E+07   2500000E+02  .1183E+07 -.6563E+06   .9998225  .0182734  .0045796
T  266  2 .2608321E+07   2500000E+02  .2751E+07  .3019E+07   .9991271  .0267662  .0320712
T  267  2 .2596252E+07   2500000E+02 -.1554E+07 -.2866E+07   .9997811 -.0201004 -.0058073
T  268  2 .2660736E+07   2500000E+02  .3168E+06  .6411E+06   .9999919  .0028111 -.0028632
T  269  2 .2606407E+07   2500000E+02  .3897E+07 -.2517E+07   .9992959  .0315577 -.0202949
T  270  2 .2630519E+07   2500000E+02  .1284E+07 -.2007E+07   .9993291  .0214533 -.0296820
T  271  2 .2569124E+07   2500000E+02 -.3597E+07 -.4207E+07   .9987309 -.0463548 -.0196941
T  272  2 .2557215E+07   2500000E+02  .5870E+05  .3846E+06   .9996794  .0169265  .0188323
T  273  2 .2590563E+07   2500000E+02 -.2722E+07  .9363E+06   .9991175 -.0270667  .0321174
T  274  2 .2649843E+07   2500000E+02  .4475E+07 -.5903E+07   .9993150  .0350060 -.0120030
T  275  2 .2680627E+07   2500000E+02  .9175E+06  .1465E+07   .9999438  .0035459  .0099946
T  276  2 .2658149E+07   2500000E+02  .1451E+07  .9373E+06   .9992049  .0231033  .0324933
T  277  2 .2621274E+07   2500000E+02 -.2544E+07 -.1563E+05   .9999761 -.0064538  .0024783
T  278  2 .2644117E+07   2500000E+02 -.1439E+08  .5946E+07   .9897629 -.1277753  .0635830
T  279  2 .2610248E+07   2500000E+02  .1331E+06  .5945E+06   .9999738  .0005338  .0072166
T  280  2 .2611261E+07   2500000E+02 -.9688E+06  .2200E+07   .9993094 -.0213607  .0304030
T  281  2 .2732288E+07   2500000E+02 -.1894E+07 -.1906E+07   .9995602 -.0199319 -.0219585
T  282  2 .2631243E+07   2500000E+02  .9464E+06 -.7584E+06   .9999232  .0121448  .0024821
T  283  2 .2651980E+07   2500000E+02  .1438E+06  .4525E+07   .9994743  .0106803  .0306129
T  284  2 .2640231E+07   2500000E+02 -.1737E+07  .9018E+06   .9999747  .0043766  .0055996
T  285  2 .2583338E+07   2500000E+02 -.2344E+07  .1615E+06   .9998792  .0093255 -.0124351
T  286  2 .2631751E+07   2500000E+02 -.5129E+06  .1544E+07   .9999139 -.0116734  .0059949
T  287  2 .2661191E+07   2500000E+02 -.2164E+07 -.2023E+07   .9995328 -.0055289 -.0300613
T  288  2 .2702567E+07   2500000E+02  .1555E+07 -.8343E+04   .9996765  .0227356 -.0114045
T  289  2 .2612721E+07   2500000E+02  .5415E+06 -.1118E+07   .9997628  .0019451 -.0216937
T  290  2 .2770916E+07   2500000E+02 -.1738E+07  .8153E+06   .9997643  .0208126  .0061825
T  291  2 .2668991E+07   2500000E+02  .4305E+07  .1129E+07   .9960703  .0879843  .0101342
T  292  2 .2721300E+07   2500000E+02  .6120E+06  .7838E+04   .9999747 -.0028876  .0064942
T  293  2 .2650473E+07   2500000E+02  .1367E+07  .8641E+06   .9999283  .0119593  .0005227
T  294  2 .2699376E+07   2500000E+02 -.2389E+07  .2182E+07   .9998915 -.0135702  .0057328
T  295  2 .2624860E+07   2500000E+02  .1455E+07  .9241E+06   .9999699  .0077211 -.0008167
T  296  2 .2612826E+07   2500000E+02 -.5109E+07 -.7714E+06   .9997391 -.0227368  .0021864
T  297  2 .2615151E+07   2500000E+02  .3392E+07 -.1565E+07   .9994917  .0290161 -.0132062
T  298  2 .2647637E+07   2500000E+02  .1233E+07  .1610E+07   .9996876  .0168603  .0184505
T  299  2 .2672701E+07   2500000E+02 -.1080E+07  .1313E+07   .9998945 -.0039782  .0139689
T  300  2 .2614237E+07   2500000E+02 -.5045E+06 -.3889E+07   .9998220 -.0115772 -.0148953
T  301  2 .2637602E+07   2500000E+02 -.2572E+06  .3975E+07   .9992485  .0213191  .0323731
T  302  2 .2618041E+07   2500000E+02  .6126E+06  .1782E+07   .9973310  .0704999  .0189887
T  303  2 .2683422E+07   2500000E+02  .1284E+07 -.1240E+07   .9997828  .0133655 -.0159908
T  304  2 .2648408E+07   2500000E+02 -.4524E+06  .4129E+05   .9998412 -.0095070 -.0150761
T  305  2 .2617110E+07   2500000E+02  .2754E+07  .2365E+07   .9995082  .0282330  .0136470
T  306  2 .2596318E+07   2500000E+02 -.1278E+07  .4511E+07   .9997090  .0032111  .0239078
T  307  2 .2609177E+07   2500000E+02  .2455E+07 -.1944E+07   .9998880  .0121997 -.0086745
T  308  2 .2663392E+07   2500000E+02  .7782E+06  .1422E+07   .9998684  .0079882  .0141203
T  309  2 .2635061E+07   2500000E+02  .1161E+07  .1398E+07   .9998457  .0092809 -.0149117
T  310  2 .2709348E+07   2500000E+02 -.1175E+06  .2187E+07   .9997888 -.0168146  .0118137
T  311  2 .2602016E+07   2500000E+02 -.6289E+07 -.2146E+08   .9953707 -.0448543 -.0850015
T  312  2 .2691614E+07   2500000E+02  .3767E+06  .8289E+06   .9999395  .0086285 -.0068270
T  313  2 .2669224E+07   2500000E+02 -.4366E+07  .2952E+07   .9992426 -.0162163  .0353733
T  314  2 .2645676E+07   2500000E+02  .5116E+07 -.3953E+07   .9952914  .0776078 -.0580690
T  315  2 .2654898E+07   2500000E+02 -.2012E+07  .2177E+07   .9996183 -.0247009  .0123707
T  316  2 .2635929E+07   2500000E+02 -.3172E+05  .2450E+07   .9996117 -.0042119  .0275458
T  317  2 .2672596E+07   2500000E+02  .4233E+07  .3069E+07   .9993539  .0166136  .0318706
T  318  2 .2633718E+07   2500000E+02 -.3443E+05  .1825E+07   .9994947  .0046035  .0314496
T  319  2 .2690841E+07   2500000E+02  .3617E+06  .4108E+06   .9997544 -.0150439 -.0162724
T  320  2 .2620064E+07   2500000E+02  .1708E+07  .3261E+07   .9990810  .0388814  .0180369
T  321  2 .2608454E+07   2500000E+02 -.4074E+06  .4334E+06   .9999424  .0070038  .0081379
T  322  2 .2578456E+07   2500000E+02 -.9563E+05  .8157E+06   .9995205 -.0000990  .0309652
T  323  2 .2655889E+07   2500000E+02  .5450E+07  .9865E+07   .9979563  .0256821  .0585127
T  324  2 .2620586E+07   2500000E+02 -.1097E+07 -.6710E+06   .9998713  .0134194 -.0087921
T  325  2 .2678205E+07   2500000E+02  .1873E+07 -.1967E+07   .9999719  .0073866  .0013157
T  326  2 .2576917E+07   2500000E+02  .3011E+07  .7371E+06   .9994338  .0297338  .0157448
T  327  2 .2693561E+07   2500000E+02  .2768E+06  .2840E+06   .9997466  .0030014  .0223117
T  328  2 .2625043E+07   2500000E+02 -.2776E+07  .1025E+07   .9998160 -.0164673  .0098417
T  329  2 .2648270E+07   2500000E+02  .1133E+07  .2513E+05   .9998880  .0120071 -.0089369
T  330  2 .2687336E+07   2500000E+02 -.1040E+06 -.3044E+06   .9997920  .0088780 -.0183593
T  331  2 .2648876E+07   2500000E+02  .2224E+07  .1862E+06   .9991229  .0418490 -.0014185
T  332  2 .2595193E+07   2500000E+02 -.3023E+06 -.1478E+06   .9997547 -.0090496 -.0202133
T  333  2 .2726803E+07   2500000E+02 -.1467E+06 -.7127E+06   .9999169 -.0049246  .0119111
T  334  2 .2630713E+07   2500000E+02  .2007E+07  .7275E+07   .9986510  .0104018  .0508718
T  335  2 .2670328E+07   2500000E+02  .3475E+06  .1275E+07   .9999915  .0040112  .0009799
T  336  2 .2683636E+07   2500000E+02 -.7933E+05  .1405E+07   .9998614 -.0043624  .0160664
T  337  2 .2640255E+07   2500000E+02 -.1283E+06  .8017E+06   .9999821 -.0000525  .0059787
T  338  2 .2644644E+07   2500000E+02 -.1231E+07  .9798E+07   .9985799  .0184850  .0499649
T  339  2 .2709249E+07   2500000E+02 -.4480E+06 -.2637E+07   .9996550 -.0180566 -.0190764
T  340  2 .2644250E+07   2500000E+02 -.9738E+05 -.8400E+06   .9998553  .0117090 -.0123389
T  341  2 .2628956E+07   2500000E+02 -.3228E+07  .1360E+07   .9992035 -.0396380  .0046132
T  342  2 .2612714E+07   2500000E+02 -.9945E+06  .3033E+06   .9997322 -.0154531  .0172276
T  343  2 .2655511E+07   2500000E+02 -.3861E+07 -.3116E+07   .9989611 -.0374115 -.0260213
T  344  2 .2500227E+07   2500000E+02  .6163E+07 -.1026E+08   .9930755  .0735024 -.0916433
T  345  2 .2620395E+07   2500000E+02  .1768E+07 -.4735E+07   .9990396  .0156937 -.0409083
T  346  2 .2650691E+07   2500000E+02  .1455E+07 -.1046E+07   .9999374  .0102434 -.0045107
T  347  2 .2578221E+07   2500000E+02  .5474E+06 -.2930E+07   .9996566 -.0005435 -.0261985
T  348  2 .2583951E+07   2500000E+02  .1487E+07  .2006E+07   .9996681  .0127159  .0224035
T  349  2 .2632025E+07   2500000E+02  .2616E+07 -.4310E+07   .9992227  .0149239 -.0364861
T  350  2 .2675417E+07   2500000E+02 -.1882E+07 -.6679E+06   .9998661  .0019054 -.0162556
T  351  2 .2681554E+07   2500000E+02  .5277E+04  .3062E+06   .9999682  .0032880  .0072592
T  352  2 .2689486E+07   2500000E+02  .6278E+06  .1689E+07   .9999948  .0010693  .0030467
T  353  2 .2606906E+07   2500000E+02  .7772E+06 -.5494E+06   .9998682  .0014780  .0161693
T  354  2 .2662241E+07   2500000E+02  .1554E+06 -.2215E+07   .9999292  .0029100 -.0115409
T  355  2 .2760254E+07   2500000E+02 -.1429E+07 -.2392E+07   .9996194 -.0062351 -.0268740
T  356  2 .2670542E+07   2500000E+02 -.3853E+07 -.4331E+07   .9994810 -.0181552 -.0266092
T  357  2 .2637222E+07   2500000E+02 -.1607E+06 -.1217E+07   .9998687  .0069168 -.0146542
T  358  2 .2678193E+07   2500000E+02  .2821E+07 -.2966E+07   .9995595  .0254820 -.0152128
T  359  2 .2662500E+07   2500000E+02  .1090E+07 -.1960E+07   .9999505  .0097199 -.0021329
T  360  2 .2637231E+07   2500000E+02  .2928E+07 -.1263E+07   .9995078  .0194163 -.0246426
T  361  2 .2704104E+07   2500000E+02 -.2973E+06 -.4862E+06   .9998384 -.0173376 -.0047442
T  362  2 .2626985E+07   2500000E+02 -.1650E+07 -.6856E+06   .9990377 -.0249425 -.0360773
T  363  2 .2776985E+07   2500000E+02  .8120E+06 -.2613E+07   .9997286  .0108398 -.0206211
T  364  2 .2627594E+07   2500000E+02 -.1152E+07  .2752E+07   .9995609 -.0022730  .0295431
T  365  2 .2678647E+07   2500000E+02 -.3676E+06  .1911E+07   .9981269 -.0564501 -.0235815
T  366  2 .2704004E+07   2500000E+02  .4322E+06 -.1186E+07   .9997776  .0172345 -.0121512
T  367  2 .2634295E+07   2500000E+02 -.3114E+07  .2701E+07   .9995912 -.0078500  .0274933
T  368  2 .2647430E+07   2500000E+02  .1199E+07  .9907E+06   .9999950 -.0002093 -.0031694
T  369  2 .2637742E+07   2500000E+02  .5058E+07  .1076E+07   .9991039  .0405297 -.0121931
T  370  2 .2626724E+07   2500000E+02 -.4458E+07  .2535E+07   .9993482 -.0347088  .0099206
T  371  2 .2641659E+07   2500000E+02 -.5922E+06  .1333E+07   .9999331  .0018008  .0114223
T  372  2 .2647358E+07   2500000E+02  .2881E+07 -.2882E+06   .9992030  .0381428 -.0117688
T  373  2 .2598891E+07   2500000E+02 -.3815E+06 -.4887E+07   .9994007 -.0338247 -.0073569
T  374  2 .2672091E+07   2500000E+02  .5848E+06 -.1124E+07   .9999545 -.0025273  .0091977
T  375  2 .2621354E+07   2500000E+02  .4517E+06 -.3461E+06   .9999494  .0043120  .0090939
T  376  2 .2588448E+07   2500000E+02 -.1726E+07 -.1347E+07   .9993624 -.0297517 -.0197396
T  377  2 .2734289E+07   2500000E+02  .5737E+07  .1043E+08   .9988790  .0282751  .0379644
T  378  2 .2692106E+07   2500000E+02  .1364E+07 -.2098E+07   .9994498  .0253250 -.0214180
T  379  2 .2676007E+07   2500000E+02  .1939E+07 -.1393E+07   .9995932  .0278296 -.0062369
T  380  2 .2614938E+07   2500000E+02  .3660E+07 -.2057E+07   .9997203  .0184833 -.0147566
T  381  2 .2553334E+07   2500000E+02  .2367E+07  .6693E+06   .9995036  .0254428  .0185824
T  382  2 .2638581E+07   2500000E+02 -.5597E+06  .1761E+07   .9999889 -.0035288  .0031367
T  383  2 .2780198E+07   2500000E+02 -.4264E+07  .1776E+07   .9995343 -.0302767  .0038111
T  384  2 .2625185E+07   2500000E+02  .1119E+07 -.1519E+08   .9947146  .0170103 -.1012600
T  385  2 .2696316E+07   2500000E+02 -.7185E+07  .3091E+07   .9993885 -.0349493  .0011271
T  386  2 .2638283E+07   2500000E+02  .1135E+07 -.2846E+07   .9999252  .0069952 -.0100348
T  387  2 .2592904E+07   2500000E+02 -.2992E+07  .1002E+07   .9997017 -.0188315  .0155558
T  388  2 .2641754E+07   2500000E+02  .2791E+05 -.1975E+07   .9996413  .0103659 -.0246925
T  389  2 .2651012E+07   2500000E+02  .1500E+05  .1484E+07   .9999333 -.0020675  .0113670
T  390  2 .2615877E+07   2500000E+02 -.6245E+06 -.5372E+07   .9989303 -.0159954 -.0433858
T  391  2 .2637760E+07   2500000E+02 -.2532E+06 -.1158E+07   .9996747 -.0180776 -.0179940
T  392  2 .2590641E+07   2500000E+02 -.3448E+07  .4641E+07   .9994280 -.0336324  .0035310
T  393  2 .2639882E+07   2500000E+02  .4210E+06  .9107E+06   .9999533 -.0040187  .0087857
T  394  2 .2695005E+07   2500000E+02 -.1559E+07  .2844E+07   .9999393 -.0054828  .0095588
T  395  2 .2624746E+07   2500000E+02 -.1932E+07 -.2485E+07   .9998895 -.0125129 -.0080241
T  396  2 .2669845E+07   2500000E+02 -.1216E+06  .6407E+07   .9995576  .0044436  .0294090
T  397  2 .2634966E+07   2500000E+02  .3244E+07 -.3164E+07   .9997796  .0159007 -.0137083
T  398  2 .2647075E+07   2500000E+02  .9533E+06 -.1227E+07   .9999027  .0026940 -.0136839
T  399  2 .2674740E+07   2500000E+02  .4221E+07  .1318E+06   .9994075  .0321789 -.0122124
T  400  2 .2707962E+07   2500000E+02 -.2081E+07  .2081E+06   .9916195 -.0528171  .1179029
T  401  2 .2720305E+07   2500000E+02  .2195E+07  .2118E+06   .9993965  .0318189 -.0139379
T  402  2 .2678983E+07   2500000E+02  .9651E+06  .1333E+07   .9998955  .0125946  .0070959
T  403  2 .2648243E+07   2500000E+02 -.2473E+07 -.4750E+06   .9995343 -.0253085 -.0170463
T  404  2 .2642644E+07   2500000E+02  .1931E+07  .2049E+07   .9997469  .0100380  .0201316
T  405  2 .2630254E+07   2500000E+02 -.2685E+07  .2964E+07   .9995639 -.0237579  .0175360
T  406  2 .2656587E+07   2500000E+02  .2178E+07 -.1565E+07   .9998875  .0149723  .0009493
T  407  2 .2736299E+07   2500000E+02  .9145E+06  .3448E+07   .9997238  .0131519  .0194786
T  408  2 .2654128E+07   2500000E+02 -.1828E+07  .1162E+07   .9998513 -.0125205  .0118616
T  409  2 .2647742E+07   2500000E+02  .1854E+07  .1658E+07   .9999172  .0119501  .0047736
T  410  2 .2606019E+07   2500000E+02 -.5307E+05  .3963E+07   .9995705  .0059052  .0287034
T  411  2 .2692347E+07   2500000E+02 -.4197E+07  .1053E+06   .9972654 -.0703277  .0227091
T  412  2 .2626279E+07   2500000E+02  .9687E+05 -.3847E+07   .9998678  .0074213 -.0144679
T  413  2 .2697112E+07   2500000E+02 -.1755E+07 -.2378E+07   .9997827  .0117218 -.0172364
T  414  2 .2645521E+07   2500000E+02 -.1083E+07 -.2175E+07   .9986626 -.0047683 -.0514804
T  415  2 .2679177E+07   2500000E+02 -.1491E+07 -.2668E+07   .9974135 -.0331158 -.0637946
T  416  2 .2618108E+07   2500000E+02 -.2386E+06 -.1982E+07   .9998840  .0150789  .0021556
T  417  2 .2619877E+07   2500000E+02 -.3045E+06  .2411E+07   .9998967 -.0071417  .0124713
T  418  2 .2645503E+07   2500000E+02 -.7508E+06  .4125E+07   .9989356 -.0112974  .0447225
T  419  2 .2717114E+07   2500000E+02  .1582E+07 -.5030E+07   .9993518 -.0058269 -.0355244
T  420  2 .2638694E+07   2500000E+02  .1779E+07  .4186E+06   .9999972  .0012825  .0019853
T  421  2 .2616093E+07   2500000E+02  .2103E+07  .2106E+06   .9996065  .0267983 -.0082916
T  422  2 .2647785E+07   2500000E+02 -.2188E+07  .3291E+07   .9992112  .0019012  .0396657
T  423  2 .2678311E+07   2500000E+02 -.1221E+07 -.2404E+07   .9996489 -.0247803  .0093774
T  424  2 .2708878E+07   2500000E+02  .7692E+06 -.1582E+07   .9994778  .0190394 -.0261064
T  425  2 .2643731E+07   2500000E+02  .1546E+07  .4613E+06   .9999492  .0095537 -.0032210
T  426  2 .2605558E+07   2500000E+02  .1809E+07 -.3188E+07   .9998612  .0066078 -.0152947
T  427  2 .2678368E+07   2500000E+02 -.6885E+06 -.7366E+06   .9998771 -.0047161  .0149541
T  428  2 .2620347E+07   2500000E+02 -.1891E+07 -.9463E+06   .9998787 -.0152393  .0032202
T  429  2 .2655112E+07   2500000E+02 -.1249E+07  .1199E+07   .9998551 -.0161822  .0052878
T  430  2 .2661029E+07   2500000E+02  .6520E+07  .2097E+06   .9984509  .0555262  .0035697
T  431  2 .2600675E+07   2500000E+02 -.9230E+07 -.2025E+07   .9980173 -.0628257  .0038079
T  432  2 .2611127E+07   2500000E+02 -.3600E+07  .1226E+07   .9995757 -.0290443  .0022233
T  433  2 .2632890E+07   2500000E+02 -.1440E+07  .2032E+07   .9997893 -.0112646  .0171587
T  434  2 .2639211E+07   2500000E+02 -.1452E+07 -.3187E+06   .9998172 -.0096642 -.0164958
T  435  2 .2737945E+07   2500000E+02 -.5830E+06 -.1007E+07   .9998951  .0013105 -.0144268
T  436  2 .2600049E+07   2500000E+02 -.4128E+06  .3917E+06   .9998670 -.0147338 -.0069969
T  437  2 .2588552E+07   2500000E+02 -.3359E+07 -.1398E+07   .9997913 -.0153535 -.0134791
T  438  2 .2625020E+07   2500000E+02  .1471E+07 -.2805E+06   .9995977  .0229817  .0166195
T  439  2 .2644924E+07   2500000E+02 -.1414E+07 -.3503E+06   .9999240 -.0106985  .0061230
T  440  2 .2605818E+07   2500000E+02 -.4175E+07 -.2209E+07   .9978102 -.0576413 -.0324396
T  441  2 .2665937E+07   2500000E+02 -.5479E+06  .4617E+06   .9999775 -.0038912 -.0054631
T  442  2 .2662434E+07   2500000E+02 -.2343E+07 -.1851E+07   .9987996 -.0137078 -.0470256
T  443  2 .2663869E+07   2500000E+02  .5467E+07 -.1916E+07   .9991419  .0407656  .0073298
T  444  2 .2679377E+07   2500000E+02 -.1047E+07 -.6386E+06   .9999130 -.0097912 -.0088435
T  445  2 .2665662E+07   2500000E+02 -.2305E+07 -.8704E+06   .9995049 -.0314586 -.0005104
T  446  2 .2623265E+07   2500000E+02  .3448E+07  .3986E+07   .9998214  .0095442  .0163147
T  447  2 .2657620E+07   2500000E+02  .1132E+07 -.1303E+07   .9999239  .0120313 -.0027337
T  448  2 .2647981E+07   2500000E+02 -.1121E+07  .2487E+07   .9999555 -.0080256 -.0049527
T  449  2 .2705375E+07   2500000E+02 -.1067E+07 -.1625E+07   .9998999 -.0139731 -.0022117
T  450  2 .2630868E+07   2500000E+02  .4252E+06 -.2673E+07   .9997295  .0021984 -.0231518
T  451  2 .2662066E+07   2500000E+02  .3063E+07  .1339E+07   .9995979  .0279113 -.0050038
T  452  2 .2643102E+07   2500000E+02  .2427E+06  .9181E+06   .9999725  .0033536 -.0066207
T  453  2 .2621916E+07   2500000E+02 -.1058E+07 -.2689E+07   .9995044 -.0033483 -.0313016
T  454  2 .2688458E+07   2500000E+02  .3827E+06  .1531E+07   .9996369  .0223362 -.0150740
T  455  2 .2552357E+07   2500000E+02 -.3817E+07 -.4316E+07   .9993552 -.0122554 -.0337494
T  456  2 .2634881E+07   2500000E+02 -.7653E+06 -.2504E+07   .9998656 -.0069210 -.0148615
T  457  2 .2629215E+07   2500000E+02 -.1896E+07 -.2087E+06   .9998447 -.0172937  .0033950
T  458  2 .2730477E+07   2500000E+02 -.7992E+06 -.2323E+07   .9999770 -.0031207 -.0060216
T  459  2 .2596494E+07   2500000E+02  .3176E+07 -.2550E+06   .9999238  .0111540  .0052926
T  460  2 .2640251E+07   2500000E+02  .1502E+07  .9695E+06   .9998638  .0067066  .0150803
T  461  2 .2612508E+07   2500000E+02 -.3845E+07 -.1119E+07   .9997071 -.0231230  .0071426
T  462  2 .2640173E+07   2500000E+02  .1289E+06  .1645E+07   .9997813  .0063777  .0199189
T  463  2 .2582145E+07   2500000E+02 -.1626E+08 -.1272E+07   .9952901 -.0966058 -.0080599
T  464  2 .2622136E+07   2500000E+02  .1862E+07 -.2945E+06   .9996550  .0261366 -.0026037
T  465  2 .2627273E+07   2500000E+02  .1266E+07  .2227E+06   .9999343  .0114226  .0009624
T  466  2 .2728104E+07   2500000E+02  .2929E+06 -.1262E+06   .9999759  .0069202 -.0006013
T  467  2 .2699284E+07   2500000E+02 -.5222E+06  .1244E+07   .9996835  .0237030  .0084277
T  468  2 .2642204E+07   2500000E+02  .3411E+04 -.1077E+07   .9999561 -.0082864 -.0043854
T  469  2 .2558501E+07   2500000E+02 -.1387E+07 -.7521E+06   .9997989 -.0143064  .0140557
T  470  2 .2630748E+07   2500000E+02 -.6961E+06  .4140E+06   .9999831 -.0056307 -.0014747
T  471  2 .2670000E+07   2500000E+02  .2969E+07 -.5823E+06   .9998458  .0125141  .0123222
T  472  2 .2641961E+07   2500000E+02  .4051E+07 -.5945E+06   .9997720  .0200189 -.0074232
T  473  2 .2628170E+07   2500000E+02  .1218E+07 -.2109E+06   .9997823  .0203260 -.0047189
T  474  2 .2590365E+07   2500000E+02  .7833E+06 -.1970E+06   .9997441  .0111085  .0197065
T  475  2 .2601344E+07   2500000E+02  .1735E+07  .4889E+06   .9992718  .0374250 -.0074294
T  476  2 .2673188E+07   2500000E+02 -.9738E+06  .2154E+07   .9998119 -.0176482  .0080497
T  477  2 .2594298E+07   2500000E+02  .3078E+07 -.2068E+07   .9996639  .0227716 -.0123948
T  478  2 .2569251E+07   2500000E+02 -.1367E+07 -.1721E+07   .9998635  .0157614 -.0049508
T  479  2 .2583810E+07   2500000E+02  .4032E+06 -.4768E+07   .9996981  .0016922 -.0245127
T  480  2 .2654825E+07   2500000E+02 -.1322E+07  .2993E+06   .9998580 -.0168226  .0009905
T  481  2 .2642409E+07   2500000E+02 -.4506E+07  .9944E+06   .9999251 -.0112844  .0047391
T  482  2 .2659165E+07   2500000E+02 -.7758E+06  .2437E+07   .9999915  .0029382 -.0028985
T  483  2 .2639039E+07   2500000E+02 -.2859E+07  .3386E+07   .9996505 -.0159727  .0210635
T  484  2 .2670049E+07   2500000E+02 -.1306E+07 -.2654E+07   .9996984 -.0075678 -.0233631
T  485  2 .2650097E+07   2500000E+02  .1760E+07  .4473E+06   .9999089  .0103181 -.0087061
T  486  2 .2725169E+07   2500000E+02 -.2934E+07 -.1948E+07   .9996654 -.0211321 -.0149180
T  487  2 .2605414E+07   2500000E+02 -.4110E+06 -.3895E+06   .9999615 -.0025571 -.0083916
T  488  2 .2674698E+07   2500000E+02  .1673E+07  .2459E+07   .9996772  .0208746  .0144845
T  489  2 .2623387E+07   2500000E+02 -.1165E+07 -.1209E+07   .9996776 -.0123358 -.0221907
T  490  2 .2560726E+07   2500000E+02 -.2406E+07  .5168E+07   .9996902 -.0088185  .0232753
T  491  2 .2605199E+07   2500000E+02  .2177E+07 -.2529E+07   .9999126  .0129976 -.0024039
T  492  2 .2617583E+07   2500000E+02  .1417E+07 -.7659E+06   .9999382  .0075851 -.0081336
T  493  2 .2647726E+07   2500000E+02  .2583E+06 -.2287E+07   .9996850 -.0011116 -.0250738
T  494  2 .2580646E+07   2500000E+02  .3199E+06 -.3018E+06   .9982733 -.0164567  .0563886
T  495  2 .2672113E+07   2500000E+02 -.1989E+07  .8593E+06   .9997311 -.0020514 -.0230966
T  496  2 .2644072E+07   2500000E+02  .1647E+07 -.2101E+07   .9999942 -.0033640  .0004530
T  497  2 .2688726E+07   2500000E+02 -.2136E+07  .2029E+07   .9998441 -.0062500  .0165111
T  498  2 .2629828E+07   2500000E+02  .8198E+06 -.1643E+07   .9996986  .0064926 -.0236755
T  499  2 .2638066E+07   2500000E+02  .2304E+07  .4433E+06   .9996734  .0251124 -.0047336
T  500  2 .2700390E+07   2500000E+02  .1036E+07 -.2434E+07   .9993402  .0130882 -.0338796
T  501  2 .2662078E+07   2500000E+02  .1988E+07 -.4027E+07   .9996458  .0004683 -.0266100
T  502  2 .2703694E+07   2500000E+02 -.1132E+07  .2259E+07   .9998562 -.0080498  .0149232
T  503  2 .2746476E+07   2500000E+02  .1171E+07 -.1190E+07   .9996651  .0124777  .0226723
T  504  2 .2613157E+07   2500000E+02 -.1278E+06 -.1373E+06   .9999594  .0058943  .0068181
T  505  2 .2627144E+07   2500000E+02 -.3205E+06  .1562E+07   .9996876 -.0162288  .0190062
T  506  2 .2726902E+07   2500000E+02  .1344E+06 -.1742E+07   .9992173  .0094885 -.0384018
T  507  2 .2634653E+07   2500000E+02  .3119E+07  .7901E+05   .9999540 -.0006822 -.0095658
T  508  2 .2680457E+07   2500000E+02 -.6180E+06  .7234E+06   .9998561 -.0026857  .0167485
T  509  2 .2660059E+07   2500000E+02 -.1994E+07 -.4629E+06   .9990739 -.0307023 -.0301443
T  510  2 .2641911E+07   2500000E+02 -.1943E+07 -.3767E+05   .9996177 -.0252275  .0113153
T  511  2 .2626566E+07   2500000E+02  .5338E+07  .1417E+07   .9998226  .0159665  .0099907
T  512  2 .2748068E+07   2500000E+02 -.1955E+07  .1606E+07   .9995959 -.0134254  .0250551
T  513  2 .2584737E+07   2500000E+02 -.1043E+07  .1441E+07   .9997197 -.0235407  .0025074
T  514  2 .2664703E+07   2500000E+02 -.2463E+07 -.2018E+07   .9993503 -.0246282 -.0263126
T  515  2 .2619401E+07   2500000E+02  .3934E+05 -.2261E+07   .9997844 -.0014483 -.0207141
T  516  2 .2636672E+07   2500000E+02 -.4026E+06 -.1647E+07   .9998762  .0014753 -.0156644
T  517  2 .2676802E+07   2500000E+02  .2975E+06  .2950E+07   .9995828  .0096656  .0272187
T  518  2 .2572424E+07   2500000E+02 -.6851E+07  .4520E+07   .9675683 -.1916259  .1645937
T  519  2 .2722597E+07   2500000E+02  .4189E+06 -.3543E+07   .9998607  .0166796 -.0006843
T  520  2 .2688674E+07   2500000E+02  .8922E+06 -.6122E+07   .9982878  .0230305 -.0537685
T  521  2 .2723853E+07   2500000E+02  .1886E+07 -.7687E+06   .9983913  .0538501  .0177471
T  522  2 .2653695E+07   2500000E+02  .8724E+06 -.9043E+06   .9999694  .0002144 -.0078222
T  523  2 .2790614E+07   2500000E+02 -.2097E+07 -.1641E+06   .9997890 -.0193065 -.0070146
T  524  2 .2681972E+07   2500000E+02 -.1369E+08  .7446E+07   .9893457 -.1337697  .0574525
T  525  2 .2583628E+07   2500000E+02  .1189E+07  .2672E+07   .9999497  .0035081  .0093942
T  526  2 .2563701E+07   2500000E+02  .4218E+06  .2863E+07   .9999443  .0046324  .0094876
T  527  2 .2608110E+07   2500000E+02  .6679E+07  .1461E+07   .9902018  .1384439  .0182659
T  528  2 .2687252E+07   2500000E+02  .6732E+06  .1567E+06   .9999531  .0086033  .0044558
T  529  2 .2631754E+07   2500000E+02 -.8079E+05 -.2295E+07   .9997344  .0019656 -.0229621
T  530  2 .2642490E+07   2500000E+02  .1648E+07 -.4502E+07   .9991070  .0108421 -.0408372
T  531  2 .2647414E+07   2500000E+02  .3740E+07  .2129E+05   .9994429  .0313179  .0115338
T  532  2 .2724469E+07   2500000E+02 -.6785E+06 -.6167E+06   .9998941 -.0004206  .0145502
T  533  2 .2673998E+07   2500000E+02 -.1042E+07 -.6547E+06   .9999018 -.0080798 -.0114520
T  534  2 .2613748E+07   2500000E+02  .1756E+07 -.8117E+06   .9999834 -.0002389  .0057515
T  535  2 .2631274E+07   2500000E+02 -.7522E+06 -.1231E+07   .9999774 -.0041414  .0053008
T  536  2 .2685397E+07   2500000E+02 -.3258E+07  .2107E+07   .9991734 -.0360243  .0188336
T  537  2 .2645634E+07   2500000E+02  .1891E+07  .6336E+07   .9998124  .0025170  .0192026
T  538  2 .2694172E+07   2500000E+02  .2304E+07 -.1991E+07   .9995721  .0285083 -.0065422
T  539  2 .2620465E+07   2500000E+02  .2311E+07 -.1063E+07   .9997379  .0198587 -.0113933
T  540  2 .2583609E+07   2500000E+02 -.1399E+07 -.9184E+07   .9977941 -.0129296 -.0651130
T  541  2 .2601703E+07   2500000E+02  .1555E+07 -.2265E+07   .9993085  .0034535 -.0370205
T  542  2 .2626188E+07   2500000E+02 -.4363E+06  .1918E+07   .9999759  .0032747  .0061279
T  543  2 .2647453E+07   2500000E+02 -.3121E+07 -.2349E+07   .9997747 -.0106319 -.0183701
T  544  2 .2659067E+07   2500000E+02  .2538E+06  .2159E+06   .9999956  .0016029  .0024932
T  545  2 .2623532E+07   2500000E+02  .3652E+07 -.4680E+06   .9999988  .0014913  .0003743
T  546  2 .2694907E+07   2500000E+02  .3495E+05  .9850E+06   .9999036  .0099124  .0097265
T  547  2 .2666261E+07   2500000E+02  .6444E+06  .1016E+07   .9997368  .0101705  .0205633
T  548  2 .2674978E+07   2500000E+02 -.7224E+06  .2599E+07   .9990481 -.0357260  .0250328
T  549  2 .2646548E+07   2500000E+02  .4055E+07 -.3934E+07   .9994365  .0295410 -.0159401
T  550  2 .2575575E+07   2500000E+02  .2412E+06 -.7033E+05   .9999129 -.0102966  .0082561
T  551  2 .2631035E+07   2500000E+02  .2053E+05  .2198E+07   .9998488  .0110287  .0134408
T  552  2 .2654160E+07   2500000E+02 -.9018E+05  .1454E+07   .9995009 -.0163463 -.0270335
T  553  2 .2624417E+07   2500000E+02 -.1979E+06 -.2545E+06   .9999502 -.0008618  .0099418
T  554  2 .2606046E+07   2500000E+02  .1641E+07  .1784E+07   .9994592  .0308772 -.0113136
T  555  2 .2669106E+07   2500000E+02  .2496E+06 -.5327E+06   .9999381  .0075679 -.0081565
T  556  2 .2684037E+07   2500000E+02 -.2738E+07  .3428E+07   .9985973 -.0393419  .0354338
T  557  2 .2592286E+07   2500000E+02  .2619E+07  .7680E+06   .9999105  .0133762 -.0002959
T  558  2 .2668986E+07   2500000E+02 -.5528E+06 -.2189E+07   .9990684  .0302352 -.0307933
T  559  2 .2658265E+07   2500000E+02  .3889E+07 -.2615E+07   .9993436  .0352455 -.0083785
T  560  2 .2772767E+07   2500000E+02  .3259E+07 -.9853E+05   .9996665  .0258057  .0009525
T  561  2 .2683660E+07   2500000E+02 -.2740E+07 -.1121E+07   .9998098 -.0092771 -.0171576
T  562  2 .2676251E+07   2500000E+02  .2361E+07 -.3822E+06   .9996120  .0252529 -.0117552
T  563  2 .2625037E+07   2500000E+02  .2380E+07 -.4992E+07   .9993381  .0290509 -.0218932
T  564  2 .2686473E+07   2500000E+02  .2549E+07  .1558E+07   .9999712 -.0065558  .0038269
T  565  2 .2726126E+07   2500000E+02  .5009E+07  .2717E+07   .9993030  .0305997  .0213826
T  566  2 .2588095E+07   2500000E+02  .5852E+06 -.3385E+07   .9993688 -.0000287 -.0355244
T  567  2 .2654707E+07   2500000E+02  .4776E+07 -.1939E+07   .9996468  .0265564  .0009709
T  568  2 .2561913E+07   2500000E+02  .4644E+06  .8536E+06   .9999786 -.0029096  .0058526
T  569  2 .2668071E+07   2500000E+02  .1322E+07  .2279E+07   .9998584 -.0133341  .0102674
T  570  2 .2670616E+07   2500000E+02  .1063E+07  .5621E+06   .9996707  .0210522  .0146730
T  571  2 .2613650E+07   2500000E+02  .1192E+07  .2159E+07   .9994820  .0268041  .0178142
T  572  2 .2654254E+07   2500000E+02 -.1806E+07 -.1088E+07   .9999997 -.0001088 -.0007996
T  573  2 .2645119E+07   2500000E+02 -.2428E+07  .3438E+07   .9993995 -.0035126  .0344707
T  574  2 .2612875E+07   2500000E+02 -.5056E+06 -.1899E+07   .9991955 -.0209941 -.0341689
T  575  2 .2642573E+07   2500000E+02  .2322E+07  .6696E+07   .9992015  .0118968  .0381409
T  576  2 .2586895E+07   2500000E+02  .3955E+06 -.6265E+06   .9999847  .0019156 -.0051943
T  577  2 .2650679E+07   2500000E+02  .2776E+07  .1284E+07   .9998027  .0159159  .0118815
T  578  2 .2587026E+07   2500000E+02 -.2490E+07  .3020E+07   .9999693 -.0038111  .0068458
T  579  2 .2740193E+07   2500000E+02 -.1923E+07  .2335E+07   .9986821 -.0493190  .0142012
T  580  2 .2631864E+07   2500000E+02 -.1029E+07 -.3861E+07   .9994067 -.0039259 -.0342177
T  581  2 .2645359E+07   2500000E+02  .3589E+07  .1944E+07   .9992873  .0319232  .0201453
T  582  2 .2673694E+07   2500000E+02 -.5842E+07  .3359E+07   .9997831 -.0155704  .0138342
T  583  2 .2606716E+07   2500000E+02 -.3254E+06  .4575E+05   .9999360 -.0031886 -.0108512
T  584  2 .2674035E+07   2500000E+02 -.4468E+06 -.1176E+07   .9994336 -.0121175 -.0313947
T  585  2 .2596903E+07   2500000E+02  .2988E+07 -.1137E+07   .9997570  .0118790 -.0185707
T  586  2 .2694581E+07   2500000E+02  .3645E+06 -.3954E+06   .9998886  .0124411  .0082484
T  587  2 .2647406E+07   2500000E+02 -.2877E+07  .5868E+06   .9998336 -.0181782  .0015431
T  588  2 .2685522E+07   2500000E+02 -.6306E+07  .1727E+07   .9988068 -.0456989  .0172235
T  589  2 .2634880E+07   2500000E+02  .5586E+06  .2310E+07   .9997880 -.0039175  .0202133
T  590  2 .2685633E+07   2500000E+02  .8621E+07  .6120E+07   .9985890  .0463464  .0259226
T  591  2 .2640624E+07   2500000E+02  .9268E+06 -.1907E+07   .9999599  .0080036 -.0040155
T  592  2 .2661076E+07   2500000E+02 -.6697E+06  .1945E+07   .9999531 -.0040876  .0087789
T  593  2 .2667360E+07   2500000E+02 -.5489E+05  .2483E+07   .9995016 -.0137368  .0284238
T  594  2 .2719951E+07   2500000E+02  .1732E+07  .2429E+07   .9994456  .0152891  .0295752
T  595  2 .2707218E+07   2500000E+02 -.2021E+07 -.3573E+07   .9997033 -.0142248 -.0197752
T  596  2 .2671936E+07   2500000E+02 -.1469E+07  .1131E+07   .9996075 -.0117856  .0254136
T  597  2 .2649171E+07   2500000E+02 -.3183E+07 -.1789E+07   .9998917 -.0146999  .0007302
T  598  2 .2662802E+07   2500000E+02  .4635E+06  .2098E+07   .9999542 -.0085689  .0042570
T  599  2 .2697560E+07   2500000E+02 -.1997E+07 -.7931E+06   .9999719 -.0072038 -.0020826
T  600  2 .2661242E+07   2500000E+02  .6774E+06 -.2774E+07   .9997405  .0154685 -.0167213
T  601  2 .2632451E+07   2500000E+02  .1889E+07  .9345E+06   .9998995  .0141705 -.0003212
T  602  2 .2669216E+07   2500000E+02  .2075E+07  .4435E+06   .9999542  .0068477  .0066792
T  603  2 .2627978E+07   2500000E+02  .1684E+07 -.3768E+07   .9993992  .0067040 -.0340035
T  604  2 .2673263E+07   2500000E+02  .8161E+06  .3056E+07   .9994483  .0119771  .0309783
T  605  2 .2611825E+07   2500000E+02 -.3968E+07  .1568E+07   .9993087 -.0369369 -.0042215
T  606  2 .2672124E+07   2500000E+02  .3898E+07  .3823E+07   .9992814  .0305089  .0224908
T  607  2 .2603414E+07   2500000E+02 -.2864E+06 -.5562E+06   .9999916  .0019709 -.0035908
T  608  2 .2648278E+07   2500000E+02  .3844E+06  .1626E+07   .9999513  .0006942  .0098455
T  609  2 .2695235E+07   2500000E+02  .2853E+06 -.3690E+07   .9998194 -.0029305 -.0187768
T  610  2 .2633758E+07   2500000E+02 -.1122E+07  .1025E+07   .9999754  .0060536  .0035493
T  611  2 .2604403E+07   2500000E+02  .2251E+06  .1763E+07   .9998550  .0153277  .0074180
T  612  2 .2576763E+07   2500000E+02 -.7287E+06 -.2967E+06   .9988200  .0043614 -.0483698
T  613  2 .2635245E+07   2500000E+02 -.1267E+07  .1183E+07   .9988559 -.0478103 -.0010570
T  614  2 .2638297E+07   2500000E+02  .1058E+07  .2645E+07   .9993459  .0148896  .0329559
T  615  2 .2624399E+07   2500000E+02 -.1715E+07 -.3425E+06   .9999978 -.0020433  .0005085
T  616  2 .2683120E+07   2500000E+02  .1719E+07 -.7704E+06   .9998849 -.0063851 -.0137600
T  617  2 .2719534E+07   2500000E+02  .1455E+07 -.1339E+07   .9996394  .0223757 -.0148463
T  618  2 .2683471E+07   2500000E+02  .1748E+07  .1466E+06   .9998490  .0135891  .0108347
T  619  2 .2665364E+07   2500000E+02 -.1263E+07 -.9738E+06   .9994612 -.0215167 -.0247879
T  620  2 .2650813E+07   2500000E+02 -.2601E+07  .6329E+05   .9999576 -.0089407  .0022137
T  621  2 .2621283E+07   2500000E+02  .1664E+07  .1049E+06   .9997922  .0117879  .0166333
T  622  2 .2627726E+07   2500000E+02 -.2764E+07 -.1562E+07   .9995408 -.0270645 -.0136294
T  623  2 .2586664E+07   2500000E+02  .1477E+07  .5638E+06   .9998732  .0083536  .0135563
T  624  2 .2640426E+07   2500000E+02  .5890E+06  .1229E+07   .9994353 -.0249971  .0224565
T  625  2 .2644285E+07   2500000E+02  .2732E+07  .1932E+07   .9995789  .0236965 -.0167460
T  626  2 .2670543E+07   2500000E+02 -.2997E+06  .3833E+07   .9997031  .0169284  .0175238
T  627  2 .2706958E+07   2500000E+02 -.4385E+07  .2755E+07   .9995292 -.0254100  .0171952
T  628  2 .2683260E+07   2500000E+02  .1725E+07 -.1604E+07   .9994165  .0312800 -.0137188
T  629  2 .2679368E+07   2500000E+02  .1539E+07  .1180E+06   .9996912  .0125407 -.0214530
T  630  2 .2676453E+07   2500000E+02  .3084E+06 -.2055E+07   .9999988 -.0007797 -.0013403
T  631  2 .2624062E+07   2500000E+02  .1258E+07 -.2021E+07   .9998472 -.0033241 -.0171604
T  632  2 .2555927E+07   2500000E+02 -.1085E+06 -.1620E+07   .9999594  .0025406 -.0086399
T  633  2 .2646283E+07   2500000E+02 -.5940E+06  .1596E+07   .9998590 -.0083651  .0145573
T  634  2 .2667458E+07   2500000E+02 -.5711E+06 -.1674E+07   .9999941 -.0032158  .0012229
T  635  2 .2665099E+07   2500000E+02 -.5503E+07 -.3782E+07   .9990802 -.0233556 -.0359628
T  636  2 .2604772E+07   2500000E+02 -.3924E+05  .4039E+07   .9988035  .0155754  .0463562
T  637  2 .2664558E+07   2500000E+02  .1223E+07  .1482E+06   .9998971  .0089082 -.0112433
T  638  2 .2685281E+07   2500000E+02 -.5386E+07  .6325E+07   .9992485 -.0352273  .0161707
T  639  2 .2742647E+07   2500000E+02 -.2366E+07 -.5134E+06   .9997837 -.0198400 -.0062419
T  640  2 .2645227E+07   2500000E+02  .3573E+06  .2301E+07   .9996017  .0213441  .0184614
T  641  2 .2552277E+07   2500000E+02 -.2091E+07  .2227E+07   .9999735 -.0070508  .0018137
T  642  2 .2585678E+07   2500000E+02 -.3336E+07 -.2314E+07   .9992630 -.0306887 -.0230583
T  643  2 .2574373E+07   2500000E+02  .3231E+07  .1442E+06   .9997754  .0190653 -.0092527
T  644  2 .2687460E+07   2500000E+02 -.7235E+06  .3265E+07   .9996716 -.0110211  .0231337
T  645  2 .2604784E+07   2500000E+02 -.1842E+07  .1929E+07   .9998895 -.0146635 -.0024509
T  646  2 .2647309E+07   2500000E+02  .1097E+07  .2768E+07   .9998250  .0101932  .0156838
T  647  2 .2674750E+07   2500000E+02  .6414E+07 -.2244E+07   .9985837  .0462408 -.0263114
T  648  2 .2692462E+07   2500000E+02 -.5974E+06 -.2054E+07   .9998091 -.0038136 -.0191650
T  649  2 .2573825E+07   2500000E+02  .5036E+07 -.2027E+07   .9993956  .0314834 -.0147384
T  650  2 .2686863E+07   2500000E+02  .1676E+07  .3828E+07   .9997104  .0190278  .0147335
T  651  2 .2675126E+07   2500000E+02  .1209E+07  .8702E+06   .9998767  .0123397  .0097088
T  652  2 .2658418E+07   2500000E+02 -.1115E+07  .2705E+07   .9999925  .0038726  .0002930
T  653  2 .2706386E+07   2500000E+02 -.1670E+07 -.1555E+07   .9997547 -.0159430 -.0153739
T  654  2 .2627346E+07   2500000E+02 -.4460E+07  .1863E+07   .9989121 -.0444067  .0142349
T  655  2 .2601150E+07   2500000E+02 -.2971E+07  .1157E+07   .9997282 -.0225042  .0060921
T  656  2 .2603632E+07   2500000E+02  .1403E+06 -.1115E+07   .9999692  .0057793  .0053033
T  657  2 .2661357E+07   2500000E+02  .3154E+07  .2352E+07   .9994513  .0210659  .0255613
T  658  2 .2570274E+07   2500000E+02 -.3049E+05 -.3493E+07   .9996481 -.0082599 -.0252080
T  659  2 .2649174E+07   2500000E+02  .2342E+07  .3074E+07   .9996760  .0185994  .0173768
T  660  2 .2615090E+07   2500000E+02  .1389E+07 -.6936E+06   .9999807 -.0020264 -.0058807
T  661  2 .2624593E+07   2500000E+02 -.5014E+06  .2410E+07   .9994157  .0108741  .0324045
T  662  2 .2629934E+07   2500000E+02 -.2687E+07  .5079E+06   .9998711  .0118464  .0108366
T  663  2 .2636981E+07   2500000E+02  .8942E+06  .1197E+07   .9998349  .0030704  .0179076
T  664  2 .2598203E+07   2500000E+02  .4523E+07  .1464E+07   .9996359  .0137636  .0232071
T  665  2 .2636560E+07   2500000E+02 -.1038E+08  .4319E+06   .9975449 -.0700104 -.0016478
T  666  2 .2700403E+07   2500000E+02  .1215E+07  .1075E+07   .9999203  .0045870  .0117655
T  667  2 .2668026E+07   2500000E+02 -.1431E+06 -.2318E+07   .9997342  .0098512 -.0208439
T  668  2 .2632053E+07   2500000E+02  .2030E+07 -.3331E+07   .9993740  .0227699 -.0270750
T  669  2 .2623811E+07   2500000E+02  .6840E+06 -.3778E+06   .9998213  .0168546  .0085662
T  670  2 .2609500E+07   2500000E+02 -.2998E+07 -.5990E+06   .9998907 -.0095085 -.0113206
T  671  2 .2714762E+07   2500000E+02  .2252E+07 -.2440E+07   .9995339  .0223211 -.0208263
T  672  2 .2611263E+07   2500000E+02  .2164E+07 -.2153E+06   .9998029  .0193935 -.0042461
T  673  2 .2673048E+07   2500000E+02  .8793E+05 -.1306E+06   .9999036  .0137781  .0017149
T  674  2 .2681545E+07   2500000E+02  .1254E+07 -.3386E+05   .9990116  .0150500 -.0418255
T  675  2 .2717067E+07   2500000E+02  .1501E+07 -.1423E+07   .9998402  .0083182 -.0158241
T  676  2 .2723103E+07   2500000E+02 -.3748E+07  .5153E+06   .9992955 -.0260529 -.0270144
T  677  2 .2673023E+07   2500000E+02 -.1871E+07  .3157E+07   .9989324 -.0418466  .0195696
T  678  2 .2630335E+07   2500000E+02  .2563E+07 -.1905E+07   .9987889  .0379779 -.0312794
T  679  2 .2629449E+07   2500000E+02 -.4177E+07  .8406E+06   .9994789 -.0302144  .0113571
T  680  2 .2667883E+07   2500000E+02  .1417E+06 -.8359E+05   .9999727 -.0066879 -.0031538
T  681  2 .2647230E+07   2500000E+02 -.3640E+06 -.3077E+07   .9997758  .0018001 -.0210988
T  682  2 .2708248E+07   2500000E+02  .2321E+07  .5976E+06   .9996599  .0259054 -.0030036
T  683  2 .2657273E+07   2500000E+02 -.1430E+07 -.7861E+05   .9999559 -.0004713 -.0093769
T  684  2 .2629162E+07   2500000E+02 -.2432E+07 -.1223E+07   .9998076 -.0195919 -.0009338
T  685  2 .2700744E+07   2500000E+02  .5747E+06 -.2173E+06   .9995628  .0058228 -.0289897
T  686  2 .2693619E+07   2500000E+02 -.3724E+07  .1866E+07   .9996639 -.0257622  .0029080
T  687  2 .2665044E+07   2500000E+02 -.1013E+07  .7476E+06   .9999664 -.0039286  .0071905
T  688  2 .2644330E+07   2500000E+02  .2172E+07 -.4373E+07   .9997857  .0205390 -.0026031
T  689  2 .2591881E+07   2500000E+02  .4078E+07  .2845E+07   .9996793  .0238972  .0083808
T  690  2 .2712357E+07   2500000E+02 -.1210E+06 -.1918E+07   .9999923 -.0029600 -.0025679
T  691  2 .2630029E+07   2500000E+02 -.4763E+07  .9663E+06   .9994168 -.0320196  .0118665
T  692  2 .2608614E+07   2500000E+02  .3893E+07  .1191E+07   .9990008  .0446290 -.0023802
T  693  2 .2727632E+07   2500000E+02  .1455E+07 -.2442E+06   .9999687 -.0021551 -.0076184
T  694  2 .2590775E+07   2500000E+02  .3128E+06 -.2248E+07   .9997301  .0143626 -.0182592
T  695  2 .2727126E+07   2500000E+02 -.3617E+07 -.3587E+07   .9994992 -.0224756 -.0222771
T  696  2 .2599247E+07   2500000E+02  .2225E+07 -.1521E+07   .9998840  .0151916 -.0010920
T  697  2 .2639734E+07   2500000E+02 -.3003E+06 -.5561E+07   .9968804  .0326586 -.0718529
T  698  2 .2702500E+07   2500000E+02  .1014E+07 -.1535E+07   .9998464  .0098338 -.0145084
T  699  2 .2716032E+07   2500000E+02  .2675E+07  .1138E+07   .9999233 -.0116169  .0043033
T  700  2 .2597121E+07   2500000E+02 -.3832E+07  .1227E+07   .9994378 -.0273530  .0193861
T  701  2 .2579912E+07   2500000E+02 -.2271E+07 -.1171E+06   .9999420 -.0101937  .0034732
T  702  2 .2684383E+07   2500000E+02 -.2106E+07  .8915E+06   .9999369 -.0086666 -.0071439
T  703  2 .2681028E+07   2500000E+02 -.6581E+06  .3616E+07   .9997647 -.0028005  .0215095
T  704  2 .2619195E+07   2500000E+02  .3700E+07  .3052E+07   .9996079  .0242681  .0139675
T  705  2 .2641598E+07   2500000E+02 -.1529E+06 -.8073E+06   .9998917  .0093207 -.0113859
T  706  2 .2702865E+07   2500000E+02  .1017E+07  .6748E+06   .9998524  .0110835  .0131299
T  707  2 .2687554E+07   2500000E+02  .6614E+06 -.2950E+05   .9998724  .0088997 -.0132647
T  708  2 .2617861E+07   2500000E+02 -.1569E+06 -.9051E+06   .9999944 -.0000738  .0033373
T  709  2 .2650942E+07   2500000E+02 -.1665E+07 -.3345E+07   .9993058 -.0180496 -.0325902
T  710  2 .2672750E+07   2500000E+02 -.2818E+06 -.3397E+07   .9998898  .0080765 -.0124558
T  711  2 .2639016E+07   2500000E+02 -.2669E+07 -.8105E+07   .9985205 -.0161907 -.0519106
T  712  2 .2681288E+07   2500000E+02 -.2243E+06 -.3652E+06   .9999166 -.0128403  .0014041
T  713  2 .2647442E+07   2500000E+02 -.5733E+07 -.8180E+07   .9983491 -.0233121 -.0524944
T  714  2 .2639651E+07   2500000E+02  .6031E+06 -.1256E+07   .9999312 -.0019427 -.0115699
T  715  2 .2682379E+07   2500000E+02 -.1557E+07  .2439E+06   .9999113 -.0107692 -.0078325
T  716  2 .2697156E+07   2500000E+02 -.2834E+07  .3375E+06   .9999782 -.0012697 -.0064807
T  717  2 .2582190E+07   2500000E+02 -.5934E+07  .9480E+07   .9982263 -.0425455  .0416419
T  718  2 .2714350E+07   2500000E+02 -.2274E+07  .4015E+07   .9992042 -.0102767  .0385415
T  719  2 .2625014E+07   2500000E+02 -.5081E+06  .5880E+07   .9986390  .0018546  .0521228
T  720  2 .2711764E+07   2500000E+02 -.3901E+07  .4369E+07   .9993725 -.0217644  .0279435
T  721  2 .2662106E+07   2500000E+02  .7299E+06  .4439E+06   .9999977 -.0001181 -.0021337
T  722  2 .2676187E+07   2500000E+02  .2839E+07 -.9957E+06   .9997733  .0055522 -.0205546
T  723  2 .2578824E+07   2500000E+02 -.6911E+06  .1080E+07   .9999891 -.0024880  .0039549
T  724  2 .2664421E+07   2500000E+02  .2157E+07  .7514E+06   .9995548  .0235500  .0183180
T  725  2 .2680793E+07   2500000E+02  .3017E+06  .4677E+06   .9999396  .0065952  .0087866
T  726  2 .2634814E+07   2500000E+02 -.2688E+07 -.1821E+07   .9997297 -.0229731  .0035613
T  727  2 .2549966E+07   2500000E+02 -.2146E+08 -.1080E+08   .9949721 -.0896605 -.0446269
T  728  2 .2642461E+07   2500000E+02 -.2105E+07  .5369E+07   .9989183 -.0243182  .0396341
T  729  2 .2739246E+07   2500000E+02  .6708E+06 -.2609E+07   .9998963 -.0031495 -.0140541
T  730  2 .2735167E+07   2500000E+02  .2673E+07 -.2307E+07   .9993603  .0310544 -.0177394
T  731  2 .2692971E+07   2500000E+02  .4631E+07 -.1520E+07   .9994139  .0329431 -.0093031
T  732  2 .2652869E+07   2500000E+02 -.2700E+07  .1752E+07   .9998397 -.0161971  .0076355
T  733  2 .2644453E+07   2500000E+02  .2941E+06  .9173E+06   .9997768 -.0128082 -.0168046
T  734  2 .2640911E+07   2500000E+02 -.3031E+07  .1475E+07   .9993820 -.0334086  .0109291
T  735  2 .2610053E+07   2500000E+02  .5272E+06  .5594E+06   .9988024  .0260147  .0414369
T  736  2 .2714431E+07   2500000E+02 -.1880E+07  .9945E+06   .9999226 -.0123967  .0010546
T  737  2 .2623309E+07   2500000E+02  .2913E+06 -.4203E+06   .9999927 -.0010189  .0036888
T  738  2 .2647149E+07   2500000E+02  .2371E+07 -.1521E+07   .9999113  .0128253 -.0035853
T  739  2 .2659199E+07   2500000E+02  .4721E+07  .2411E+07   .9993353  .0228655  .0283917
T  740  2 .2633700E+07   2500000E+02  .1932E+07  .3786E+06   .9998520 -.0164506 -.0050284
T  741  2 .2588593E+07   2500000E+02 -.3061E+07  .5409E+06   .9995892 -.0005526 -.0286554
T  742  2 .2624454E+07   2500000E+02 -.1366E+06  .2289E+05   .9999077 -.0090196 -.0101578
T  743  2 .2646500E+07   2500000E+02  .3739E+07  .1990E+07   .9996059  .0169009  .0224133
T  744  2 .2656311E+07   2500000E+02 -.7256E+05 -.7870E+06   .9999668  .0081171 -.0007183
T  745  2 .2705520E+07   2500000E+02  .1803E+07  .4933E+06   .9999687  .0075455  .0023959
T  746  2 .2583603E+07   2500000E+02  .7546E+06 -.4988E+05   .9999781  .0045559 -.0048090
T  747  2 .2696294E+07   2500000E+02 -.5423E+06 -.1107E+07   .9999196 -.0094333  .0084698
T  748  2 .2632416E+07   2500000E+02  .7030E+05 -.1937E+06   .9999894  .0044022 -.0013596
T  749  2 .2678171E+07   2500000E+02  .6993E+06 -.1770E+07   .9997543  .0016094 -.0221092
T  750  2 .2655098E+07   2500000E+02 -.1781E+07  .2751E+07   .9995224 -.0196463  .0238528
T  751  2 .2702884E+07   2500000E+02 -.4033E+07  .6293E+07   .9986893 -.0304177  .0411635
T  752  2 .2637246E+07   2500000E+02 -.3208E+06  .3044E+07   .9997749  .0095291  .0189539
T  753  2 .2641107E+07   2500000E+02 -.9256E+06  .3118E+07   .9997684  .0043950  .0210660
T  754  2 .2634497E+07   2500000E+02 -.8170E+06 -.4994E+06   .9999520 -.0057306 -.0079514
T  755  2 .2632938E+07   2500000E+02  .5427E+07 -.2387E+06   .9990591  .0433649 -.0007036
T  756  2 .2639438E+07   2500000E+02 -.2224E+07  .1496E+07   .9984410  .0395495  .0393875
T  757  2 .2683153E+07   2500000E+02 -.1506E+07  .2074E+07   .9994811 -.0143804  .0288214
T  758  2 .2642026E+07   2500000E+02  .2292E+06 -.2770E+07   .9998241  .0012671 -.0187141
T  759  2 .2663209E+07   2500000E+02 -.2407E+07 -.2522E+06   .9996189 -.0274111 -.0032712
T  760  2 .2671290E+07   2500000E+02  .1704E+07  .2605E+07   .9993458 -.0002467  .0361646
T  761  2 .2604677E+07   2500000E+02  .2439E+07 -.8574E+06   .9999747  .0067071 -.0023765
T  762  2 .2634090E+07   2500000E+02 -.3916E+07  .1836E+07   .9998087 -.0162901  .0108297
T  763  2 .2732317E+07   2500000E+02  .1956E+06  .2322E+06   .9997442 -.0202769  .0100154
T  764  2 .2659695E+07   2500000E+02 -.1204E+08 -.4780E+07   .9963636 -.0806923 -.0273554
T  765  2 .2672452E+07   2500000E+02  .2018E+07  .4585E+07   .9991360  .0156696  .0384926
T  766  2 .2634397E+07   2500000E+02  .2114E+06  .2246E+07   .9956679 -.0619525  .0693347
T  767  2 .2641241E+07   2500000E+02  .8961E+06 -.7618E+06   .9995706 -.0184144 -.0227910
T  768  2 .2632942E+07   2500000E+02 -.9350E+06 -.1477E+06   .9999985  .0012233  .0012518
T  769  2 .2667179E+07   2500000E+02  .2134E+07  .8545E+06   .9984988 -.0162565  .0523050
T  770  2 .2591089E+07   2500000E+02  .1505E+07  .1438E+07   .9999442  .0096966  .0042006
T  771  2 .2614203E+07   2500000E+02 -.9832E+06  .1502E+06   .9997282 -.0232028  .0022669
T  772  2 .2696027E+07   2500000E+02  .8961E+06 -.2773E+07   .9998388  .0054851 -.0170950
T  773  2 .2650016E+07   2500000E+02 -.2953E+07  .2724E+07   .9999831 -.0044000 -.0038052
T  774  2 .2691182E+07   2500000E+02 -.4178E+06  .1637E+07   .9996268 -.0218273  .0164273
T  775  2 .2730583E+07   2500000E+02  .6476E+06  .1453E+07   .9996716  .0059285  .0249327
T  776  2 .2603992E+07   2500000E+02  .5993E+07 -.4877E+07   .9996769  .0219165 -.0128730
T  777  2 .2714065E+07   2500000E+02 -.3512E+06 -.1175E+07   .9999542 -.0087136 -.0039634
T  778  2 .2661040E+07   2500000E+02 -.6370E+06 -.2370E+07   .9998141  .0018418 -.0191908
T  779  2 .2624460E+07   2500000E+02 -.5740E+07  .9363E+06   .9991428 -.0403946  .0090481
T  780  2 .2691973E+07   2500000E+02  .2374E+07 -.1128E+07   .9997283  .0207296 -.0106602
T  781  2 .2607421E+07   2500000E+02 -.3518E+07 -.1933E+07   .9996939 -.0225953  .0100764
T  782  2 .2633274E+07   2500000E+02  .1213E+07 -.1735E+07   .9995295  .0085043 -.0294681
T  783  2 .2615212E+07   2500000E+02  .7411E+06  .6929E+07   .9976900  .0008843  .0679258
T  784  2 .2639289E+07   2500000E+02 -.1314E+07  .1796E+07   .9997844 -.0195510 -.0069974
T  785  2 .2617511E+07   2500000E+02 -.3171E+07 -.1030E+07   .9995961 -.0277042 -.0063408
T  786  2 .2713723E+07   2500000E+02  .2010E+07  .4731E+05   .9999773  .0062791 -.0024481
T  787  2 .2573918E+07   2500000E+02 -.1144E+07  .5541E+06   .9988654 -.0379655  .0287512
T  788  2 .2688025E+07   2500000E+02  .3218E+06 -.1513E+07   .9998161 -.0076315 -.0175959
T  789  2 .2626923E+07   2500000E+02  .1060E+07 -.1821E+07   .9995528  .0148173 -.0259724
T  790  2 .2618840E+07   2500000E+02 -.1605E+07  .1617E+07   .9996658 -.0175408  .0189903
T  791  2 .2678212E+07   2500000E+02 -.5701E+06 -.5373E+06   .9999749 -.0069135  .0015445
T  792  2 .2632760E+07   2500000E+02 -.2650E+06  .2849E+07   .9999923 -.0036966  .0013246
T  793  2 .2681788E+07   2500000E+02  .1364E+07 -.1757E+07   .9994728  .0266721 -.0185152
T  794  2 .2625226E+07   2500000E+02 -.1311E+07  .4982E+07   .9993615 -.0065887  .0351174
T  795  2 .2654575E+07   2500000E+02 -.1773E+07 -.1915E+07   .9994432  .0081832 -.0323471
T  796  2 .2648049E+07   2500000E+02 -.1144E+07  .1401E+07   .9998072 -.0182771  .0071805
T  797  2 .2674273E+07   2500000E+02  .1122E+06 -.2667E+06   .9999649  .0073639  .0039954
T  798  2 .2637575E+07   2500000E+02 -.4306E+05  .3002E+07   .9999652 -.0082630  .0011826
T  799  2 .2692800E+07   2500000E+02 -.1589E+07  .7259E+06   .9999150 -.0123890  .0040517
T  800  2 .2660078E+07   2500000E+02 -.1071E+07 -.1251E+07   .9998557 -.0035355 -.0166166
T  801  2 .2606811E+07   2500000E+02  .3007E+07  .1490E+07   .9998510  .0171888  .0016122
T  802  2 .2616840E+07   2500000E+02 -.3203E+07 -.2549E+06   .9996911 -.0044606  .0244505
T  803  2 .2654577E+07   2500000E+02 -.2518E+07  .1709E+07   .9993157 -.0359041  .0088917
T  804  2 .2647852E+07   2500000E+02 -.1699E+07 -.1970E+07   .9998229  .0114915 -.0149014
T  805  2 .2701150E+07   2500000E+02  .2486E+06 -.9886E+06   .9999746 -.0059618  .0038938
T  806  2 .2704256E+07   2500000E+02  .2616E+07 -.5462E+07   .9983887  .0353423 -.0443946
T  807  2 .2702208E+07   2500000E+02  .6472E+06 -.1494E+07   .9999401 -.0030237 -.0105177
T  808  2 .2595963E+07   2500000E+02  .1009E+07 -.2551E+07   .9999570  .0068321 -.0062677
T  809  2 .2658656E+07   2500000E+02 -.2114E+06  .1536E+07   .9995660 -.0076789  .0284388
T  810  2 .2650390E+07   2500000E+02 -.6250E+07 -.2100E+06   .9893881 -.1452242  .0045888
T  811  2 .2621855E+07   2500000E+02 -.1765E+07  .2617E+06   .9997495  .0077634  .0209919
T  812  2 .2615511E+07   2500000E+02  .1306E+05 -.2156E+07   .9979214  .0131938 -.0630783
T  813  2 .2627250E+07   2500000E+02 -.1772E+07  .1050E+07   .9997818 -.0204417 -.0043097
T  814  2 .2614929E+07   2500000E+02  .1782E+07  .6930E+07   .9984167  .0105822  .0552466
T  815  2 .2718956E+07   2500000E+02  .2836E+07  .6525E+06   .9995462  .0294437 -.0063597
T  816  2 .2653627E+07   2500000E+02 -.1476E+07 -.5507E+05   .9998929 -.0095864 -.0110614
T  817  2 .2626219E+07   2500000E+02 -.4494E+07 -.2158E+07   .9989418 -.0457518 -.0047018
T  818  2 .2713594E+07   2500000E+02  .1918E+07  .2301E+07   .9999377  .0095380 -.0057965
T  819  2 .2697617E+07   2500000E+02  .1494E+07 -.6329E+06   .9998348  .0124513 -.0132411
T  820  2 .2598192E+07   2500000E+02  .3415E+07  .5652E+07   .9988004  .0190428  .0451125
T  821  2 .2733357E+07   2500000E+02  .1335E+07  .9633E+06   .9998434  .0169168  .0051886
T  822  2 .2731561E+07   2500000E+02  .4267E+06  .3003E+07   .9997695  .0207807  .0053913
T  823  2 .2685552E+07   2500000E+02 -.2207E+07  .2152E+06   .9992510 -.0371521 -.0108245
T  824  2 .2594065E+07   2500000E+02  .4064E+06 -.5981E+07   .9990530 -.0119338 -.0418403
T  825  2 .2654578E+07   2500000E+02  .9298E+06  .1869E+07   .9998650  .0122435  .0109598
T  826  2 .2635093E+07   2500000E+02 -.9153E+06 -.5949E+07   .9996745 -.0081416 -.0241783
T  827  2 .2629063E+07   2500000E+02  .4587E+05 -.3261E+07   .9994785  .0038049 -.0320648
T  828  2 .2617613E+07   2500000E+02  .5811E+06  .1732E+07   .9998426  .0146716  .0099756
T  829  2 .2624058E+07   2500000E+02  .2669E+07 -.1210E+07   .9997260  .0223652 -.0069150
T  830  2 .2694676E+07   2500000E+02 -.1499E+07  .6259E+06   .9999103 -.0119680 -.0060168
T  831  2 .2630020E+07   2500000E+02 -.1083E+07  .6646E+06   .9996896 -.0136903  .0208160
T  832  2 .2657539E+07   2500000E+02  .1430E+07  .9873E+06   .9997524  .0099335  .0199134
T  833  2 .2629490E+07   2500000E+02  .5754E+05 -.2477E+07   .9999783 -.0033490 -.0056794
T  834  2 .2643501E+07   2500000E+02  .1154E+07  .2628E+07   .9998557  .0107022  .0131922
T  835  2 .2672896E+07   2500000E+02 -.7618E+06 -.2775E+07   .9996229 -.0259543 -.0089670
T  836  2 .2629945E+07   2500000E+02  .5068E+06 -.2143E+07   .9996281  .0183712 -.0201542
T  837  2 .2612703E+07   2500000E+02 -.1380E+06  .5391E+06   .9999624  .0042353  .0075711
T  838  2 .2580655E+07   2500000E+02 -.3926E+06  .3267E+07   .9984248 -.0182503  .0530554
T  839  2 .2656289E+07   2500000E+02 -.1725E+07  .1046E+07   .9997871 -.0202852  .0037833
T  840  2 .2674920E+07   2500000E+02 -.2056E+07 -.4509E+06   .9995650 -.0250625 -.0155447
T  841  2 .2572285E+07   2500000E+02 -.2449E+07 -.3259E+07   .9992591 -.0384767 -.0009140
T  842  2 .2638345E+07   2500000E+02 -.2964E+07 -.1744E+07   .9998580 -.0154134  .0068121
T  843  2 .2566047E+07   2500000E+02 -.2024E+07 -.2368E+07   .9975745 -.0533008 -.0447671
T  844  2 .2636773E+07   2500000E+02  .1707E+07 -.1682E+07   .9999916 -.0030368 -.0027498
T  845  2 .2601995E+07   2500000E+02  .5407E+07 -.3633E+07   .9986345  .0518032  .0067557
T  846  2 .2628365E+07   2500000E+02 -.9523E+06  .3692E+06   .9999466 -.0095220  .0040127
T  847  2 .2533427E+07   2500000E+02 -.1463E+07 -.3515E+07   .9995030  .0248640 -.0193805
T  848  2 .2703915E+07   2500000E+02 -.2708E+06 -.2894E+06   .9999558 -.0091293 -.0022421
T  849  2 .2626620E+07   2500000E+02 -.1057E+07 -.4798E+06   .9999988  .0010685 -.0011078
T  850  2 .2650286E+07   2500000E+02  .2211E+07 -.5615E+06   .9996538  .0174141 -.0197220
T  851  2 .2643405E+07   2500000E+02  .2204E+07 -.4192E+07   .9985998  .0253494 -.0464303
T  852  2 .2618485E+07   2500000E+02  .4334E+07 -.4527E+07   .9989662  .0345052 -.0295965
T  853  2 .2642836E+07   2500000E+02  .1065E+07 -.3655E+06   .9935584  .1091763  .0303684
T  854  2 .2642619E+07   2500000E+02 -.1954E+06 -.9528E+06   .9999430  .0046128 -.0096250
T  855  2 .2602215E+07   2500000E+02  .1125E+07 -.1524E+07   .9993157 -.0266766 -.0256207
T  856  2 .2677180E+07   2500000E+02 -.3545E+07 -.3423E+07   .9996325 -.0107907 -.0248688
T  857  2 .2629285E+07   2500000E+02  .5010E+07 -.3239E+07   .9991941  .0329765 -.0228841
T  858  2 .2591957E+07   2500000E+02  .1225E+07  .2300E+07   .9999185 -.0056074  .0114727
T  859  2 .2694993E+07   2500000E+02 -.2669E+07  .2620E+05   .9998611 -.0166432  .0008877
T  860  2 .2673512E+07   2500000E+02 -.1962E+07 -.1000E+07   .9998453 -.0174096 -.0025162
T  861  2 .2617407E+07   2500000E+02 -.3752E+07 -.3680E+07   .9987272 -.0136545 -.0485546
T  862  2 .2706066E+07   2500000E+02 -.5995E+06  .2752E+07   .9995615 -.0107708  .0275820
T  863  2 .2641955E+07   2500000E+02 -.2050E+07  .3166E+07   .9988318  .0331633  .0351451
T  864  2 .2597996E+07   2500000E+02  .5095E+06 -.8363E+06   .9996985 -.0148294 -.0195690
T  865  2 .2678425E+07   2500000E+02 -.5721E+06 -.2125E+07   .9999802 -.0016692 -.0060666
T  866  2 .2704051E+07   2500000E+02  .7054E+06 -.1973E+05   .9999553  .0084559  .0042330
T  867  2 .2697050E+07   2500000E+02 -.5364E+06 -.2890E+07   .9998544  .0010162 -.0170354
T  868  2 .2624307E+07   2500000E+02  .4600E+07  .3979E+07   .9989371  .0451181  .0094309
T  869  2 .2668709E+07   2500000E+02 -.4313E+06 -.7653E+06   .9999846  .0047787 -.0028178
T  870  2 .2712153E+07   2500000E+02  .3149E+06  .1195E+07   .9996888 -.0011946  .0249174
T  871  2 .2648150E+07   2500000E+02  .1555E+07  .3678E+06   .9998960  .0128703  .0065011
T  872  2 .2574116E+07   2500000E+02  .1544E+07  .2079E+07   .9997758  .0209410  .0031411
T  873  2 .2697063E+07   2500000E+02  .1966E+07  .4759E+07   .9994572  .0076399  .0320448
T  874  2 .2696598E+07   2500000E+02 -.2785E+05 -.2716E+07   .9998816 -.0071067 -.0136489
T  875  2 .2689632E+07   2500000E+02 -.3228E+06 -.8605E+06   .9999315  .0115929 -.0016401
T  876  2 .2636448E+07   2500000E+02 -.2618E+07  .2024E+06   .9999645 -.0051676  .0066624
T  877  2 .2675952E+07   2500000E+02  .1878E+07 -.7435E+06   .9999397 -.0083556 -.0071305
T  878  2 .2671615E+07   2500000E+02 -.1850E+07  .1230E+07   .9996828 -.0251055 -.0019947
T  879  2 .2645482E+07   2500000E+02  .2364E+07  .5786E+07   .9973996  .0118848  .0710829
T  880  2 .2761218E+07   2500000E+02  .2750E+07  .1702E+07   .9998248  .0149697  .0112336
T  881  2 .2576368E+07   2500000E+02  .2443E+07  .2156E+07   .9998058  .0168217  .0102685
T  882  2 .2752872E+07   2500000E+02  .3080E+07  .1362E+07   .9995636  .0283978 -.0081337
T  883  2 .2623272E+07   2500000E+02 -.2851E+07  .1009E+07   .9999531 -.0039253  .0088558
T  884  2 .2592948E+07   2500000E+02  .1264E+07 -.5418E+07   .9997489  .0040524 -.0220381
T  885  2 .2625205E+07   2500000E+02 -.2362E+07 -.2856E+06   .9997629 -.0216091 -.0026911
T  886  2 .2668208E+07   2500000E+02  .2566E+07 -.6208E+06   .9995090  .0264294 -.0168318
T  887  2 .2714862E+07   2500000E+02 -.4809E+04 -.6457E+06   .9999968  .0019497 -.0016000
T  888  2 .2587596E+07   2500000E+02  .2917E+06  .4626E+06   .9999821  .0059821  .0002671
T  889  2 .2622157E+07   2500000E+02 -.5000E+06 -.1360E+06   .9999992  .0004912  .0011813
T  890  2 .2633425E+07   2500000E+02 -.5086E+06 -.8760E+05   .9998236 -.0056538  .0179135
T  891  2 .2634765E+07   2500000E+02  .3582E+07 -.3074E+07   .9997023  .0235048 -.0065383
T  892  2 .2645812E+07   2500000E+02 -.1513E+07  .4056E+07   .9996904 -.0028708  .0247148
T  893  2 .2673824E+07   2500000E+02 -.1794E+06 -.2661E+06   .9999904 -.0034383  .0027201
T  894  2 .2688580E+07   2500000E+02 -.7537E+06  .1760E+07   .9999600 -.0001087  .0089421
T  895  2 .2637543E+07   2500000E+02 -.5299E+07 -.3118E+07   .9993435 -.0362187  .0008260
T  896  2 .2643042E+07   2500000E+02 -.4638E+06  .2823E+07   .9999948 -.0031272 -.0007363
T  897  2 .2612556E+07   2500000E+02  .3581E+07 -.2047E+07   .9996412  .0251490 -.0092218
T  898  2 .2604830E+07   2500000E+02 -.6016E+06 -.3161E+07   .9996882 -.0001282 -.0249708
T  899  2 .2668088E+07   2500000E+02 -.1173E+07 -.4745E+07   .9995680  .0006760 -.0293817
T  900  2 .2612460E+07   2500000E+02  .6537E+05  .2869E+07   .9997237  .0206406  .0112463
T  901  2 .2665788E+07   2500000E+02  .1210E+07  .1034E+07   .9997181  .0222244  .0083599
T  902  2 .2683080E+07   2500000E+02  .2676E+07  .1128E+07   .9997754  .0203182  .0060306
T  903  2 .2595907E+07   2500000E+02  .4156E+07 -.2185E+06   .9990002  .0446782  .0015824
T  904  2 .2691654E+07   2500000E+02  .1445E+07  .3562E+06   .9999540 -.0061237  .0073860
T  905  2 .2625898E+07   2500000E+02 -.1159E+06 -.3761E+07   .9995356  .0073858 -.0295639
T  906  2 .2640290E+07   2500000E+02  .3372E+07 -.2737E+05   .9998228  .0186254  .0027174
T  907  2 .2674776E+07   2500000E+02 -.1858E+07 -.1686E+07   .9995937 -.0187973 -.0214279
T  908  2 .2726085E+07   2500000E+02  .1374E+07 -.1322E+07   .9999260  .0097804 -.0072310
T  909  2 .2619732E+07   2500000E+02 -.4073E+07 -.2472E+06   .9998251 -.0172251  .0072846
T  910  2 .2666403E+07   2500000E+02 -.6705E+07 -.2972E+07   .9963152 -.0721618 -.0463529
T  911  2 .2621174E+07   2500000E+02  .3961E+06 -.2275E+05   .9999553  .0076198  .0055972
T  912  2 .2688268E+07   2500000E+02  .1271E+07  .1012E+07   .9996596  .0213100  .0150550
T  913  2 .2639152E+07   2500000E+02 -.2066E+06 -.1171E+07   .9995100 -.0134692 -.0282554
T  914  2 .2648347E+07   2500000E+02 -.2445E+07  .2289E+06   .9993020 -.0276246 -.0251458
T  915  2 .2659164E+07   2500000E+02 -.1337E+07  .6025E+06   .9998581 -.0161310 -.0048596
T  916  2 .2591714E+07   2500000E+02  .5068E+07  .1266E+06   .9996209  .0268227 -.0062195
T  917  2 .2693069E+07   2500000E+02  .8991E+06 -.1232E+07   .9995116  .0274437 -.0149474
T  918  2 .2625890E+07   2500000E+02  .1237E+07  .8428E+06   .9999212  .0104885 -.0068948
T  919  2 .2678447E+07   2500000E+02  .6085E+07 -.5541E+06   .9994619  .0165657 -.0283106
T  920  2 .2706765E+07   2500000E+02 -.1275E+07  .1465E+06   .9999998  .0000390  .0006962
T  921  2 .2655758E+07   2500000E+02  .2928E+06  .8967E+05   .9999160  .0080887 -.0101301
T  922  2 .2669745E+07   2500000E+02  .1340E+07 -.3961E+07   .9997058  .0056939 -.0235792
T  923  2 .2662197E+07   2500000E+02 -.3953E+07  .1589E+07   .9997930 -.0183830 -.0087176
T  924  2 .2639588E+07   2500000E+02 -.1428E+07  .1625E+07   .9987567 -.0496251  .0047388
T  925  2 .2561947E+07   2500000E+02 -.1649E+07 -.1213E+07   .9997317 -.0215928 -.0083814
T  926  2 .2660659E+07   2500000E+02 -.1660E+07  .1169E+07   .9991355 -.0409705  .0070486
T  927  2 .2624410E+07   2500000E+02 -.1638E+06  .3179E+06   .9999522  .0053383  .0081917
T  928  2 .2610350E+07   2500000E+02 -.1375E+07 -.1768E+07   .9998023 -.0074957 -.0184148
T  929  2 .2689816E+07   2500000E+02  .1286E+07  .1898E+06   .9998509  .0007587  .0172524
T  930  2 .2642028E+07   2500000E+02 -.1821E+05  .2121E+07   .9999212  .0038662  .0119438
T  931  2 .2615631E+07   2500000E+02 -.1064E+07  .1435E+07   .9999928 -.0011522 -.0036027
T  932  2 .2635785E+07   2500000E+02  .2481E+07  .1037E+07   .9995563  .0295916  .0034098
T  933  2 .2606522E+07   2500000E+02 -.5858E+07  .2087E+07   .9995886 -.0251482  .0137881
T  934  2 .2650283E+07   2500000E+02  .2778E+07  .2600E+07   .9991568  .0323903  .0252303
T  935  2 .2560864E+07   2500000E+02 -.1683E+07  .1813E+07   .9993787 -.0296839  .0190015
T  936  2 .2628910E+07   2500000E+02  .3987E+07 -.6189E+07   .9988048  .0337596 -.0353439
T  937  2 .2733583E+07   2500000E+02 -.2124E+07  .3274E+07   .9999174  .0022719  .0126471
T  938  2 .2587706E+07   2500000E+02 -.1365E+06 -.8754E+06   .9999528 -.0014266 -.0096113
T  939  2 .2640570E+07   2500000E+02 -.7859E+06 -.5373E+07   .9996013  .0005565 -.0282317
T  940  2 .2683419E+07   2500000E+02 -.9382E+06 -.5419E+05   .9996911 -.0136492 -.0207712
T  941  2 .2586875E+07   2500000E+02 -.1778E+07  .1226E+07   .9998192 -.0182567  .0053078
T  942  2 .2676121E+07   2500000E+02 -.2236E+07 -.2936E+07   .9992711 -.0294461 -.0242954
T  943  2 .2700049E+07   2500000E+02 -.1094E+07  .2225E+06   .9998521 -.0167880  .0037308
T  944  2 .2694346E+07   2500000E+02 -.2172E+07  .9029E+06   .9997398 -.0227433  .0017466
T  945  2 .2695973E+07   2500000E+02  .1185E+07  .1707E+07   .9999763  .0026399  .0063598
T  946  2 .2576016E+07   2500000E+02  .3137E+07  .2275E+07   .9997780  .0196274  .0076660
T  947  2 .2712961E+07   2500000E+02 -.1448E+07 -.2750E+06   .9999715 -.0069596 -.0029291
T  948  2 .2621382E+07   2500000E+02  .2008E+07  .1994E+07   .9998446  .0012958  .0175831
T  949  2 .2620368E+07   2500000E+02  .2239E+06  .1385E+07   .9999715  .0047671  .0058531
T  950  2 .2712079E+07   2500000E+02 -.2308E+07  .1151E+07   .9995900 -.0251311  .0137220
T  951  2 .2676513E+07   2500000E+02 -.1597E+07  .2262E+07   .9989810 -.0331993  .0305739
T  952  2 .2648466E+07   2500000E+02  .3521E+06  .1035E+07   .9996848  .0045861 -.0246833
T  953  2 .2732002E+07   2500000E+02  .4116E+07 -.7809E+05   .9993915  .0342005 -.0068536
T  954  2 .2646764E+07   2500000E+02  .9594E+06  .1518E+07   .9999314  .0060923  .0100025
T  955  2 .2680674E+07   2500000E+02 -.9512E+05  .2763E+07   .9999865 -.0047801  .0020539
T  956  2 .2669029E+07   2500000E+02  .3712E+07 -.2471E+06   .9993800  .0002433 -.0352065
T  957  2 .2602527E+07   2500000E+02 -.2196E+07  .4598E+06   .9999117 -.0128970 -.0031899
T  958  2 .2713514E+07   2500000E+02 -.2042E+07 -.5413E+07   .9970155 -.0081447 -.0767709
T  959  2 .2703338E+07   2500000E+02 -.9032E+06  .2813E+07   .9996316 -.0081514  .0258875
T  960  2 .2657296E+07   2500000E+02  .6292E+06 -.8550E+06   .9999559  .0051502 -.0078506
T  961  2 .2676503E+07   2500000E+02 -.1485E+06  .9954E+06   .9999711 -.0000861  .0076013
T  962  2 .2651971E+07   2500000E+02 -.4462E+06  .1484E+07   .9998988  .0105920  .0094958
T  963  2 .2723049E+07   2500000E+02 -.1398E+07 -.2890E+07   .9991371 -.0079552 -.0407653
T  964  2 .2662010E+07   2500000E+02  .9616E+06  .5475E+07   .9982555 -.0094886  .0582742
T  965  2 .2580383E+07   2500000E+02 -.8774E+07  .1308E+07   .9975410 -.0688544  .0130795
T  966  2 .2602683E+07   2500000E+02  .2565E+07 -.6134E+06   .9997995  .0199108  .0021153
T  967  2 .2682122E+07   2500000E+02 -.2986E+07  .2117E+06   .9993245 -.0346153 -.0123412
T  968  2 .2688999E+07   2500000E+02 -.3150E+07  .8709E+07   .9955037 -.0097002  .0942244
T  969  2 .2583617E+07   2500000E+02 -.3629E+07 -.2909E+07   .9993163 -.0228275 -.0290840
T  970  2 .2624247E+07   2500000E+02  .2137E+08  .4554E+07   .9865388  .1601807  .0329136
T  971  2 .2610202E+07   2500000E+02 -.4226E+07  .4363E+07   .9986893 -.0269227  .0435289
T  972  2 .2731398E+07   2500000E+02 -.3170E+07 -.1637E+07   .9982356 -.0501027 -.0318650
T  973  2 .2693812E+07   2500000E+02 -.3100E+07  .2090E+07   .9998181 -.0134133 -.0135620
T  974  2 .2584595E+07   2500000E+02  .2589E+07  .2357E+07   .9956494 -.0308047  .0879395
T  975  2 .2572094E+07   2500000E+02 -.1066E+07 -.1606E+07   .9999712  .0034900 -.0067325
T  976  2 .2664657E+07   2500000E+02  .5215E+07 -.1749E+07   .9990241  .0431747 -.0093211
T  977  2 .2641011E+07   2500000E+02  .8694E+06 -.1759E+07   .9994768  .0117631 -.0301287
T  978  2 .2638180E+07   2500000E+02 -.2551E+07  .2657E+07   .9997717 -.0210981  .0033790
T  979  2 .2617031E+07   2500000E+02  .1258E+07 -.3657E+07   .9996152 -.0027025 -.0276054
T  980  2 .2646476E+07   2500000E+02  .2285E+07  .7787E+06   .9998242  .0169959  .0079162
T  981  2 .2688833E+07   2500000E+02 -.6861E+06  .6184E+06   .9999810 -.0059707  .0015395
T  982  2 .2603025E+07   2500000E+02  .2770E+07 -.6334E+07   .9822266 -.0032936 -.1876702
T  983  2 .2618831E+07   2500000E+02 -.6446E+06 -.5346E+07   .9979773  .0123544 -.0623594
T  984  2 .2646532E+07   2500000E+02 -.7468E+06 -.1370E+07   .9999853 -.0013814  .0052515
T  985  2 .2631163E+07   2500000E+02  .8506E+06  .1145E+07   .9999958 -.0011640  .0026685
T  986  2 .2648712E+07   2500000E+02  .2626E+07 -.7090E+06   .9995557  .0297183  .0022941
T  987  2 .2659356E+07   2500000E+02 -.6591E+05 -.9552E+06   .9999178  .0124405 -.0031020
T  988  2 .2654181E+07   2500000E+02  .7956E+06  .3538E+06   .9999456  .0071964 -.0075481
T  989  2 .2623487E+07   2500000E+02 -.2727E+07 -.4082E+07   .9995777 -.0236594 -.0168719
T  990  2 .2618477E+07   2500000E+02  .1224E+07 -.4577E+07   .9991626 -.0176503 -.0369129
T  991  2 .2560063E+07   2500000E+02  .4070E+07 -.3350E+07   .9994355  .0333343 -.0041780
T  992  2 .2612784E+07   2500000E+02 -.7376E+06 -.9680E+06   .9998756 -.0118754 -.0103760
T  993  2 .2704560E+07   2500000E+02 -.4324E+06  .2804E+07   .9998546 -.0116969  .0124054
T  994  2 .2687200E+07   2500000E+02 -.1811E+07  .7015E+06   .9999197 -.0126755  .0000990
T  995  2 .2679464E+07   2500000E+02  .2605E+07  .1183E+06   .9997929  .0178436  .0097868
T  996  2 .2681491E+07   2500000E+02  .4964E+06  .2316E+06   .9996864  .0247446 -.0038423
T  997  2 .2706312E+07   2500000E+02  .3654E+0