============================== SRIM-2013.00 ==============================
==============================================================================
=================  TRANSMIT.txt : File of Transmitted Ions  ==================
=  This file tabulates the kinetics of ions or atoms leaving the target.     =
=  Column #1: S= Sputtered Atom, B= Backscattered Ion, T= Transmitted Ion.   =
=  Col.#2: Ion Number, Col.#3: Z of atom leaving, Col.#4: Atom energy (eV).  =
=  Col.#5-7: Last location:  X= Depth into target, Y,Z= Transverse axes.     =
=  Col.#8-10: Cosines of final trajectory.                                   =
= *** This data file is in the same format as TRIM.DAT (see manual for uses).=
====== TRIM Calc.= He(5.48 MeV) ==> Layer 1(  30 mm) =========================
 Ion  Atom   Energy        Depth       Lateral-Position        Atom Direction      
 Numb Numb    (eV)          X(A)        Y(A)       Z(A)      Cos(X)  Cos(Y) Cos(Z) 
T    1  2 .1783762E+07   3000000E+02 -.2989E+07 -.1700E+07   .9998007 -.0198393  .0022484
T    2  2 .1836905E+07   3000000E+02  .5938E+07 -.6458E+07   .9939395  .0709627 -.0839552
T    3  2 .1797229E+07   3000000E+02 -.2021E+07 -.3034E+07   .9995264 -.0072078 -.0299167
T    4  2 .1877393E+07   3000000E+02  .2329E+07  .4750E+07   .9987059  .0331396  .0385793
T    5  2 .1800101E+07   3000000E+02  .1076E+07  .7613E+06   .9998348  .0027738 -.0179655
T    6  2 .1911380E+07   3000000E+02 -.4335E+06  .2138E+07   .9998564  .0053437  .0160800
T    7  2 .1791833E+07   3000000E+02 -.4414E+05  .5872E+06   .9999505  .0003754 -.0099437
T    8  2 .1887381E+07   3000000E+02 -.2610E+07  .8015E+06   .9999290 -.0118747 -.0009951
T    9  2 .1792079E+07   3000000E+02 -.2113E+07  .3349E+07   .9990129 -.0124050  .0426536
T   10  2 .1734671E+07   3000000E+02  .4584E+07  .4246E+07   .9990159  .0335205  .0290466
T   11  2 .1786891E+07   3000000E+02 -.1573E+07 -.1164E+07   .9995186 -.0260997 -.0167755
T   12  2 .1719335E+07   3000000E+02 -.2068E+07  .4023E+07   .9986750  .0509428 -.0072798
T   13  2 .1805360E+07   3000000E+02  .4524E+07  .1861E+07   .9989992 -.0370393  .0250748
T   14  2 .1799494E+07   3000000E+02  .5709E+06  .5551E+06   .9995696 -.0139740  .0257936
T   15  2 .1825634E+07   3000000E+02 -.1994E+06  .4336E+07   .9991707 -.0240320  .0328700
T   16  2 .1847170E+07   3000000E+02  .6274E+07 -.1718E+07   .9999055  .0091270 -.0102807
T   17  2 .1854420E+07   3000000E+02  .2907E+07  .5296E+07   .9992884  .0241989  .0289326
T   18  2 .1890608E+07   3000000E+02  .8382E+06 -.9844E+06   .9999116  .0021672 -.0131200
T   19  2 .1866113E+07   3000000E+02 -.2723E+07 -.1758E+07   .9999276  .0025446 -.0117625
T   20  2 .1821778E+07   3000000E+02 -.1981E+07  .5671E+07   .9997487  .0219940  .0043340
T   21  2 .1937837E+07   3000000E+02 -.4853E+07  .8617E+06   .9996208 -.0264938  .0075109
T   22  2 .1749148E+07   3000000E+02  .6972E+07  .2162E+07   .9995446  .0268432 -.0137817
T   23  2 .1754886E+07   3000000E+02 -.1278E+08 -.2610E+08   .9903200 -.0202149 -.1373228
T   24  2 .1900442E+07   3000000E+02 -.5648E+07  .2011E+06   .9990685 -.0425051  .0074518
T   25  2 .1805721E+07   3000000E+02  .1281E+06  .6429E+07   .9986286  .0275974  .0444904
T   26  2 .1805892E+07   3000000E+02  .7727E+07  .7391E+06   .9929842  .0881909 -.0787704
T   27  2 .1840979E+07   3000000E+02  .8954E+06  .4028E+07   .9994358 -.0039327  .0333557
T   28  2 .1913762E+07   3000000E+02 -.3013E+06 -.3896E+07   .9994214  .0031075 -.0338717
T   29  2 .1757176E+07   3000000E+02  .3302E+07  .1147E+07   .9993749  .0252909  .0246999
T   30  2 .1837177E+07   3000000E+02 -.7875E+06  .5726E+07   .9989205 -.0119477  .0448903
T   31  2 .1773438E+07   3000000E+02  .4457E+07  .3567E+07   .9983399  .0493667  .0296722
T   32  2 .1760034E+07   3000000E+02 -.9055E+06 -.1868E+07   .9997389 -.0197657 -.0114618
T   33  2 .1678510E+07   3000000E+02 -.1937E+07 -.7288E+07   .9931215 -.0579568 -.1017382
T   34  2 .1740774E+07   3000000E+02 -.6303E+07  .1671E+08   .9884366 -.0760681  .1311746
T   35  2 .1787583E+07   3000000E+02  .1858E+07 -.1274E+07   .9998166  .0100827 -.0162824
T   36  2 .1859575E+07   3000000E+02 -.3562E+07  .3479E+07   .9990090 -.0437020  .0084384
T   37  2 .1769704E+07   3000000E+02 -.1437E+07  .2311E+06   .9924251  .1219755 -.0146442
T   38  2 .1753523E+07   3000000E+02  .6799E+07 -.1921E+07   .9986649  .0515830  .0027586
T   39  2 .1859311E+07   3000000E+02  .3026E+07  .1699E+07   .9998343  .0055033  .0173531
T   40  2 .1850621E+07   3000000E+02  .3027E+06 -.9303E+06   .9995474  .0097797 -.0284483
T   41  2 .1853288E+07   3000000E+02 -.4211E+07  .2941E+07   .9988235 -.0352280  .0333254
T   42  2 .1771217E+07   3000000E+02 -.1434E+07  .6010E+07   .9995057  .0059749  .0308641
T   43  2 .1864632E+07   3000000E+02 -.1400E+07 -.2817E+07   .9999983  .0011626 -.0014255
T   44  2 .1801049E+07   3000000E+02 -.2584E+07 -.2306E+07   .9999994 -.0004215  .0009769
T   45  2 .1762872E+07   3000000E+02 -.2110E+07 -.1228E+07   .9996312 -.0271262 -.0012704
T   46  2 .1737297E+07   3000000E+02 -.3477E+07  .2244E+06   .9989717 -.0171380  .0419732
T   47  2 .1784252E+07   3000000E+02  .9670E+06 -.2665E+07   .9988122  .0352414 -.0336479
T   48  2 .1737848E+07   3000000E+02  .1615E+08 -.2816E+07   .9974919  .0704802 -.0065110
T   49  2 .1828903E+07   3000000E+02  .8972E+07  .1614E+07   .9968659  .0751001  .0248651
T   50  2 .1859250E+07   3000000E+02  .4671E+07 -.3181E+07   .9987961  .0405125 -.0276620
T   51  2 .1743205E+07   3000000E+02 -.7042E+06  .5314E+07   .9978052 -.0100943  .0654438
T   52  2 .1924346E+07   3000000E+02 -.8657E+06 -.2145E+07   .9999474 -.0102563 -.0001510
T   53  2 .1827519E+07   3000000E+02  .1405E+07 -.1221E+07   .9999383  .0065857  .0089491
T   54  2 .1810821E+07   3000000E+02 -.1666E+07  .1688E+07   .9998831 -.0152903  .0000084
T   55  2 .1858581E+07   3000000E+02  .2408E+07  .4024E+07   .9984631  .0405583  .0377677
T   56  2 .1867394E+07   3000000E+02  .4703E+07 -.2617E+07   .9991102  .0394281  .0149732
T   57  2 .1862644E+07   3000000E+02  .5337E+07  .5649E+07   .9976652  .0304599  .0611252
T   58  2 .1854623E+07   3000000E+02 -.2527E+07  .5669E+06   .9999285 -.0036023 -.0114035
T   59  2 .1742096E+07   3000000E+02  .1863E+07  .1004E+07   .9991844  .0236246  .0327490
T   60  2 .1781951E+07   3000000E+02  .1337E+08 -.1517E+07   .9990665  .0428027  .0058288
T   61  2 .1839450E+07   3000000E+02 -.1191E+07  .5225E+07   .9995499 -.0148190  .0260825
T   62  2 .1919188E+07   3000000E+02 -.5392E+07 -.1236E+07   .9992718 -.0230008 -.0304438
T   63  2 .1790883E+07   3000000E+02  .4078E+06 -.4733E+06   .9998684  .0160693 -.0022421
T   64  2 .1854824E+07   3000000E+02  .1683E+07 -.7476E+06   .9999954 -.0015217 -.0026207
T   65  2 .1758935E+07   3000000E+02  .2399E+06  .2272E+07   .9999773  .0067374  .0003177
T   66  2 .1810855E+07   3000000E+02  .1188E+07 -.7636E+06   .9998582  .0139667 -.0094118
T   67  2 .1888389E+07   3000000E+02 -.2526E+07 -.2504E+07   .9995571 -.0122497 -.0271204
T   68  2 .1819680E+07   3000000E+02 -.1182E+07 -.1505E+07   .9998934 -.0052518 -.0136220
T   69  2 .1809044E+07   3000000E+02 -.1712E+07  .3535E+07   .9997153 -.0162871  .0174346
T   70  2 .1864532E+07   3000000E+02 -.2549E+07  .1110E+07   .9998917 -.0110147  .0097576
T   71  2 .1858866E+07   3000000E+02  .6113E+07  .1185E+07   .9992096  .0396486 -.0028598
T   72  2 .1866599E+07   3000000E+02  .2793E+07 -.1051E+07   .9999228  .0097550  .0077021
T   73  2 .1846485E+07   3000000E+02  .1694E+07  .2770E+07   .9999273  .0112089 -.0044404
T   74  2 .1811010E+07   3000000E+02  .2089E+07 -.5704E+07   .9992394  .0315929 -.0228570
T   75  2 .1876053E+07   3000000E+02  .3716E+07  .4780E+07   .9995698  .0213612  .0200971
T   76  2 .1823563E+07   3000000E+02  .4536E+06  .5103E+07   .9994371  .0113077  .0315845
T   77  2 .1873930E+07   3000000E+02  .4300E+07 -.6171E+07   .9992270  .0317371 -.0231967
T   78  2 .1822080E+07   3000000E+02 -.5445E+07  .2567E+07   .9997480 -.0122510 -.0188107
T   79  2 .1882002E+07   3000000E+02  .1157E+07  .1228E+07   .9993865  .0318239  .0146245
T   80  2 .1888483E+07   3000000E+02  .3734E+07  .1752E+07   .9995456  .0283404  .0102695
T   81  2 .1781133E+07   3000000E+02  .2073E+07  .3963E+07   .9995427  .0053844  .0297572
T   82  2 .1821191E+07   3000000E+02  .2137E+06 -.1523E+07   .9999327 -.0106274  .0046565
T   83  2 .1773398E+07   3000000E+02 -.7119E+07 -.9289E+06   .9974086 -.0627405 -.0352099
T   84  2 .1815836E+07   3000000E+02 -.3625E+06 -.3463E+06   .9994997 -.0281058 -.0145076
T   85  2 .1734436E+07   3000000E+02  .2771E+08 -.1496E+08   .9764584  .1966443 -.0886564
T   86  2 .1756544E+07   3000000E+02 -.5206E+07 -.9030E+07   .9981834 -.0266071 -.0540552
T   87  2 .1825711E+07   3000000E+02 -.6930E+06  .2989E+06   .9999369 -.0032174  .0107675
T   88  2 .1810261E+07   3000000E+02 -.4722E+06 -.5123E+06   .9999018 -.0101900 -.0096197
T   89  2 .1795331E+07   3000000E+02  .4572E+06 -.1198E+07   .9998332  .0060340 -.0172357
T   90  2 .1821840E+07   3000000E+02 -.5815E+06  .2655E+07   .9998964 -.0129674  .0062543
T   91  2 .1855812E+07   3000000E+02  .1229E+07  .1130E+06   .9998522  .0110872 -.0131434
T   92  2 .1846440E+07   3000000E+02 -.6902E+07 -.1499E+08   .9977487 -.0091635 -.0664344
T   93  2 .1841964E+07   3000000E+02  .1184E+07  .6078E+06   .9997816 -.0089109 -.0189022
T   94  2 .1836280E+07   3000000E+02 -.6109E+07  .2214E+07   .9994477 -.0313346  .0110649
T   95  2 .1769762E+07   3000000E+02 -.7370E+07  .3444E+07   .9989218 -.0316833  .0339314
T   96  2 .1785529E+07   3000000E+02  .5328E+07  .2065E+08   .9959322  .0154765  .0887666
T   97  2 .1856035E+07   3000000E+02  .1570E+07 -.9353E+06   .9999491 -.0013809 -.0099937
T   98  2 .1852512E+07   3000000E+02  .2733E+07 -.5510E+06   .9999376  .0080052  .0077869
T   99  2 .1713581E+07   3000000E+02  .1410E+07  .3306E+06   .9998507 -.0062107 -.0161231
T  100  2 .1798708E+07   3000000E+02 -.3785E+07  .5853E+07   .9998489 -.0137289  .0106590
T  101  2 .1711109E+07   3000000E+02 -.2117E+07 -.4245E+07   .9978894  .0060200 -.0646563
T  102  2 .1853135E+07   3000000E+02 -.1891E+07 -.4447E+07   .9991395 -.0162483 -.0381600
T  103  2 .1841780E+07   3000000E+02  .1283E+07  .2589E+06   .9999970  .0024327 -.0002130
T  104  2 .1795971E+07   3000000E+02 -.3146E+07  .1673E+07   .9991616 -.0381789 -.0147779
T  105  2 .1837140E+07   3000000E+02  .5370E+06 -.3776E+06   .9998123  .0009500 -.0193509
T  106  2 .1818331E+07   3000000E+02 -.1907E+07  .3423E+07   .9998775 -.0103866  .0117103
T  107  2 .1803951E+07   3000000E+02 -.1601E+07 -.6936E+06   .9999779  .0010673  .0065651
T  108  2 .1713268E+07   3000000E+02 -.2812E+07 -.2679E+07   .9999555 -.0003758 -.0094253
T  109  2 .1868745E+07   3000000E+02 -.9043E+06 -.3355E+06   .9999887 -.0018914 -.0043591
T  110  2 .1880716E+07   3000000E+02  .2800E+06  .2156E+07   .9997641  .0062742  .0207932
T  111  2 .1779198E+07   3000000E+02  .6326E+06  .3980E+07   .9985991 -.0513513  .0127589
T  112  2 .1865475E+07   3000000E+02  .8177E+06  .1617E+07   .9991230 -.0121354 -.0400757
T  113  2 .1882829E+07   3000000E+02  .5465E+07 -.1528E+07   .9988794  .0433898 -.0189012
T  114  2 .1850565E+07   3000000E+02  .4250E+07  .1952E+07   .9999755 -.0007409  .0069664
T  115  2 .1847068E+07   3000000E+02 -.2453E+07  .8670E+06   .9999518 -.0091442  .0035791
T  116  2 .1811179E+07   3000000E+02  .5866E+06 -.9908E+06   .9996003  .0203872 -.0195859
T  117  2 .1849638E+07   3000000E+02  .6535E+07  .3843E+07   .9970486  .0311533  .0701681
T  118  2 .1921384E+07   3000000E+02  .2944E+06 -.1938E+05   .9999283  .0022267 -.0117640
T  119  2 .1724738E+07   3000000E+02 -.6461E+07  .7710E+06   .9990965 -.0388283  .0172796
T  120  2 .1798786E+07   3000000E+02  .1612E+07  .2486E+07   .9998091  .0191872 -.0037009
T  121  2 .1846147E+07   3000000E+02  .2808E+07 -.1822E+07   .9985992  .0515073  .0121106
T  122  2 .1932294E+07   3000000E+02 -.6548E+07 -.5032E+07   .9970475 -.0579487 -.0503811
T  123  2 .1880351E+07   3000000E+02 -.6878E+07 -.3793E+07   .9977788 -.0596827 -.0295867
T  124  2 .1863387E+07   3000000E+02 -.2618E+07  .2218E+07   .9996962 -.0223915  .0103028
T  125  2 .1832481E+07   3000000E+02  .7052E+06  .2302E+07   .9996824  .0210315 -.0138823
T  126  2 .1767512E+07   3000000E+02  .1691E+07 -.2977E+06   .9999987  .0010713  .0012188
T  127  2 .1792015E+07   3000000E+02  .3861E+07  .6539E+07   .9986835  .0302371  .0414364
T  128  2 .1822065E+07   3000000E+02  .3792E+07  .3080E+07   .9993300  .0232636  .0282541
T  129  2 .1821046E+07   3000000E+02  .2283E+07  .3894E+07   .9994980  .0177066  .0262740
T  130  2 .1775832E+07   3000000E+02 -.1376E+07 -.2876E+07   .9999197 -.0087793 -.0091381
T  131  2 .1881260E+07   3000000E+02  .5639E+07 -.1836E+07   .9992749  .0379862  .0025849
T  132  2 .1769184E+07   3000000E+02  .1562E+07 -.4225E+07   .9994925  .0255511 -.0190245
T  133  2 .1772247E+07   3000000E+02 -.2973E+07  .1656E+07   .9992568 -.0350033  .0161449
T  134  2 .1820815E+07   3000000E+02  .3618E+07  .1153E+06   .9999511 -.0059752  .0078793
T  135  2 .1756413E+07   3000000E+02  .1127E+07 -.6054E+07   .9993522 -.0085112 -.0349673
T  136  2 .1814459E+07   3000000E+02 -.1839E+07  .6252E+06   .9990818 -.0423305 -.0066105
T  137  2 .1886589E+07   3000000E+02 -.1401E+07 -.9305E+05   .9999777 -.0028093 -.0060606
T  138  2 .1825990E+07   3000000E+02  .1383E+07  .4722E+07   .9998780 -.0031382  .0153009
T  139  2 .1774025E+07   3000000E+02 -.1182E+07  .1501E+07   .9998415 -.0147448 -.0099754
T  140  2 .1932049E+07   3000000E+02 -.2402E+07 -.1341E+07   .9990506  .0183431 -.0395143
T  141  2 .1852099E+07   3000000E+02 -.1397E+07  .2258E+07   .9998022  .0028694  .0196820
T  142  2 .1850181E+07   3000000E+02 -.4837E+07 -.1687E+07   .9993132 -.0368195  .0041779
T  143  2 .1911075E+07   3000000E+02 -.1488E+07  .4779E+07   .9994668 -.0233763  .0227972
T  144  2 .1725479E+07   3000000E+02 -.3657E+07 -.6681E+07   .9988314 -.0416320 -.0245483
T  145  2 .1932222E+07   3000000E+02  .2209E+07  .2505E+07   .9976471  .0472301  .0496940
T  146  2 .1752403E+07   3000000E+02  .1307E+07  .2589E+07   .9995165  .0133174  .0280969
T  147  2 .1775535E+07   3000000E+02  .2570E+07 -.3121E+07   .9996739  .0059412 -.0248340
T  148  2 .1833723E+07   3000000E+02 -.2886E+07 -.1458E+07   .9997607 -.0163072  .0145805
T  149  2 .1834185E+07   3000000E+02  .3946E+07 -.4746E+07   .9988700  .0312684 -.0357912
T  150  2 .1746411E+07   3000000E+02 -.2984E+07  .1190E+08   .9813194 -.0489650  .1860503
T  151  2 .1862616E+07   3000000E+02 -.1146E+07  .4538E+07   .9981351  .0466312  .0393923
T  152  2 .1839537E+07   3000000E+02  .4881E+07  .2599E+07   .9987056  .0473320  .0186237
T  153  2 .1806656E+07   3000000E+02 -.2980E+07 -.1388E+07   .9982100 -.0576480  .0159221
T  154  2 .1785889E+07   3000000E+02 -.3110E+07 -.9264E+06   .9999027 -.0119267 -.0072407
T  155  2 .1831563E+07   3000000E+02 -.1865E+07 -.3490E+06   .9997463 -.0224376  .0019512
T  156  2 .1734891E+07   3000000E+02 -.2257E+07  .2277E+07   .9968333  .0291444  .0739859
T  157  2 .1878660E+07   3000000E+02  .5503E+06  .2086E+07   .9999883  .0040979  .0025712
T  158  2 .1856659E+07   3000000E+02 -.4106E+07 -.9717E+06   .9996767 -.0231278 -.0105650
T  159  2 .1823401E+07   3000000E+02 -.8114E+07  .1319E+07   .9982566 -.0589665  .0025727
T  160  2 .1754012E+07   3000000E+02  .1982E+07 -.1373E+07   .9993881  .0083883 -.0339582
T  161  2 .1957210E+07   3000000E+02  .1410E+07 -.1025E+07   .9988152  .0422833 -.0240910
T  162  2 .1867250E+07   3000000E+02  .4443E+06 -.3534E+07   .9987593 -.0139497 -.0478048
T  163  2 .1875049E+07   3000000E+02 -.2353E+07 -.1296E+07   .9999684 -.0036079 -.0070790
T  164  2 .1840289E+07   3000000E+02 -.1509E+07 -.1166E+07   .9993010  .0070144 -.0367198
T  165  2 .2000517E+07   3000000E+02 -.4133E+07  .2618E+07   .9993672 -.0273187  .0227778
T  166  2 .1940890E+07   3000000E+02 -.4287E+05 -.1567E+06   .9998867  .0102972 -.0109766
T  167  2 .1759122E+07   3000000E+02  .7957E+07 -.2912E+07   .9966902  .0689367 -.0430863
T  168  2 .1840552E+07   3000000E+02  .1665E+07 -.7702E+06   .9998866 -.0039654  .0145312
T  169  2 .1854200E+07   3000000E+02  .4229E+07  .3580E+07   .9990296  .0205918  .0389349
T  170  2 .1804032E+07   3000000E+02 -.5586E+06 -.2719E+07   .9996259 -.0129386 -.0240978
T  171  2 .1834590E+07   3000000E+02  .2586E+07 -.9274E+06   .9997572  .0170289 -.0139844
T  172  2 .1836425E+07   3000000E+02  .7595E+06  .8806E+07   .9978017 -.0071477  .0658833
T  173  2 .1781974E+07   3000000E+02 -.1487E+07  .6990E+07   .9991155 -.0245678  .0341280
T  174  2 .1751757E+07   3000000E+02  .3996E+07 -.3393E+07   .9995446  .0081457 -.0290551
T  175  2 .1793082E+07   3000000E+02 -.3690E+05  .5775E+07   .9980391  .0016425  .0625727
T  176  2 .1782162E+07   3000000E+02 -.8697E+05  .1596E+07   .9998566 -.0026894  .0167207
T  177  2 .1846127E+07   3000000E+02  .4876E+06 -.2777E+07   .9996943 -.0057282 -.0240524
T  178  2 .1849666E+07   3000000E+02 -.9619E+06  .1355E+07   .9998177 -.0186268 -.0042045
T  179  2 .1829115E+07   3000000E+02 -.4267E+07 -.9520E+06   .9979482 -.0637178  .0062838
T  180  2 .1815921E+07   3000000E+02 -.3516E+07 -.7779E+07   .9975127 -.0376650 -.0595803
T  181  2 .1818464E+07   3000000E+02 -.2763E+06  .4318E+07   .9995302  .0303332  .0043866
T  182  2 .1785181E+07   3000000E+02 -.2487E+07 -.2230E+07   .9999937 -.0003394  .0035258
T  183  2 .1882729E+07   3000000E+02  .7449E+06 -.1043E+07   .9999408  .0081356  .0072256
T  184  2 .1808966E+07   3000000E+02  .9735E+06 -.3233E+07   .9999719  .0074831 -.0003538
T  185  2 .1853882E+07   3000000E+02 -.1194E+08  .4575E+07   .9958113 -.0852465  .0330588
T  186  2 .1832746E+07   3000000E+02  .7982E+07  .3600E+07   .9969335  .0518293  .0586289
T  187  2 .1833498E+07   3000000E+02  .7320E+07  .4113E+07   .9986253  .0522975 -.0035375
T  188  2 .1898863E+07   3000000E+02 -.3341E+07  .2744E+07   .9998608  .0004808  .0166798
T  189  2 .1907200E+07   3000000E+02  .1903E+07 -.1088E+07   .9999258  .0061375  .0105198
T  190  2 .1791984E+07   3000000E+02  .6370E+07 -.2203E+08   .9910647  .0241894 -.1311703
T  191  2 .1911897E+07   3000000E+02 -.2475E+06 -.8902E+06   .9999215 -.0051420 -.0114298
T  192  2 .1840831E+07   3000000E+02  .4005E+07  .6656E+06   .9992418  .0354163 -.0161694
T  193  2 .1894484E+07   3000000E+02  .1011E+07 -.3001E+07   .9998619  .0071652 -.0149914
T  194  2 .1873316E+07   3000000E+02 -.1372E+05  .1015E+07   .9994843 -.0319808  .0028937
T  195  2 .1805447E+07   3000000E+02 -.2394E+05  .6205E+07   .9993999  .0050486  .0342693
T  196  2 .1773337E+07   3000000E+02 -.1001E+07 -.1095E+07   .9999828  .0051399 -.0028305
T  197  2 .1811514E+07   3000000E+02  .9200E+06 -.1628E+07   .9999374 -.0034209  .0106551
T  198  2 .1827187E+07   3000000E+02  .2193E+07 -.4876E+07   .9996379  .0098436 -.0250430
T  199  2 .1831044E+07   3000000E+02 -.8427E+06 -.3938E+07   .9999348 -.0035731  .0108436
T  200  2 .1803753E+07   3000000E+02  .2765E+07  .2575E+07   .9998214  .0176897  .0066548
T  201  2 .1847229E+07   3000000E+02 -.4101E+05  .1846E+07   .9998121  .0008112  .0193657
T  202  2 .1894935E+07   3000000E+02 -.6111E+07 -.5888E+06   .9991007  .0311121 -.0288070
T  203  2 .1844797E+07   3000000E+02  .1705E+07 -.6571E+06   .9996772  .0144323 -.0209079
T  204  2 .1922837E+07   3000000E+02 -.1126E+08 -.4075E+07   .9937724 -.1011313 -.0467863
T  205  2 .1867316E+07   3000000E+02 -.2463E+07 -.2081E+07   .9998322 -.0106864 -.0148773
T  206  2 .1845716E+07   3000000E+02  .3556E+06 -.3534E+06   .9999532  .0045849 -.0085192
T  207  2 .1810140E+07   3000000E+02  .3932E+06 -.2328E+07   .9997684 -.0164827 -.0138401
T  208  2 .1850160E+07   3000000E+02  .1298E+07 -.3203E+07   .9998677  .0071629 -.0146010
T  209  2 .1795226E+07   3000000E+02  .8327E+06  .2499E+07   .9998957 -.0062218  .0130363
T  210  2 .1841493E+07   3000000E+02 -.1627E+07 -.3029E+07   .9994997  .0091287 -.0302828
T  211  2 .1875466E+07   3000000E+02 -.5987E+06  .8896E+06   .9998607 -.0101374 -.0132604
T  212  2 .1815216E+07   3000000E+02 -.7810E+07 -.1583E+07   .9984238 -.0561210  .0005692
T  213  2 .1879231E+07   3000000E+02 -.2885E+07 -.2558E+07   .9999004 -.0083276 -.0113906
T  214  2 .1814037E+07   3000000E+02  .1910E+07 -.1581E+07   .9999594  .0062132 -.0065229
T  215  2 .1692053E+07   3000000E+02 -.2578E+07 -.1385E+07   .9920853  .1214266 -.0319728
T  216  2 .1817879E+07   3000000E+02  .1050E+07  .5908E+07   .9988117  .0080065  .0480730
T  217  2 .1803531E+07   3000000E+02  .7002E+06  .1466E+07   .9999254  .0120153 -.0022125
T  218  2 .1895084E+07   3000000E+02 -.1722E+07 -.3648E+07   .9995921 -.0043699 -.0282245
T  219  2 .1867604E+07   3000000E+02 -.4658E+07 -.2543E+07   .9995225 -.0304110 -.0054762
T  220  2 .1793700E+07   3000000E+02  .1529E+07 -.7530E+06   .9998290  .0110190 -.0148485
T  221  2 .1789648E+07   3000000E+02  .9210E+07 -.2255E+06   .9957873  .0801096  .0446100
T  222  2 .1830791E+07   3000000E+02  .8590E+06 -.7580E+07   .9996339  .0131191 -.0236644
T  223  2 .1925269E+07   3000000E+02 -.2873E+07  .4280E+07   .9942149 -.0820059 -.0693667
T  224  2 .1786108E+07   3000000E+02  .4179E+06  .5058E+07   .9992243 -.0023074  .0393116
T  225  2 .1871051E+07   3000000E+02  .1857E+07  .5644E+07   .9994006  .0260542  .0227949
T  226  2 .1842705E+07   3000000E+02  .3530E+07  .7285E+06   .9988296  .0186002  .0446475
T  227  2 .1847692E+07   3000000E+02 -.2769E+07 -.1744E+07   .9999630 -.0060836  .0060766
T  228  2 .1852385E+07   3000000E+02 -.2311E+07  .2024E+07   .9999824 -.0058390  .0010524
T  229  2 .1835145E+07   3000000E+02  .8866E+06  .1850E+07   .9998655 -.0155953  .0050852
T  230  2 .1811238E+07   3000000E+02 -.3659E+06 -.7797E+06   .9994539  .0321143 -.0077790
T  231  2 .1783092E+07   3000000E+02 -.1137E+07  .2985E+07   .9998693  .0158140 -.0033544
T  232  2 .1821299E+07   3000000E+02  .3603E+07 -.3533E+07   .9959294  .0798699 -.0417776
T  233  2 .1839153E+07   3000000E+02  .3084E+07  .3854E+07   .9991958  .0331954  .0224925
T  234  2 .1893470E+07   3000000E+02  .4812E+06 -.1056E+07   .9991197 -.0410101  .0088345
T  235  2 .1864124E+07   3000000E+02  .1938E+07  .5614E+07   .9993507  .0345820  .0101148
T  236  2 .1801272E+07   3000000E+02 -.3335E+06 -.6916E+07   .9999115  .0006525  .0132851
T  237  2 .1871717E+07   3000000E+02 -.2049E+07  .1584E+07   .9997651 -.0119392  .0180862
T  238  2 .1874895E+07   3000000E+02  .2584E+06  .4903E+07   .9992730  .0105240  .0366432
T  239  2 .1824363E+07   3000000E+02  .1650E+07 -.1552E+07   .9996010  .0251756  .0128088
T  240  2 .1752189E+07   3000000E+02 -.3716E+07  .1305E+07   .9987537 -.0493257  .0076129
T  241  2 .1832215E+07   3000000E+02 -.7836E+06  .5218E+07   .9985013  .0132573  .0530971
T  242  2 .1831978E+07   3000000E+02  .8929E+05 -.3095E+07   .9998156  .0023349 -.0190607
T  243  2 .1881232E+07   3000000E+02 -.1929E+07 -.1737E+07   .9997515 -.0136702 -.0176090
T  244  2 .1806255E+07   3000000E+02 -.1652E+07 -.3173E+07   .9997136 -.0072009 -.0228224
T  245  2 .1805646E+07   3000000E+02  .1850E+07 -.6562E+07   .9971896  .0376699 -.0647601
T  246  2 .1840908E+07   3000000E+02  .4396E+07 -.8486E+05   .9992650  .0282241  .0259406
T  247  2 .1853636E+07   3000000E+02  .2038E+06  .1964E+07   .9998572 -.0055751  .0159547
T  248  2 .1748891E+07   3000000E+02  .2542E+07  .1683E+06   .9991633  .0308837 -.0268122
T  249  2 .1725435E+07   3000000E+02  .2036E+07  .5481E+06   .9997912  .0204264  .0005770
T  250  2 .1561608E+07   3000000E+02 -.4295E+07 -.1080E+08   .8412093 -.0302932 -.5398604
T  251  2 .1795294E+07   3000000E+02 -.2220E+07 -.2190E+06   .9998034 -.0114818  .0161678
T  252  2 .1886716E+07   3000000E+02  .2851E+07  .2338E+07   .9996251  .0068941  .0264996
T  253  2 .1757442E+07   3000000E+02 -.1823E+07  .6258E+06   .9998987 -.0114719 -.0084212
T  254  2 .1815970E+07   3000000E+02 -.2018E+07  .1840E+07   .9995856 -.0259001 -.0125603
T  255  2 .1877670E+07   3000000E+02  .7620E+05 -.4447E+07   .9995115 -.0215751 -.0226109
T  256  2 .1887526E+07   3000000E+02  .1592E+07 -.1064E+07   .9998839  .0022166 -.0150769
T  257  2 .1768222E+07   3000000E+02 -.3587E+07  .3701E+07   .9996940 -.0170007  .0179699
T  258  2 .1815519E+07   3000000E+02 -.1113E+07 -.8127E+06   .9999416  .0107569 -.0010018
T  259  2 .1875563E+07   3000000E+02 -.1181E+07  .1256E+06   .9999971  .0002344  .0023801
T  260  2 .1893768E+07   3000000E+02  .5771E+06  .2559E+07   .9998984  .0022367  .0140812
T  261  2 .1857806E+07   3000000E+02  .4113E+07  .2424E+07   .9996197  .0256535  .0101143
T  262  2 .1772016E+07   3000000E+02  .3164E+07  .4730E+07   .9999269  .0120806 -.0004468
T  263  2 .1934375E+07   3000000E+02 -.2104E+07  .2258E+06   .9999673 -.0059436  .0054815
T  264  2 .1795061E+07   3000000E+02 -.1731E+07 -.2943E+07   .9995011 -.0110292 -.0295958
T  265  2 .1943087E+07   3000000E+02  .1372E+07  .3050E+07   .9990109  .0428133  .0120086
T  266  2 .1727201E+07   3000000E+02  .1065E+08 -.1090E+08   .9922658  .0579400 -.1097792
T  267  2 .1757365E+07   3000000E+02 -.5338E+05 -.2358E+07   .9995693 -.0219896 -.0194334
T  268  2 .1797646E+07   3000000E+02  .1432E+07 -.2675E+07   .9999074  .0136049  .0001431
T  269  2 .1777474E+07   3000000E+02  .5229E+05 -.1149E+07   .9999951 -.0007259 -.0030479
T  270  2 .1875006E+07   3000000E+02  .5564E+07  .1622E+07   .9988644  .0431912 -.0201109
T  271  2 .1900993E+07   3000000E+02  .2610E+07 -.1571E+07   .9998455  .0151558 -.0089030
T  272  2 .1799198E+07   3000000E+02 -.3019E+05 -.2641E+07   .9988735 -.0360378  .0308721
T  273  2 .1799515E+07   3000000E+02  .5351E+07  .1884E+07   .9958199  .0888451 -.0211963
T  274  2 .1736549E+07   3000000E+02 -.4722E+07  .1872E+06   .9985885 -.0383106  .0367860
T  275  2 .1748252E+07   3000000E+02 -.2691E+06 -.1116E+07   .9998026 -.0136392 -.0144443
T  276  2 .1760891E+07   3000000E+02 -.2255E+07 -.6333E+05   .9997963 -.0201820 -.0002101
T  277  2 .1756836E+07   3000000E+02  .9118E+07 -.4081E+07   .9998376  .0069603 -.0166257
T  278  2 .1804914E+07   3000000E+02 -.1968E+07 -.2120E+07   .9998336 -.0153864 -.0098030
T  279  2 .1816490E+07   3000000E+02 -.3788E+07  .3040E+07   .9999073 -.0091356  .0100938
T  280  2 .1793000E+07   3000000E+02 -.5184E+07 -.3367E+07   .9991169  .0191428 -.0374040
T  281  2 .1805619E+07   3000000E+02  .1081E+07  .6451E+06   .9995840  .0254676 -.0135379
T  282  2 .1887325E+07   3000000E+02  .4894E+07  .4746E+06   .9996684  .0247125  .0072409
T  283  2 .1870367E+07   3000000E+02 -.4010E+07  .2186E+07   .9974186 -.0699254 -.0163291
T  284  2 .1771149E+07   3000000E+02  .1185E+07  .3269E+06   .9998455 -.0017554 -.0174885
T  285  2 .1774163E+07   3000000E+02  .7402E+06  .2116E+07   .9998972  .0141529  .0023116
T  286  2 .1853621E+07   3000000E+02  .2582E+07 -.2704E+07   .9984110  .0445627 -.0344923
T  287  2 .1821192E+07   3000000E+02  .4413E+07  .2464E+07   .9996162  .0275052  .0033169
T  288  2 .1855119E+07   3000000E+02 -.1074E+07 -.3904E+07   .9999199  .0086711 -.0092159
T  289  2 .1772034E+07   3000000E+02 -.5539E+07 -.2910E+07   .9993977 -.0203826 -.0280861
T  290  2 .1781772E+07   3000000E+02 -.5653E+06  .4424E+07   .9995761 -.0242336  .0161377
T  291  2 .1863545E+07   3000000E+02 -.2308E+07  .2878E+07   .9990250 -.0070747  .0435783
T  292  2 .1805624E+07   3000000E+02  .1408E+06 -.1805E+08   .9962973  .0292728 -.0808378
T  293  2 .1825656E+07   3000000E+02 -.1036E+07  .1109E+07   .9998887 -.0137286  .0058322
T  294  2 .1842523E+07   3000000E+02 -.1082E+07  .2288E+07   .9999359  .0081694  .0078367
T  295  2 .1870294E+07   3000000E+02  .7833E+06 -.2194E+07   .9998810  .0106758 -.0111359
T  296  2 .1885570E+07   3000000E+02 -.6497E+06 -.2130E+07   .9999997  .0007468 -.0003277
T  297  2 .1829836E+07   3000000E+02  .4921E+07 -.1389E+07   .9997662  .0182527 -.0115946
T  298  2 .1867706E+07   3000000E+02  .7973E+07 -.5443E+06   .9996127  .0277961  .0013780
T  299  2 .1734146E+07   3000000E+02 -.8511E+05  .5331E+07   .9994768 -.0040537  .0320900
T  300  2 .1900320E+07   3000000E+02 -.6842E+07  .1886E+07   .9995809 -.0255063  .0136944
T  301  2 .1829799E+07   3000000E+02 -.5673E+06  .2689E+07   .9993674  .0197094  .0296033
T  302  2 .1805956E+07   3000000E+02  .7701E+06  .2215E+07   .9999153 -.0088326  .0095636
T  303  2 .1929790E+07   3000000E+02  .2637E+07  .1729E+07   .9992879  .0320014  .0199917
T  304  2 .1819829E+07   3000000E+02 -.7689E+07 -.9811E+07   .9909886 -.0826152 -.1054343
T  305  2 .1805955E+07   3000000E+02  .2967E+07  .2205E+07   .9993887  .0323758  .0131919
T  306  2 .1828481E+07   3000000E+02  .1391E+07 -.3385E+07   .9997090  .0135951 -.0199290
T  307  2 .1864906E+07   3000000E+02  .7078E+05 -.1526E+07   .9999536  .0095475  .0013041
T  308  2 .1886636E+07   3000000E+02  .5697E+06  .6781E+07   .9999716  .0051654  .0054949
T  309  2 .1850580E+07   3000000E+02 -.1559E+07  .2635E+07   .9990258 -.0423393 -.0124401
T  310  2 .1927809E+07   3000000E+02 -.3380E+07 -.4326E+07   .9992932 -.0147110 -.0345944
T  311  2 .1738562E+07   3000000E+02 -.2251E+07  .3094E+07   .9979815 -.0539747  .0334625
T  312  2 .1823056E+07   3000000E+02  .8562E+06  .1867E+06   .9999586  .0070302 -.0057766
T  313  2 .1771566E+07   3000000E+02  .1345E+07 -.2564E+06   .9999066 -.0004863  .0136563
T  314  2 .1819141E+07   3000000E+02  .1161E+08  .1958E+07   .9968164  .0777964  .0174576
T  315  2 .1768535E+07   3000000E+02 -.5896E+07  .1184E+08   .9961828 -.0356485  .0796811
T  316  2 .1810462E+07   3000000E+02 -.1848E+05  .1683E+07   .9999777  .0064945 -.0015504
T  317  2 .1810235E+07   3000000E+02 -.2582E+07  .2038E+07   .9999609  .0040448  .0078696
T  318  2 .1809066E+07   3000000E+02 -.3873E+07  .4774E+07   .9994038 -.0084370  .0334796
T  319  2 .1821022E+07   3000000E+02 -.3548E+07  .2055E+07   .9998394 -.0089738 -.0155128
T  320  2 .1838788E+07   3000000E+02 -.1020E+07 -.6153E+06   .9999290 -.0051987  .0107241
T  321  2 .1935959E+07   3000000E+02  .2776E+06  .2375E+07   .9999084 -.0003977 -.0135284
T  322  2 .1832593E+07   3000000E+02  .2881E+07 -.3618E+07   .9957166 -.0676897 -.0629800
T  323  2 .1880431E+07   3000000E+02 -.4379E+07 -.1012E+08   .9989666 -.0382619 -.0245305
T  324  2 .1776475E+07   3000000E+02  .1485E+07 -.3322E+07   .9977264  .0558966 -.0376498
T  325  2 .1890235E+07   3000000E+02 -.1161E+08  .5991E+07   .9957519 -.0790710  .0471803
T  326  2 .1880594E+07   3000000E+02 -.1943E+07 -.3348E+07   .9996453  .0059945 -.0259479
T  327  2 .1825117E+07   3000000E+02 -.7374E+06  .4426E+07   .9991011 -.0004597  .0423888
T  328  2 .1821535E+07   3000000E+02  .6160E+06  .1253E+07   .9995112  .0268045  .0160894
T  329  2 .1777432E+07   3000000E+02 -.5555E+07 -.4075E+07   .9988878 -.0229878 -.0411661
T  330  2 .1832603E+07   3000000E+02  .5094E+07 -.7117E+06   .9990609  .0114526 -.0417869
T  331  2 .1793318E+07   3000000E+02 -.6315E+06  .1963E+07   .9985995 -.0366999  .0381073
T  332  2 .1847270E+07   3000000E+02  .2663E+07 -.4815E+07   .9994912  .0186782 -.0258557
T  333  2 .1919271E+07   3000000E+02  .4042E+06  .2577E+06   .9999254  .0091293  .0081199
T  334  2 .1795934E+07   3000000E+02  .1566E+07 -.2604E+07   .9981937  .0081349 -.0595240
T  335  2 .1837769E+07   3000000E+02  .3350E+06  .2163E+07   .9998479  .0051306  .0166702
T  336  2 .1817366E+07   3000000E+02 -.2703E+07  .1812E+07   .9997801 -.0206320 -.0037432
T  337  2 .1871604E+07   3000000E+02 -.1296E+07 -.1378E+07   .9999995  .0008806  .0005175
T  338  2 .1758678E+07   3000000E+02 -.1462E+07 -.1749E+07   .9999481 -.0091626 -.0044444
T  339  2 .1868091E+07   3000000E+02  .1027E+07 -.8061E+06   .9998356  .0179233  .0027588
T  340  2 .1848871E+07   3000000E+02 -.1674E+07 -.4511E+06   .9998310 -.0104498  .0151222
T  341  2 .1846762E+07   3000000E+02 -.4602E+06  .1255E+07   .9997399  .0029734  .0226100
T  342  2 .1885136E+07   3000000E+02  .6923E+06  .2154E+07   .9999507 -.0063168 -.0076623
T  343  2 .1852435E+07   3000000E+02  .1012E+07  .8196E+06   .9999646  .0033777 -.0077115
T  344  2 .1717143E+07   3000000E+02 -.2025E+07  .2348E+07   .9990904 -.0145982  .0400667
T  345  2 .1804645E+07   3000000E+02 -.4945E+06 -.3978E+07   .9988584  .0000196 -.0477685
T  346  2 .1850394E+07   3000000E+02 -.5715E+07 -.2104E+07   .9996693 -.0244240 -.0080468
T  347  2 .1758866E+07   3000000E+02  .2223E+06 -.1841E+07   .9973828  .0453104 -.0563431
T  348  2 .1810552E+07   3000000E+02  .4692E+07 -.1567E+07   .9995763  .0232740 -.0174821
T  349  2 .1746359E+07   3000000E+02  .8293E+07  .7076E+06   .9911064  .1297702  .0294595
T  350  2 .1746717E+07   3000000E+02  .3629E+07  .1117E+07   .9991070  .0416842 -.0069036
T  351  2 .1708412E+07   3000000E+02 -.3759E+07 -.1469E+06   .9996751  .0032424 -.0252805
T  352  2 .1845432E+07   3000000E+02  .3227E+07  .3308E+07   .9989697  .0222245  .0395685
T  353  2 .1838687E+07   3000000E+02  .3392E+07  .5805E+07   .9989034  .0358805  .0300751
T  354  2 .1852133E+07   3000000E+02  .4440E+07 -.1014E+08   .9962592  .0299129 -.0810730
T  355  2 .1778015E+07   3000000E+02  .9380E+05  .4354E+07   .9980440  .0090204  .0618605
T  356  2 .1851036E+07   3000000E+02  .4722E+07 -.2956E+07   .9977102  .0562364 -.0375746
T  357  2 .1853175E+07   3000000E+02 -.5294E+07 -.2028E+07   .9998332 -.0180082 -.0030312
T  358  2 .1796924E+07   3000000E+02 -.5712E+07  .2345E+07   .9954027 -.0841299  .0457775
T  359  2 .1791386E+07   3000000E+02 -.4286E+07 -.7870E+06   .9996958 -.0213843  .0122900
T  360  2 .1779246E+07   3000000E+02 -.1948E+07  .6282E+06   .9994446 -.0307006 -.0129564
T  361  2 .1843936E+07   3000000E+02 -.2713E+07 -.1668E+07   .9998175 -.0157998 -.0107436
T  362  2 .1917461E+07   3000000E+02 -.1740E+07 -.9778E+06   .9996517  .0140015 -.0223710
T  363  2 .1826621E+07   3000000E+02  .3201E+07  .9770E+06   .9992091  .0394380  .0050827
T  364  2 .1797740E+07   3000000E+02 -.2997E+07 -.2358E+07   .9998097 -.0171519 -.0092907
T  365  2 .1875360E+07   3000000E+02  .1810E+07  .2075E+07   .9992334  .0299144  .0252518
T  366  2 .1858369E+07   3000000E+02  .2545E+07  .2460E+07   .9993689  .0354961 -.0013579
T  367  2 .1727992E+07   3000000E+02  .4498E+07  .2034E+07   .9996126  .0235447  .0148422
T  368  2 .1761422E+07   3000000E+02 -.7045E+07  .3485E+07   .9987967 -.0407173  .0273377
T  369  2 .1759578E+07   3000000E+02  .5660E+07  .4429E+07   .9984511  .0312354  .0460416
T  370  2 .1628488E+07   3000000E+02  .1059E+08  .1656E+08   .9707015  .1406024  .1948576
T  371  2 .1822285E+07   3000000E+02 -.4905E+06  .4964E+07   .9963234 -.0185292  .0836447
T  372  2 .1807160E+07   3000000E+02  .1242E+07 -.2530E+07   .9989639  .0452061 -.0052408
T  373  2 .1880424E+07   3000000E+02 -.6993E+06  .6397E+06   .9999530  .0019480  .0095008
T  374  2 .1776147E+07   3000000E+02 -.7284E+07 -.2780E+06   .9990810 -.0396758  .0162190
T  375  2 .1782378E+07   3000000E+02  .1063E+06  .1114E+07   .9997684  .0022096  .0214051
T  376  2 .1858711E+07   3000000E+02 -.1254E+07 -.2794E+07   .9994146 -.0171193 -.0296196
T  377  2 .1902042E+07   3000000E+02  .1442E+07  .7592E+06   .9995891  .0274530  .0082455
T  378  2 .1762957E+07   3000000E+02  .4534E+07 -.4781E+07   .9992834  .0193011 -.0325597
T  379  2 .1857903E+07   3000000E+02 -.1182E+08 -.3045E+07   .9989408 -.0351316 -.0297163
T  380  2 .1798021E+07   3000000E+02  .1372E+07 -.3096E+07   .9995436  .0194257 -.0231345
T  381  2 .1896825E+07   3000000E+02  .1143E+07  .8715E+06   .9993072  .0347411  .0133516
T  382  2 .1767087E+07   3000000E+02 -.1816E+06  .7355E+06   .9997664  .0197705  .0087292
T  383  2 .1822248E+07   3000000E+02  .1722E+07 -.4284E+07   .9993615 -.0077633 -.0348751
T  384  2 .1908858E+07   3000000E+02  .8699E+07  .8020E+06   .9955327  .0824254  .0460502
T  385  2 .1874632E+07   3000000E+02  .4337E+07 -.1714E+07   .9986269  .0470269 -.0230817
T  386  2 .1860133E+07   3000000E+02  .2595E+06  .1795E+07   .9996148  .0270764  .0060953
T  387  2 .1863882E+07   3000000E+02 -.1527E+07 -.4925E+07   .9984034 -.0043880 -.0563160
T  388  2 .1888398E+07   3000000E+02 -.3886E+05  .1943E+07   .9998148 -.0143250 -.0128531
T  389  2 .1780062E+07   3000000E+02 -.3924E+06  .2800E+07   .9990633  .0106612  .0419393
T  390  2 .1788956E+07   3000000E+02  .3655E+07 -.5284E+07   .9988868  .0224129 -.0415075
T  391  2 .1829460E+07   3000000E+02 -.2490E+07 -.1445E+07   .9999687 -.0064208 -.0046241
T  392  2 .1825938E+07   3000000E+02  .2281E+06 -.1928E+07   .9996144  .0251742 -.0117172
T  393  2 .1720304E+07   3000000E+02 -.1683E+07 -.4701E+07   .9995349 -.0106902 -.0285612
T  394  2 .1824358E+07   3000000E+02 -.4000E+07 -.3380E+07   .9989781 -.0272535 -.0360557
T  395  2 .1860532E+07   3000000E+02 -.1500E+06  .1003E+07   .9999221  .0046831 -.0115715
T  396  2 .1795223E+07   3000000E+02 -.1292E+07  .2940E+07   .9997235 -.0110386 -.0207619
T  397  2 .1840164E+07   3000000E+02 -.1154E+07 -.2911E+07   .9997413 -.0003911 -.0227407
T  398  2 .1876211E+07   3000000E+02  .2548E+07  .2612E+06   .9991871  .0367730 -.0165203
T  399  2 .1828521E+07   3000000E+02  .3941E+06 -.5876E+06   .9999124 -.0111015  .0072118
T  400  2 .1865170E+07   3000000E+02  .1818E+07 -.2171E+07   .9999727 -.0045942 -.0057918
T  401  2 .1757395E+07   3000000E+02 -.3986E+07  .2626E+07   .9987327 -.0495856  .0086188
T  402  2 .1835289E+07   3000000E+02  .7440E+06 -.5653E+07   .9992969 -.0199979 -.0317146
T  403  2 .1924776E+07   3000000E+02  .2029E+07 -.3561E+06   .9994262 -.0050078 -.0334995
T  404  2 .1806185E+07   3000000E+02 -.9508E+06  .5815E+06   .9999145  .0090028  .0094837
T  405  2 .1808626E+07   3000000E+02  .9676E+07 -.2567E+07   .9995260  .0129544 -.0279293
T  406  2 .1828592E+07   3000000E+02  .7091E+06 -.8502E+05   .9999804 -.0022940 -.0058171
T  407  2 .1752685E+07   3000000E+02  .4641E+06 -.3319E+07   .9997113  .0069710 -.0229957
T  408  2 .1757625E+07   3000000E+02  .1238E+07 -.1213E+07   .9993043  .0331013  .0171845
T  409  2 .1805246E+07   3000000E+02 -.2947E+06 -.1511E+07   .9999295 -.0030510 -.0114772
T  410  2 .1839059E+07   3000000E+02 -.1639E+07 -.3843E+06   .9999979  .0005285 -.0019761
T  411  2 .1813672E+07   3000000E+02  .3591E+07 -.7667E+07   .9949388  .0032835 -.1004296
T  412  2 .1773540E+07   3000000E+02  .2396E+07  .3874E+07   .9997366  .0183575  .0137768
T  413  2 .1755702E+07   3000000E+02 -.3109E+05 -.3102E+07   .9989128  .0211700 -.0415336
T  414  2 .1956789E+07   3000000E+02  .7903E+06  .1537E+07   .9999681 -.0076134  .0024031
T  415  2 .1864811E+07   3000000E+02  .1062E+06  .4138E+07   .9991507  .0400453  .0097104
T  416  2 .1780879E+07   3000000E+02 -.1527E+07  .2530E+07   .9975090 -.0623820  .0329286
T  417  2 .1856924E+07   3000000E+02  .2737E+07  .2442E+06   .9990814  .0241030 -.0354309
T  418  2 .1757135E+07   3000000E+02 -.1170E+07 -.6986E+07   .9957367 -.0367563 -.0846014
T  419  2 .1749552E+07   3000000E+02 -.1270E+08  .7202E+07   .9911697 -.1093374  .0750201
T  420  2 .1884794E+07   3000000E+02 -.8815E+06  .1810E+07   .9997471 -.0047669  .0219787
T  421  2 .1865770E+07   3000000E+02 -.1324E+07  .6117E+07   .9986922 -.0062414  .0507439
T  422  2 .1756790E+07   3000000E+02  .8212E+06  .1488E+07   .9994009  .0180810  .0295107
T  423  2 .1843617E+07   3000000E+02  .8477E+07  .4133E+07   .9981237  .0545236  .0278607
T  424  2 .1862252E+07   3000000E+02  .6141E+06 -.4660E+07   .9992942 -.0108122 -.0359751
T  425  2 .1816282E+07   3000000E+02 -.1044E+07 -.1830E+07   .9996731 -.0170860 -.0190211
T  426  2 .1881974E+07   3000000E+02 -.1578E+08 -.5844E+06   .9882776 -.1454447 -.0464035
T  427  2 .1836582E+07   3000000E+02 -.1901E+08  .1602E+08   .9906243 -.1046382  .0878314
T  428  2 .1776543E+07   3000000E+02 -.4230E+07  .2460E+07   .9998003 -.0117622  .0161536
T  429  2 .1858466E+07   3000000E+02  .4259E+07 -.1654E+07   .9995202  .0298780 -.0081669
T  430  2 .1802109E+07   3000000E+02  .1654E+08 -.1738E+07   .9973299  .0721021 -.0115933
T  431  2 .1902881E+07   3000000E+02 -.2900E+07 -.1489E+08   .9967362 -.0043475 -.0806105
T  432  2 .1800444E+07   3000000E+02  .3176E+06  .1093E+07   .9999842  .0048716  .0028165
T  433  2 .1792182E+07   3000000E+02 -.3777E+07 -.3785E+07   .9991541 -.0407877 -.0052455
T  434  2 .1771407E+07   3000000E+02 -.2746E+06  .3151E+07   .9997719  .0103098  .0187035
T  435  2 .1953193E+07   3000000E+02 -.2312E+07  .2827E+07   .9997950 -.0051647  .0195774
T  436  2 .1942933E+07   3000000E+02 -.2212E+06  .8549E+06   .9995040 -.0093122 -.0300846
T  437  2 .1802851E+07   3000000E+02  .6254E+07  .2609E+07   .9979350  .0637720  .0076748
T  438  2 .1757784E+07   3000000E+02 -.2388E+07  .1645E+07   .9995293 -.0264633  .0155194
T  439  2 .1837105E+07   3000000E+02 -.5538E+07  .1044E+08   .9989678 -.0276573  .0360344
T  440  2 .1794788E+07   3000000E+02 -.3422E+07 -.2970E+07   .9998830 -.0138891 -.0064147
T  441  2 .1723296E+07   3000000E+02  .1410E+07  .9728E+06   .9998301 -.0133886  .0126703
T  442  2 .1828122E+07   3000000E+02  .1495E+07 -.3750E+07   .9979382  .0463338 -.0444139
T  443  2 .1813985E+07   3000000E+02  .5587E+07  .1840E+07   .9996221  .0235598  .0141614
T  444  2 .1792044E+07   3000000E+02  .4772E+07 -.4200E+06   .9986916  .0381587  .0340435
T  445  2 .1761070E+07   3000000E+02 -.5586E+07 -.1916E+06   .9988769 -.0453866 -.0136018
T  446  2 .1738503E+07   3000000E+02  .3284E+07  .2281E+06   .9996320  .0269633  .0029641
T  447  2 .1753550E+07   3000000E+02  .2971E+07 -.9955E+06   .9996449 -.0124899 -.0235389
T  448  2 .1824592E+07   3000000E+02  .3015E+07  .4850E+06   .9999157  .0112293  .0065127
T  449  2 .1692644E+07   3000000E+02 -.1566E+08  .1197E+08   .9616761 -.2088875  .1776096
T  450  2 .1783915E+07   3000000E+02 -.2888E+07  .3938E+06   .9995816 -.0120155 -.0263125
T  451  2 .1866831E+07   3000000E+02 -.1075E+07  .2989E+07   .9998523 -.0002979  .0171815
T  452  2 .1784848E+07   3000000E+02 -.2539E+07 -.3555E+07   .9999633 -.0076952 -.0037719
T  453  2 .1806262E+07   3000000E+02  .2082E+07  .4416E+07   .9992549  .0075431  .0378512
T  454  2 .1850415E+07   3000000E+02 -.1972E+07 -.2102E+06   .9997557 -.0221015  .0001237
T  455  2 .1798467E+07   3000000E+02  .2802E+07 -.6852E+07   .9991918  .0117210 -.0384484
T  456  2 .1784095E+07   3000000E+02 -.3475E+07 -.3307E+05   .9995924 -.0285464 -.0002245
T  457  2 .1859585E+07   3000000E+02 -.4245E+07  .4013E+07   .9993387 -.0282851  .0228515
T  458  2 .1799913E+07   3000000E+02 -.6597E+06 -.5063E+06   .9995999  .0092336  .0267372
T  459  2 .1900907E+07   3000000E+02 -.1534E+07  .7243E+06   .9996834 -.0251020 -.0017323
T  460  2 .1812591E+07   3000000E+02  .2706E+06  .4528E+07   .9995661 -.0244183  .0164757
T  461  2 .1892762E+07   3000000E+02 -.9942E+06  .1535E+07   .9998768  .0068977  .0141026
T  462  2 .1881726E+07   3000000E+02 -.1579E+07 -.2642E+07   .9996679  .0012743 -.0257388
T  463  2 .1889364E+07   3000000E+02 -.4072E+06  .4375E+05   .9991820  .0235422 -.0328812
T  464  2 .1883589E+07   3000000E+02  .3959E+07  .1108E+07   .9995267  .0307619  .0002576
T  465  2 .1961915E+07   3000000E+02 -.3452E+07  .2020E+07   .9996833 -.0230590  .0100822
T  466  2 .1858241E+07   3000000E+02 -.3389E+07 -.1966E+07   .9992923 -.0307749 -.0216285
T  467  2 .1810653E+07   3000000E+02 -.1696E+07 -.4331E+07   .9998512  .0024379 -.0170780
T  468  2 .1758051E+07   3000000E+02  .6780E+06  .2816E+07   .9930743 -.0045522  .1173997
T  469  2 .1838389E+07   3000000E+02  .1305E+07  .6610E+06   .9999209  .0089669 -.0088227
T  470  2 .1770966E+07   3000000E+02  .2759E+06 -.6360E+07   .9989329 -.0159926 -.0433275
T  471  2 .1850207E+07   3000000E+02  .1675E+07  .1165E+07   .9996536  .0013597  .0262823
T  472  2 .1720434E+07   3000000E+02 -.4130E+07  .1719E+07   .9991917 -.0231481  .0328649
T  473  2 .1817596E+07   3000000E+02 -.2749E+07  .4121E+07   .9998214 -.0098554  .0161275
T  474  2 .1767626E+07   3000000E+02 -.2045E+07  .3753E+07   .9998081 -.0084289  .0176832
T  475  2 .1733901E+07   3000000E+02  .5030E+07 -.1408E+07   .9992244  .0107644 -.0378773
T  476  2 .1765294E+07   3000000E+02  .2217E+07 -.1110E+07   .9997071  .0165396 -.0176654
T  477  2 .1821472E+07   3000000E+02  .1149E+08 -.5536E+07   .9984590  .0525319 -.0178867
T  478  2 .1803139E+07   3000000E+02  .4216E+07  .7916E+07   .9874309 -.0454059  .1513883
T  479  2 .1715294E+07   3000000E+02  .3116E+07 -.3272E+07   .9998762 -.0050977 -.0148850
T  480  2 .1869077E+07   3000000E+02 -.4419E+07  .1174E+06   .9994407 -.0316363 -.0108342
T  481  2 .1883755E+07   3000000E+02  .3470E+07  .1828E+07   .9996738  .0184729  .0176374
T  482  2 .1822595E+07   3000000E+02  .5320E+06 -.1217E+07   .9999718 -.0029692 -.0068995
T  483  2 .1797294E+07   3000000E+02  .8489E+05  .3849E+07   .9996322  .0097163  .0253195
T  484  2 .1960915E+07   3000000E+02  .1529E+07  .6299E+06   .9995587  .0207800  .0212259
T  485  2 .1785004E+07   3000000E+02 -.3016E+07 -.9949E+06   .9995361 -.0289656 -.0094151
T  486  2 .1767690E+07   3000000E+02  .1749E+07  .2962E+07   .9998131  .0002698  .0193332
T  487  2 .1822099E+07   3000000E+02 -.2700E+07 -.2433E+06   .9992685 -.0366806  .0108187
T  488  2 .1905185E+07   3000000E+02 -.1897E+06 -.6421E+06   .9999485  .0101266 -.0006636
T  489  2 .1798955E+07   3000000E+02  .4473E+07  .3040E+07   .9979301  .0556188  .0322801
T  490  2 .1854556E+07   3000000E+02  .1571E+07 -.7784E+06   .9996231  .0088206  .0259954
T  491  2 .1806055E+07   3000000E+02  .1880E+07  .4920E+06   .9997782  .0191611  .0087388
T  492  2 .1791390E+07   3000000E+02  .3611E+06  .3060E+07   .9994942  .0145582 -.0282720
T  493  2 .1896870E+07   3000000E+02  .7429E+05  .1553E+07   .9998692  .0134106  .0090424
T  494  2 .1774260E+07   3000000E+02  .1493E+06 -.6671E+06   .9999362 -.0032400 -.0108248
T  495  2 .1832175E+07   3000000E+02 -.2816E+07  .5061E+07   .9991942 -.0056337  .0397390
T  496  2 .1917697E+07   3000000E+02  .7705E+07 -.3312E+07   .9985955  .0511101 -.0139589
T  497  2 .1808895E+07   3000000E+02 -.4761E+07 -.3057E+07   .9999138 -.0121159  .0050669
T  498  2 .1765803E+07   3000000E+02  .3314E+07 -.9759E+05   .9985978  .0525005 -.0067956
T  499  2 .1846278E+07   3000000E+02  .8202E+05  .1104E+07   .9994503  .0058599  .0326320
T  500  2 .1891172E+07   3000000E+02 -.4123E+07  .1295E+06   .9995170 -.0205469 -.0233160
T  501  2 .1765456E+07   3000000E+02 -.2864E+07 -.3738E+07   .9997506 -.0131504 -.0180505
T  502  2 .1875822E+07   3000000E+02  .2218E+06  .1910E+07   .9995981 -.0082266 -.0271303
T  503  2 .1788098E+07   3000000E+02 -.5791E+06  .2448E+07   .9992681 -.0135329  .0357795
T  504  2 .1855948E+07   3000000E+02 -.2050E+07 -.5025E+07   .9999516 -.0021565  .0096038
T  505  2 .1858834E+07   3000000E+02  .5584E+07  .1750E+07   .9991935  .0390475  .0093624
T  506  2 .1877743E+07   3000000E+02 -.9700E+06 -.3125E+06   .9998711 -.0017495 -.0159581
T  507  2 .1802500E+07   3000000E+02  .1427E+06  .4554E+07   .9993833 -.0090622  .0339243
T  508  2 .1752279E+07   3000000E+02  .2192E+07 -.6113E+05   .9997684  .0214861 -.0012538
T  509  2 .1826093E+07   3000000E+02 -.7499E+07  .3955E+07   .9986249 -.0432551  .0296183
T  510  2 .1810278E+07   3000000E+02 -.5050E+06 -.5659E+06   .9998715  .0144771  .0068879
T  511  2 .1835713E+07   3000000E+02 -.9091E+06  .1269E+07   .9996236 -.0141399  .0235105
T  512  2 .1776377E+07   3000000E+02 -.3211E+07 -.5986E+07   .9985736 -.0484290 -.0224801
T  513  2 .1878829E+07   3000000E+02  .2516E+05  .2814E+07   .9995250  .0197952  .0236190
T  514  2 .1846804E+07   3000000E+02  .3122E+06 -.4543E+06   .9997705 -.0078624  .0199266
T  515  2 .1779177E+07   3000000E+02 -.3550E+07 -.1373E+07   .9997454  .0075909  .0212489
T  516  2 .1815598E+07   3000000E+02  .5837E+07  .3449E+07   .9990721  .0332516  .0273743
T  517  2 .1875366E+07   3000000E+02  .2568E+07  .2343E+07   .9996376  .0252000 -.0094685
T  518  2 .1736567E+07   3000000E+02  .1734E+07  .6038E+06   .9996650  .0256128 -.0037116
T  519  2 .1737374E+07   3000000E+02  .3848E+07 -.2553E+07   .9956603  .0902426 -.0227341
T  520  2 .1881811E+07   3000000E+02 -.1052E+07 -.1332E+06   .9998157 -.0069726 -.0178898
T  521  2 .1836458E+07   3000000E+02 -.1048E+08 -.8373E+07   .9977498 -.0132082 -.0657330
T  522  2 .1799377E+07   3000000E+02  .3192E+07 -.9112E+06   .9978292  .0177076 -.0634303
T  523  2 .1921983E+07   3000000E+02 -.3264E+07 -.3886E+07   .9998060 -.0134856 -.0143579
T  524  2 .1889241E+07   3000000E+02  .7742E+07 -.2939E+07   .9982942  .0500988 -.0299785
T  525  2 .1755247E+07   3000000E+02  .2302E+07 -.2365E+07   .9997659  .0070625 -.0204532
T  526  2 .1814967E+07   3000000E+02 -.1314E+06 -.3279E+07   .9999171  .0092214  .0089820
T  527  2 .1777464E+07   3000000E+02  .4374E+07 -.1215E+07   .9988208  .0485183  .0017377
T  528  2 .1939827E+07   3000000E+02  .1877E+07 -.3170E+07   .9991596  .0269193 -.0309113
T  529  2 .1808784E+07   3000000E+02 -.5618E+07  .8938E+06   .9951352 -.0796410 -.0579941
T  530  2 .1793047E+07   3000000E+02  .9977E+06 -.1865E+07   .9997596  .0051411 -.0213134
T  531  2 .1841030E+07   3000000E+02  .1031E+07  .3205E+07   .9993248  .0104376  .0352264
T  532  2 .1864915E+07   3000000E+02  .1154E+07 -.1657E+07   .9996500 -.0162546 -.0208702
T  533  2 .1773278E+07   3000000E+02 -.4517E+07  .1811E+07   .9992043 -.0286614  .0277376
T  534  2 .1911029E+07   3000000E+02 -.5778E+07  .2777E+07   .9994111 -.0321087  .0121001
T  535  2 .1841476E+07   3000000E+02 -.1054E+07 -.5931E+07   .9987688 -.0038868 -.0494543
T  536  2 .1762849E+07   3000000E+02 -.2268E+07  .2052E+07   .9991566 -.0349375  .0215739
T  537  2 .1753690E+07   3000000E+02  .1194E+07 -.5088E+06   .9995621  .0246684  .0163453
T  538  2 .1871447E+07   3000000E+02 -.9531E+06  .2912E+07   .9986037  .0018244  .0527949
T  539  2 .1830761E+07   3000000E+02  .1984E+07  .7177E+07   .9998359 -.0135603  .0120096
T  540  2 .1842079E+07   3000000E+02 -.2248E+07  .2626E+07   .9997120 -.0059804  .0232425
T  541  2 .1747611E+07   3000000E+02 -.2413E+07  .5133E+07   .9994738  .0120488  .0301150
T  542  2 .1876964E+07   3000000E+02  .3717E+07 -.7062E+06   .9996775  .0241082  .0079777
T  543  2 .1760776E+07   3000000E+02  .7381E+06  .1732E+07   .9992614 -.0271081  .0272370
T  544  2 .1806800E+07   3000000E+02  .7725E+06 -.4608E+07   .9983619  .0415791 -.0393037
T  545  2 .1876977E+07   3000000E+02 -.3035E+05  .1305E+07   .9999367 -.0099145  .0053280
T  546  2 .1848965E+07   3000000E+02 -.4721E+07 -.3879E+07   .9973177 -.0533385 -.0501244
T  547  2 .1856052E+07   3000000E+02 -.3577E+07  .1234E+07   .9998894 -.0140207 -.0049650
T  548  2 .1826333E+07   3000000E+02 -.2417E+06  .7236E+07   .9983111 -.0195755  .0546965
T  549  2 .1894601E+07   3000000E+02 -.7086E+07  .4919E+07   .9981614 -.0399872  .0455503
T  550  2 .1825736E+07   3000000E+02 -.2040E+07  .2097E+07   .9992150 -.0351057  .0183582
T  551  2 .1841426E+07   3000000E+02 -.1952E+07 -.5286E+07   .9988955 -.0305040 -.0357401
T  552  2 .1938648E+07   3000000E+02 -.3902E+07 -.7987E+06   .9996873 -.0210048 -.0135681
T  553  2 .1756185E+07   3000000E+02  .3018E+07  .1118E+07   .9994521  .0101677  .0314989
T  554  2 .1773887E+07   3000000E+02  .1920E+07  .1248E+07   .9981190  .0341978  .0508812
T  555  2 .1773316E+07   3000000E+02  .1197E+07 -.5007E+06   .9994890  .0297505  .0116874
T  556  2 .1841064E+07   3000000E+02  .9206E+06 -.4504E+07   .9958735  .0574849 -.0702249
T  557  2 .1942247E+07   3000000E+02 -.1220E+07 -.4717E+07   .9989355  .0025604 -.0460585
T  558  2 .2018942E+07   3000000E+02  .1379E+07 -.3061E+07   .9991540  .0081913 -.0403002
T  559  2 .1852465E+07   3000000E+02 -.9031E+06  .3497E+07   .9996703 -.0256763  .0002834
T  560  2 .1882988E+07   3000000E+02  .3274E+07 -.2580E+07   .9991927  .0356666 -.0184910
T  561  2 .1748357E+07   3000000E+02  .3518E+07  .6003E+07   .9998748  .0155742 -.0027876
T  562  2 .1940612E+07   3000000E+02 -.6325E+05  .4489E+07   .9992018 -.0221502  .0332432
T  563  2 .1785807E+07   3000000E+02  .2198E+07  .1380E+07   .9998293  .0041527  .0180057
T  564  2 .1741971E+07   3000000E+02 -.6694E+07  .8121E+07   .9973371 -.0244215  .0687186
T  565  2 .1848534E+07   3000000E+02 -.2433E+07 -.3626E+07   .9993783 -.0274020 -.0221824
T  566  2 .1860041E+07   3000000E+02 -.1373E+04 -.3175E+06   .9998259 -.0146856  .0115078
T  567  2 .1799588E+07   3000000E+02  .1291E+07  .1161E+07   .9997603 -.0041843  .0214914
T  568  2 .1817486E+07   3000000E+02  .1417E+07  .5896E+06   .9994566  .0318746 -.0083992
T  569  2 .1848690E+07   3000000E+02 -.4973E+07  .7316E+07   .9991135 -.0286485  .0308474
T  570  2 .1845375E+07   3000000E+02  .1322E+07 -.2502E+07   .9994325 -.0111708 -.0317803
T  571  2 .1789913E+07   3000000E+02  .1141E+07  .1416E+06   .9999133  .0070690 -.0111060
T  572  2 .1885631E+07   3000000E+02 -.1931E+07 -.1021E+07   .9996815 -.0224381  .0115536
T  573  2 .1801333E+07   3000000E+02  .1415E+07 -.5994E+07   .9997755 -.0034015 -.0209144
T  574  2 .1744386E+07   3000000E+02 -.7199E+07 -.5023E+07   .9990904 -.0362118 -.0225166
T  575  2 .1777864E+07   3000000E+02 -.2036E+06 -.7692E+07   .9994176 -.0081664 -.0331333
T  576  2 .1881967E+07   3000000E+02  .2883E+07 -.4383E+07   .9994321  .0170925 -.0290410
T  577  2 .1792818E+07   3000000E+02 -.4794E+06  .5172E+06   .9997087 -.0237672 -.0041988
T  578  2 .1723101E+07   3000000E+02 -.2137E+07 -.2229E+07   .9997552 -.0220510 -.0017930
T  579  2 .1817008E+07   3000000E+02  .1413E+07  .1642E+07   .9999143 -.0023329  .0128790
T  580  2 .1816845E+07   3000000E+02 -.1842E+07 -.3891E+07   .9997793  .0201406 -.0059747
T  581  2 .1848923E+07   3000000E+02 -.7955E+06 -.5125E+07   .9993512  .0018125 -.0359700
T  582  2 .1830256E+07   3000000E+02  .1015E+07  .1043E+07   .9999964  .0014236 -.0022557
T  583  2 .1897273E+07   3000000E+02 -.7300E+06 -.3781E+07   .9996463 -.0078254 -.0254181
T  584  2 .1885829E+07   3000000E+02 -.5580E+06 -.2537E+07   .9999502 -.0065006 -.0075716
T  585  2 .1809007E+07   3000000E+02 -.6708E+06  .4257E+07   .9993001 -.0308571  .0211471
T  586  2 .1933646E+07   3000000E+02  .4846E+07 -.6552E+07   .9989622  .0323816 -.0320306
T  587  2 .1826449E+07   3000000E+02 -.2148E+06 -.1764E+07   .9988811 -.0135941 -.0452968
T  588  2 .1853353E+07   3000000E+02  .2783E+06 -.6285E+07   .9987665 -.0247610 -.0430391
T  589  2 .1812167E+07   3000000E+02 -.1913E+06  .2104E+07   .9999524 -.0059704  .0077148
T  590  2 .1866784E+07   3000000E+02  .8906E+06  .2919E+07   .9997591  .0215564  .0041337
T  591  2 .1710104E+07   3000000E+02 -.4175E+07 -.2881E+07   .9996910 -.0211411 -.0130757
T  592  2 .1897457E+07   3000000E+02 -.1839E+07 -.2210E+07   .9995511 -.0290557  .0072997
T  593  2 .1782863E+07   3000000E+02  .1175E+07  .2633E+07   .9998621  .0163873 -.0027081
T  594  2 .1838137E+07   3000000E+02 -.4361E+07 -.1051E+07   .9989801 -.0410896 -.0187169
T  595  2 .1866946E+07   3000000E+02 -.1470E+07 -.7543E+06   .9998980 -.0065963  .0126644
T  596  2 .1835911E+07   3000000E+02 -.3219E+07  .2854E+06   .9998695 -.0097363 -.0128886
T  597  2 .1719783E+07   3000000E+02 -.4738E+07  .3150E+07   .9998490 -.0125113  .0120600
T  598  2 .1784926E+07   3000000E+02  .5498E+07 -.2258E+07   .9990150  .0202623 -.0394786
T  599  2 .1850971E+07   3000000E+02  .1176E+06  .2551E+07   .9999950  .0012144  .0029258
T  600  2 .1779904E+07   3000000E+02  .1249E+07 -.6914E+06   .9995864  .0230617 -.0171817
T  601  2 .1724335E+07   3000000E+02  .4896E+07  .1729E+07   .9993243  .0323923  .0173701
T  602  2 .1906265E+07   3000000E+02  .1997E+07 -.2726E+07   .9999489  .0042579 -.0091641
T  603  2 .1830146E+07   3000000E+02 -.5560E+06 -.7529E+07   .9975926 -.0290052 -.0629901
T  604  2 .1812231E+07   3000000E+02 -.3092E+07 -.2945E+07   .9986492 -.0108001 -.0508253
T  605  2 .1817000E+07   3000000E+02  .4548E+06  .5502E+07   .9997121 -.0001567  .0239920
T  606  2 .1839507E+07   3000000E+02 -.3650E+07 -.6912E+06   .9997311  .0112781 -.0202635
T  607  2 .1858667E+07   3000000E+02 -.1133E+07  .3766E+06   .9999475 -.0060243  .0082856
T  608  2 .1810688E+07   3000000E+02 -.1309E+07  .1152E+07   .9999397 -.0042899 -.0101098
T  609  2 .1747043E+07   3000000E+02 -.3235E+07 -.1014E+07   .9988034 -.0488109 -.0030292
T  610  2 .1767740E+07   3000000E+02 -.9858E+06 -.4087E+07   .9973771  .0466478 -.0553442
T  611  2 .1823568E+07   3000000E+02 -.1485E+07 -.4441E+06   .9999959  .0015284  .0024181
T  612  2 .1816801E+07   3000000E+02  .1922E+07  .3328E+07   .9999632  .0063730 -.0057450
T  613  2 .1868566E+07   3000000E+02 -.1062E+06 -.3335E+07   .9997810  .0020872 -.0208209
T  614  2 .1811229E+07   3000000E+02  .1694E+07  .7659E+07   .9974131  .0008201  .0718779
T  615  2 .1906242E+07   3000000E+02  .9538E+05 -.9720E+06   .9998522  .0078584  .0152936
T  616  2 .1757730E+07   3000000E+02 -.4382E+06 -.2684E+07   .9998775 -.0121459 -.0098706
T  617  2 .1857181E+07   3000000E+02 -.3187E+07  .1591E+07   .9999193 -.0093690  .0085770
T  618  2 .1771235E+07   3000000E+02  .2108E+07  .2074E+07   .9995904  .0054828  .0280900
T  619  2 .1692793E+07   3000000E+02 -.1388E+07 -.1887E+07   .9993503 -.0131927 -.0335385
T  620  2 .1815463E+07   3000000E+02 -.2843E+06  .1385E+07   .9998609  .0115533 -.0120258
T  621  2 .1790564E+07   3000000E+02  .4853E+07  .1880E+07   .9998284  .0185201  .0003044
T  622  2 .1825243E+07   3000000E+02 -.1679E+07  .5806E+05   .9999719  .0058718 -.0046612
T  623  2 .1834611E+07   3000000E+02  .7037E+07  .1986E+07   .9925684  .1212145 -.0107241
T  624  2 .1810868E+07   3000000E+02 -.7891E+06 -.2299E+07   .9987348 -.0023762 -.0502305
T  625  2 .1793642E+07   3000000E+02  .5926E+06 -.1254E+07   .9997843 -.0001413 -.0207704
T  626  2 .1837451E+07   3000000E+02 -.2236E+07  .8244E+06   .9996594 -.0260473  .0016113
T  627  2 .1836749E+07   3000000E+02 -.2075E+07  .3680E+06   .9999302 -.0044237  .0109594
T  628  2 .1879655E+07   3000000E+02 -.4221E+07  .6370E+07   .9985355 -.0354035  .0409075
T  629  2 .1820965E+07   3000000E+02  .8623E+06 -.1867E+07   .9993576  .0358381 -.0001894
T  630  2 .1918293E+07   3000000E+02  .3683E+07 -.2053E+07   .9993807  .0333600 -.0111932
T  631  2 .1783716E+07   3000000E+02 -.1560E+07 -.7343E+07   .9991744  .0154865 -.0375580
T  632  2 .1891211E+07   3000000E+02 -.8337E+06 -.1240E+07   .9996873 -.0057426 -.0243379
T  633  2 .1892010E+07   3000000E+02  .2263E+07 -.2685E+06   .9998069  .0184163 -.0068598
T  634  2 .1829290E+07   3000000E+02  .1683E+07  .2840E+07   .9989659  .0452674  .0042393
T  635  2 .1810483E+07   3000000E+02  .1071E+07  .3686E+06   .9998747  .0145812 -.0061699
T  636  2 .1888023E+07   3000000E+02 -.9147E+06 -.1121E+07   .9998615  .0160998  .0042080
T  637  2 .1910799E+07   3000000E+02  .4329E+06  .1157E+07   .9999853  .0041085  .0035519
T  638  2 .1827349E+07   3000000E+02 -.3436E+07  .1621E+07   .9996920 -.0186873  .0163318
T  639  2 .1742763E+07   3000000E+02  .3067E+07  .2768E+06   .9993694 -.0065857  .0348923
T  640  2 .1830480E+07   3000000E+02 -.2462E+07  .7698E+05   .9998176 -.0093469 -.0166573
T  641  2 .1744046E+07   3000000E+02 -.4921E+07  .4066E+06   .9995643 -.0288618 -.0061747
T  642  2 .1931547E+07   3000000E+02 -.3617E+06 -.7996E+06   .9999621  .0075114 -.0043939
T  643  2 .1734104E+07   3000000E+02  .1458E+07 -.4175E+07   .9994626  .0324506  .0046275
T  644  2 .1774737E+07   3000000E+02  .4131E+06  .6901E+06   .9994274 -.0187907  .0281389
T  645  2 .1801524E+07   3000000E+02 -.1133E+07 -.2176E+07   .9999631 -.0029191  .0080855
T  646  2 .1849628E+07   3000000E+02  .5820E+06  .2305E+07   .9997611 -.0008712  .0218415
T  647  2 .1725421E+07   3000000E+02  .1904E+07 -.2085E+07   .9996810  .0173744 -.0183292
T  648  2 .1785895E+07   3000000E+02  .6122E+05 -.6476E+07   .9995263  .0068208 -.0300124
T  649  2 .1670777E+07   3000000E+02 -.5145E+07 -.1163E+07   .9993725 -.0319001 -.0153920
T  650  2 .1709380E+07   3000000E+02 -.4500E+07 -.2187E+07   .9998804 -.0066255 -.0139752
T  651  2 .1886367E+07   3000000E+02 -.2347E+07 -.5004E+06   .9998274 -.0153690  .0104417
T  652  2 .1817928E+07   3000000E+02  .3119E+07  .1589E+07   .9985189  .0490662 -.0235062
T  653  2 .1804780E+07   3000000E+02 -.9302E+06  .1557E+07   .9971299  .0753272 -.0076065
T  654  2 .1762924E+07   3000000E+02 -.5618E+07 -.4326E+07   .9998742  .0041635 -.0153024
T  655  2 .1814622E+07   3000000E+02 -.2536E+07 -.1658E+07   .9996017  .0011420 -.0281993
T  656  2 .1830146E+07   3000000E+02  .1956E+07 -.5569E+06   .9998338  .0181874  .0012860
T  657  2 .1865638E+07   3000000E+02  .9228E+06  .1076E+07   .9998629  .0156527 -.0053926
T  658  2 .1890043E+07   3000000E+02  .1985E+07  .5467E+06   .9998994  .0070152  .0123242
T  659  2 .1910176E+07   3000000E+02  .1079E+08  .4859E+07   .9905656  .1341281  .0280953
T  660  2 .1842085E+07   3000000E+02 -.5679E+07  .6269E+07   .9986318 -.0279392  .0442040
T  661  2 .1909005E+07   3000000E+02 -.2365E+07  .1111E+07   .9999877 -.0018158  .0046128
T  662  2 .1737862E+07   3000000E+02  .2275E+07  .1152E+07   .9999734 -.0063023  .0036602
T  663  2 .1705024E+07   3000000E+02  .4866E+06 -.6906E+07   .9998750  .0016930 -.0157213
T  664  2 .1840835E+07   3000000E+02  .2190E+07  .4029E+07   .9998347  .0091228  .0157253
T  665  2 .1794622E+07   3000000E+02 -.7070E+06 -.2160E+07   .9999076  .0003160 -.0135883
T  666  2 .1813624E+07   3000000E+02  .5560E+06  .5755E+06   .9999889  .0042946  .0019438
T  667  2 .1858502E+07   3000000E+02 -.3355E+07 -.1611E+07   .9997473 -.0211950 -.0074865
T  668  2 .1890873E+07   3000000E+02 -.4102E+07 -.4068E+07   .9993330  .0025271 -.0364309
T  669  2 .1829068E+07   3000000E+02  .1381E+08 -.4188E+07   .9948943  .0912637 -.0430836
T  670  2 .1754664E+07   3000000E+02 -.2796E+07  .3085E+07   .9989304 -.0351746  .0300144
T  671  2 .1860028E+07   3000000E+02  .1857E+07  .1728E+07   .9997320  .0139043  .0185072
T  672  2 .1896094E+07   3000000E+02 -.6424E+07 -.3772E+06   .9991650 -.0350793  .0209463
T  673  2 .1876763E+07   3000000E+02  .2837E+07  .1409E+07   .9998486 -.0096038  .0145095
T  674  2 .1703260E+07   3000000E+02 -.5269E+07  .8286E+06   .9997914 -.0091593  .0182564
T  675  2 .1851530E+07   3000000E+02 -.7879E+06 -.1208E+07   .9997189 -.0207217  .0115216
T  676  2 .1783783E+07   3000000E+02 -.8170E+06 -.1555E+07   .9993833  .0320793  .0142795
T  677  2 .1836000E+07   3000000E+02 -.2023E+07  .1914E+07   .9999592 -.0052682  .0073316
T  678  2 .1844605E+07   3000000E+02 -.1626E+07  .2047E+07   .9999655 -.0075535 -.0034662
T  679  2 .1753518E+07   3000000E+02  .4332E+07 -.6416E+06   .9994716  .0324453  .0019593
T  680  2 .1808490E+07   3000000E+02  .5202E+07 -.4009E+07   .9997698  .0073258 -.0201642
T  681  2 .1810154E+07   3000000E+02  .4194E+07  .3082E+07   .9986335  .0415048  .0317574
T  682  2 .1890947E+07   3000000E+02  .2729E+07  .6513E+06   .9999943  .0002530  .0033559
T  683  2 .1805259E+07   3000000E+02  .4720E+07  .3382E+07   .9995824  .0288264 -.0019963
T  684  2 .1860310E+07   3000000E+02  .5527E+07  .1673E+07   .9985842  .0530452 -.0039700
T  685  2 .1851182E+07   3000000E+02  .1065E+07  .4027E+07   .9998362  .0070796  .0166567
T  686  2 .1921713E+07   3000000E+02  .5989E+07  .3662E+07   .9984134  .0434707  .0357897
T  687  2 .1853550E+07   3000000E+02 -.3711E+07 -.1082E+07   .9987789 -.0433014 -.0237855
T  688  2 .1883456E+07   3000000E+02  .1024E+07 -.3711E+07   .9999363 -.0062063 -.0094314
T  689  2 .1774495E+07   3000000E+02  .1862E+06  .3548E+07   .9991559  .0201423  .0358014
T  690  2 .1753653E+07   3000000E+02  .2176E+07 -.1299E+06   .9993413  .0334031 -.0141830
T  691  2 .1894757E+07   3000000E+02  .3170E+07 -.3742E+07   .9995774  .0160236 -.0242533
T  692  2 .1774654E+07   3000000E+02 -.1927E+07 -.1487E+07   .9999276 -.0119280  .0015642
T  693  2 .1838710E+07   3000000E+02 -.2689E+07 -.1698E+07   .9999859  .0024709 -.0047022
T  694  2 .1751876E+07   3000000E+02  .1884E+07 -.4627E+07   .9998997  .0070154 -.0123050
T  695  2 .1829918E+07   3000000E+02  .3102E+07  .1156E+07   .9996708  .0254194  .0034768
T  696  2 .1772493E+07   3000000E+02  .8395E+06 -.6685E+07   .9971153  .0106679 -.0751477
T  697  2 .1863911E+07   3000000E+02  .1463E+06 -.1050E+07   .9998040  .0177072  .0088544
T  698  2 .1902225E+07   3000000E+02  .2806E+06 -.1147E+07   .9999790 -.0008762 -.0064169
T  699  2 .1798492E+07   3000000E+02 -.2712E+07 -.1672E+07   .9999695 -.0050531  .0059618
T  700  2 .1795558E+07   3000000E+02  .1513E+07 -.1801E+07   .9989147  .0129958 -.0447275
T  701  2 .1895018E+07   3000000E+02 -.7733E+07 -.1077E+07   .9985389 -.0492883 -.0221543
T  702  2 .1764205E+07   3000000E+02  .1917E+07 -.1834E+07   .9999220  .0124894  .0000517
T  703  2 .1749358E+07   3000000E+02 -.7549E+06 -.3409E+07   .9993108 -.0370838  .0016666
T  704  2 .1059178E+07   3000000E+02 -.8346E+08 -.5603E+08   .8816439 -.4463856 -.1531143
T  705  2 .1740742E+07   3000000E+02 -.4726E+07  .8234E+07   .9985157 -.0386951  .0383289
T  706  2 .1783485E+07   3000000E+02  .4567E+07 -.5815E+06   .9997677  .0211605  .0041039
T  707  2 .1912794E+07   3000000E+02  .1914E+07  .3713E+06   .9999757  .0058045 -.0038588
T  708  2 .1790797E+07   3000000E+02 -.2474E+07 -.3015E+06   .9999788  .0026811 -.0059321
T  709  2 .1833742E+07   3000000E+02 -.5391E+07  .4325E+07   .9988161 -.0260105  .0411089
T  710  2 .1832448E+07   3000000E+02 -.3011E+07 -.8123E+06   .9994893 -.0319502 -.0005259
T  711  2 .1675270E+07   3000000E+02 -.6210E+06  .2188E+08   .9948510 -.0675109  .0755892
T  712  2 .1846902E+07   3000000E+02  .5666E+07  .3828E+07   .9987869  .0396945  .0291388
T  713  2 .1737459E+07   3000000E+02 -.2820E+08 -.6264E+06   .9873658 -.1583714  .0052128
T  714  2 .1825822E+07   3000000E+02  .2539E+07  .9854E+06   .9994241  .0331371  .0073041
T  715  2 .1761296E+07   3000000E+02  .4921E+07 -.3228E+07   .9986865  .0433549 -.0273052
T  716  2 .1838127E+07   3000000E+02 -.7729E+05  .2638E+07   .9996397  .0171576  .0206428
T  717  2 .1738756E+07   3000000E+02 -.1575E+07  .2023E+07   .9999476  .0029870 -.0097958
T  718  2 .1772317E+07   3000000E+02  .5926E+07 -.2989E+07   .9988038  .0455851 -.0176934
T  719  2 .1809067E+07   3000000E+02  .1041E+07 -.1226E+07   .9994567 -.0215579 -.0249325
T  720  2 .1826899E+07   3000000E+02 -.5375E+05 -.1142E+07   .9979384  .0530842 -.0360698
T  721  2 .1855942E+07   3000000E+02  .1036E+07 -.1266E+07   .9992488  .0362933 -.0135893
T  722  2 .1713803E+07   3000000E+02 -.1033E+07  .8151E+07   .9978117 -.0160463  .0641425
T  723  2 .1883755E+07   3000000E+02 -.3285E+07 -.2970E+07   .9992170 -.0103400 -.0381903
T  724  2 .1746988E+07   3000000E+02 -.2582E+07 -.1529E+07   .9991876  .0180323 -.0360400
T  725  2 .1656458E+07   3000000E+02  .1397E+08  .3660E+08   .9721178  .0940496  .2148060
T  726  2 .1798667E+07   3000000E+02 -.2496E+07 -.1683E+07   .9958856  .0087154  .0901988
T  727  2 .1886213E+07   3000000E+02 -.5996E+07 -.1054E+07   .9962417 -.0862271  .0082066
T  728  2 .1778873E+07   3000000E+02  .2695E+07 -.1245E+07   .9996956  .0061081 -.0239046
T  729  2 .1809145E+07   3000000E+02  .2122E+07 -.8409E+06   .9995213  .0304955 -.0052182
T  730  2 .1858019E+07   3000000E+02 -.2861E+07 -.1543E+06   .9994802 -.0136002 -.0292281
T  731  2 .1809491E+07   3000000E+02 -.6045E+06 -.1646E+07   .9999806 -.0045118 -.0043048
T  732  2 .1760199E+07   3000000E+02  .5176E+07 -.4396E+07   .9990644  .0304893 -.0306698
T  733  2 .1839892E+07   3000000E+02  .2076E+06  .4616E+07   .9988367  .0019246  .0481834
T  734  2 .1790869E+07   3000000E+02 -.1581E+07  .4225E+07   .9992461 -.0197208  .0334406
T  735  2 .1803935E+07   3000000E+02  .3595E+07  .8294E+06   .9998365  .0032088 -.0177957
T  736  2 .1773811E+07   3000000E+02  .2459E+07 -.2526E+05   .9999578 -.0029044 -.0087189
T  737  2 .1821754E+07   3000000E+02  .2277E+07 -.9147E+07   .9986319  .0037843 -.0521536
T  738  2 .1881393E+07   3000000E+02 -.1037E+07  .2591E+07   .9994823 -.0266281  .0180602
T  739  2 .1714619E+07   3000000E+02  .7853E+07  .6451E+07   .9973257  .0669062  .0294121
T  740  2 .1734495E+07   3000000E+02  .7600E+05  .3310E+06   .9999597 -.0018613 -.0087785
T  741  2 .1831597E+07   3000000E+02  .4365E+07 -.4054E+06   .9999170 -.0126454 -.0024525
T  742  2 .1829224E+07   3000000E+02  .2340E+06 -.1437E+07   .9993253  .0367085 -.0011671
T  743  2 .1785190E+07   3000000E+02 -.1749E+07  .4219E+06   .9997419 -.0202781 -.0102400
T  744  2 .1842081E+07   3000000E+02  .5475E+07 -.1429E+07   .9925629  .0887599 -.0833106
T  745  2 .1877330E+07   3000000E+02  .1105E+07 -.2215E+06   .9999255 -.0110384 -.0052194
T  746  2 .1814039E+07   3000000E+02  .2871E+07  .7481E+07   .9991665  .0102751  .0395058
T  747  2 .1821456E+07   3000000E+02 -.2852E+07 -.1855E+07   .9999350 -.0080570 -.0080725
T  748  2 .1801592E+07   3000000E+02  .3385E+07  .4401E+07   .9998382  .0174174 -.0044923
T  749  2 .1805868E+07   3000000E+02  .2704E+07 -.1626E+07   .9997786  .0174978  .0116858
T  750  2 .1724621E+07   3000000E+02  .2177E+07 -.2338E+07   .9993756 -.0056064 -.0348839
T  751  2 .1814740E+07   3000000E+02 -.1781E+07 -.3938E+07   .9994406 -.0259053 -.0211542
T  752  2 .1780812E+07   3000000E+02  .9420E+06 -.1784E+07   .9999093  .0124253  .0051879
T  753  2 .1776588E+07   3000000E+02 -.2333E+07 -.8003E+06   .9998760 -.0059343 -.0145852
T  754  2 .1820003E+07   3000000E+02 -.6140E+06 -.1075E+07   .9999911 -.0041159  .0009177
T  755  2 .1796106E+07   3000000E+02  .2001E+07 -.7141E+06   .9998599 -.0064865  .0154304
T  756  2 .1889195E+07   3000000E+02  .4902E+06 -.2181E+07   .9998571 -.0153821  .0070079
T  757  2 .1858652E+07   3000000E+02  .3881E+06 -.2596E+07   .9986881  .0139315 -.0492742
T  758  2 .1763814E+07   3000000E+02 -.1388E+07  .3188E+07   .9997511 -.0195556  .0107348
T  759  2 .1724185E+07   3000000E+02  .6398E+06 -.4169E+07   .9976228  .0669358 -.0163812
T  760  2 .1824109E+07   3000000E+02 -.2282E+07  .3062E+07   .9992944 -.0362598  .0097955
T  761  2 .1928249E+07   3000000E+02 -.3637E+07 -.4722E+06   .9996903 -.0196513 -.0152669
T  762  2 .1786419E+07   3000000E+02  .2491E+07  .5901E+06   .9997182  .0209706  .0111233
T  763  2 .1789517E+07   3000000E+02 -.1388E+07  .2728E+07   .9991388 -.0331409  .0249657
T  764  2 .1731404E+07   3000000E+02 -.1966E+07  .9242E+06   .9991736  .0157085  .0374877
T  765  2 .1760600E+07   3000000E+02  .1251E+07 -.3205E+06   .9999994 -.0010273 -.0002971
T  766  2 .1829730E+07   3000000E+02 -.2766E+07  .1375E+07   .9994135 -.0237273  .0246917
T  767  2 .1836650E+07   3000000E+02 -.6766E+06  .9212E+06   .9997044 -.0074508  .0231428
T  768  2 .1778246E+07   3000000E+02  .8717E+07  .6667E+07   .9970666  .0470902  .0603381
T  769  2 .1837396E+07   3000000E+02 -.1662E+05  .2387E+07   .9986683 -.0282853  .0431462
T  770  2 .1872455E+07   3000000E+02 -.2103E+06 -.2536E+06   .9999757  .0064950  .0025152
T  771  2 .1884120E+07   3000000E+02  .4486E+07 -.3091E+07   .9988309  .0301533 -.0377838
T  772  2 .1838740E+07   3000000E+02  .7504E+07 -.1633E+07   .9994380  .0236621 -.0237448
T  773  2 .1895371E+07   3000000E+02  .4063E+07 -.3110E+07   .9989844  .0375260 -.0249392
T  774  2 .1803985E+07   3000000E+02  .4022E+07  .2494E+06   .9991247  .0226033  .0351981
T  775  2 .1859393E+07   3000000E+02 -.4932E+07  .1395E+07   .9991551 -.0365337 -.0188231
T  776  2 .1755543E+07   3000000E+02 -.2678E+07 -.2773E+07   .9998827 -.0018776 -.0152006
T  777  2 .1788487E+07   3000000E+02 -.5194E+07 -.5320E+07   .9994604 -.0291569 -.0151283
T  778  2 .1852035E+07   3000000E+02 -.3543E+07  .3284E+07   .9991007 -.0407093  .0118527
T  779  2 .1722273E+07   3000000E+02  .1447E+07  .5361E+07   .9991572  .0067107  .0404951
T  780  2 .1879154E+07   3000000E+02  .1832E+07  .3617E+06   .9995897 -.0284492  .0033183
T  781  2 .1884165E+07   3000000E+02  .4901E+07  .1447E+07   .9990931  .0423612  .0042991
T  782  2 .1793336E+07   3000000E+02 -.1149E+07  .2785E+06   .9989199 -.0419099  .0200625
T  783  2 .1931499E+07   3000000E+02  .1679E+07  .3689E+07   .9997970 -.0016396  .0200827
T  784  2 .1863148E+07   3000000E+02 -.7094E+07  .9794E+07   .9998016  .0012685  .0198774
T  785  2 .1769555E+07   3000000E+02  .4841E+07  .2642E+07   .9997923  .0200687  .0035417
T  786  2 .1781091E+07   3000000E+02 -.2933E+07  .1057E+07   .9989643 -.0396760  .0222728
T  787  2 .1825075E+07   3000000E+02  .2852E+07 -.3336E+07   .9997928  .0202635 -.0019472
T  788  2 .1783250E+07   3000000E+02 -.7248E+06 -.2449E+07   .9999085  .0024786 -.0132956
T  789  2 .1824280E+07   3000000E+02  .9361E+05 -.1663E+07   .9999380  .0018370 -.0109857
T  790  2 .1808793E+07   3000000E+02 -.6139E+07  .2711E+06   .9995268 -.0258262  .0167091
T  791  2 .1828993E+07   3000000E+02  .3168E+07 -.2152E+06   .9997531  .0183123 -.0125831
T  792  2 .1841164E+07   3000000E+02 -.8819E+06 -.4586E+07   .9991289 -.0099094 -.0405364
T  793  2 .1817317E+07   3000000E+02  .1205E+07 -.1098E+08   .9957364  .0047027 -.0921242
T  794  2 .1850150E+07   3000000E+02 -.2315E+06  .8260E+06   .9999246  .0102315  .0067941
T  795  2 .1812793E+07   3000000E+02 -.5641E+07 -.9977E+07   .9978248 -.0108841 -.0650175
T  796  2 .1875289E+07   3000000E+02 -.2745E+07 -.1097E+07   .9998280 -.0168290  .0077945
T  797  2 .1867987E+07   3000000E+02 -.5266E+06  .3259E+07   .9985662 -.0253856  .0471287
T  798  2 .1827006E+07   3000000E+02  .1586E+07 -.1397E+07   .9999711  .0058217  .0048959
T  799  2 .1804619E+07   3000000E+02  .2027E+07 -.1368E+07   .9997460  .0180709  .0134697
T  800  2 .1841294E+07   3000000E+02 -.1647E+06  .2269E+07   .9995764  .0127643  .0261570
T  801  2 .1892717E+07   3000000E+02  .3763E+07  .6099E+07   .9971695  .0363338  .0658242
T  802  2 .1849417E+07   3000000E+02 -.1469E+07 -.3389E+07   .9972544 -.0652933 -.0349359
T  803  2 .1800955E+07   3000000E+02  .3029E+07  .1972E+06   .9999376  .0104222  .0040276
T  804  2 .1838820E+07   3000000E+02  .6055E+07 -.2623E+07   .9960072  .0881218  .0142922
T  805  2 .1842506E+07   3000000E+02  .1298E+07  .8635E+06   .9995284  .0306461  .0019648
T  806  2 .1729611E+07   3000000E+02 -.6067E+07  .3163E+07   .9990163 -.0418231  .0147404
T  807  2 .1659370E+07   3000000E+02 -.1318E+07 -.2544E+07   .9997189 -.0089143 -.0219700
T  808  2 .1800367E+07   3000000E+02 -.8962E+06 -.2257E+07   .9976063 -.0508251 -.0468884
T  809  2 .1866017E+07   3000000E+02 -.1846E+07 -.2117E+07   .9995038 -.0227944 -.0217384
T  810  2 .1881506E+07   3000000E+02  .4257E+07  .2020E+06   .9987981  .0483230  .0081987
T  811  2 .1789832E+07   3000000E+02 -.3179E+07 -.2989E+07   .9995380 -.0209754 -.0219944
T  812  2 .1914123E+07   3000000E+02  .2009E+07  .2038E+07   .9995051  .0309249  .0057654
T  813  2 .1816889E+07   3000000E+02 -.2312E+07  .3898E+07   .9982077 -.0019383  .0598138
T  814  2 .1832732E+07   3000000E+02 -.1662E+07  .1879E+06   .9998639 -.0139158  .0088633
T  815  2 .1856000E+07   3000000E+02  .3302E+06 -.2163E+07   .9999453 -.0009531 -.0104201
T  816  2 .1904273E+07   3000000E+02  .1562E+07  .1073E+07   .9981191 -.0171945  .0588441
T  817  2 .1948606E+07   3000000E+02  .4335E+07  .1832E+07   .9994640  .0212373  .0249141
T  818  2 .1768786E+07   3000000E+02  .6795E+06 -.2918E+07   .9998023 -.0007338 -.0198716
T  819  2 .1775591E+07   3000000E+02  .3564E+07 -.1375E+07   .9995417  .0248513  .0172881
T  820  2 .1847929E+07   3000000E+02  .3925E+07  .5930E+07   .9990421  .0076101  .0430922
T  821  2 .1729562E+07   3000000E+02  .3197E+06  .9021E+06   .9999664 -.0081895 -.0004155
T  822  2 .1851259E+07   3000000E+02  .4405E+07  .5690E+07   .9994433  .0124368  .0309594
T  823  2 .1738030E+07   3000000E+02 -.2567E+07 -.2357E+07   .9996257 -.0273458 -.0008201
T  824  2 .1787146E+07   3000000E+02 -.8178E+06  .1105E+07   .9990845 -.0108786  .0413745
T  825  2 .1869541E+07   3000000E+02  .6758E+06  .2697E+06   .9999714  .0042140 -.0062867
T  826  2 .1820338E+07   3000000E+02 -.2988E+07  .3549E+07   .9984390 -.0315470  .0460916
T  827  2 .1848186E+07   3000000E+02  .5723E+07 -.2207E+07   .9992907  .0353183 -.0130635
T  828  2 .1818334E+07   3000000E+02  .1764E+07  .1674E+07   .9996605  .0030954  .0258702
T  829  2 .1870272E+07   3000000E+02 -.9325E+06 -.5757E+06   .9998278  .0163745  .0087345
T  830  2 .1907171E+07   3000000E+02  .1240E+07 -.7158E+06   .9998776 -.0007208  .0156260
T  831  2 .1778109E+07   3000000E+02  .1224E+08 -.1051E+07   .9977575  .0663560  .0087665
T  832  2 .1713675E+07   3000000E+02  .4229E+07 -.4760E+07   .9996905  .0233616 -.0085557
T  833  2 .1893070E+07   3000000E+02  .2525E+07 -.6807E+07   .9987699  .0051616 -.0493158
T  834  2 .1894167E+07   3000000E+02  .1733E+07 -.1299E+08   .9974123  .0008263 -.0718896
T  835  2 .1864138E+07   3000000E+02  .3859E+06  .2553E+07   .9991107 -.0202308  .0369944
T  836  2 .1803742E+07   3000000E+02  .2459E+07 -.3693E+06   .9998764  .0104394  .0117539
T  837  2 .1859227E+07   3000000E+02 -.2141E+06 -.2596E+07   .9993679  .0050158 -.0351942
T  838  2 .1843324E+07   3000000E+02 -.9415E+06  .4738E+06   .9991313  .0045848  .0414199
T  839  2 .1871855E+07   3000000E+02 -.6079E+07  .4036E+07   .9994819 -.0167967  .0274567
T  840  2 .1819787E+07   3000000E+02 -.7388E+07  .1518E+07   .9992316 -.0375188 -.0113358
T  841  2 .1798731E+07   3000000E+02  .1656E+07 -.1833E+07   .9998473 -.0128860 -.0118003
T  842  2 .1793029E+07   3000000E+02 -.5367E+07  .7892E+07   .9986913 -.0464608  .0213811
T  843  2 .1707079E+07   3000000E+02  .3908E+07 -.2607E+07   .9985374  .0481875 -.0245162
T  844  2 .1806995E+07   3000000E+02 -.2330E+07 -.5932E+06   .9993736 -.0336483  .0109654
T  845  2 .1883801E+07   3000000E+02 -.4442E+06  .1132E+06   .9996145 -.0198433  .0194206
T  846  2 .1865203E+07   3000000E+02 -.1103E+07  .2852E+07   .9999502  .0022414  .0097298
T  847  2 .1847859E+07   3000000E+02 -.2766E+07 -.1467E+06   .9997904 -.0200159  .0043062
T  848  2 .1839064E+07   3000000E+02  .5580E+06  .3780E+07   .9999191  .0054759  .0114771
T  849  2 .1812910E+07   3000000E+02  .2561E+07 -.2260E+06   .9999845 -.0009696 -.0054832
T  850  2 .1805603E+07   3000000E+02 -.2576E+06 -.6332E+07   .9896738 -.0057527 -.1432226
T  851  2 .1757241E+07   3000000E+02  .3935E+07  .3843E+07   .9999759  .0066905  .0018561
T  852  2 .1883320E+07   3000000E+02  .3027E+07  .1831E+07   .9996646  .0022483  .0257999
T  853  2 .1898698E+07   3000000E+02 -.8982E+06 -.4365E+07   .9985800 -.0152452 -.0510452
T  854  2 .1838259E+07   3000000E+02  .3618E+06  .3650E+07   .9999277  .0090717  .0078941
T  855  2 .1891283E+07   3000000E+02  .2552E+07 -.2582E+07   .9988598  .0372285  .0298844
T  856  2 .1739262E+07   3000000E+02  .1153E+07  .3491E+06   .9997663  .0053531 -.0209427
T  857  2 .1897527E+07   3000000E+02 -.3070E+06  .2089E+07   .9997399 -.0019795  .0227200
T  858  2 .1764007E+07   3000000E+02 -.1032E+08  .5441E+06   .9997278 -.0066942  .0223476
T  859  2 .1852510E+07   3000000E+02 -.2001E+07  .1421E+06   .9998031  .0180069 -.0083397
T  860  2 .1870535E+07   3000000E+02 -.5922E+07  .3753E+07   .9984416 -.0403320  .0385695
T  861  2 .1838617E+07   3000000E+02 -.3516E+06  .2638E+07   .9988821 -.0171836  .0440376
T  862  2 .1762960E+07   3000000E+02 -.4637E+07 -.7507E+06   .9997589 -.0143736 -.0165967
T  863  2 .1836462E+07   3000000E+02  .2773E+07  .2852E+07   .9995977 -.0222007  .0176490
T  864  2 .1843000E+07   3000000E+02 -.1705E+07 -.1581E+07   .9998958 -.0090910 -.0112171
T  865  2 .1825907E+07   3000000E+02 -.3065E+07 -.4080E+07   .9988349 -.0259738 -.0406709
T  866  2 .1780251E+07   3000000E+02 -.4075E+07  .2251E+07   .9995131 -.0252856  .0182818
T  867  2 .1763542E+07   3000000E+02 -.1635E+07  .3579E+06   .9995462 -.0185665 -.0237216
T  868  2 .1894864E+07   3000000E+02  .3756E+05  .2492E+07   .9997661 -.0213212  .0036279
T  869  2 .1882275E+07   3000000E+02  .2236E+07 -.1188E+07   .9998775  .0113508  .0107754
T  870  2 .1754528E+07   3000000E+02  .4397E+07 -.6267E+06   .9999088  .0116920  .0067597
T  871  2 .1887282E+07   3000000E+02 -.2680E+07  .2367E+07   .9995983 -.0236674  .0155946
T  872  2 .1859778E+07   3000000E+02  .5719E+07  .1754E+07   .9984602  .0527937 -.0170302
T  873  2 .1969492E+07   3000000E+02  .1747E+07  .1495E+07   .9988565  .0261738  .0400071
T  874  2 .6258697E+06   3000000E+02 -.9126E+07 -.9783E+08   .8424543 -.0976419 -.5298461
T  875  2 .1862655E+07   3000000E+02 -.7499E+07  .6458E+07   .9973846 -.0613946  .0381408
T  876  2 .1941174E+07   3000000E+02 -.8953E+06  .7286E+06   .9995890  .0087558  .0272961
T  877  2 .1833146E+07   3000000E+02 -.8511E+04 -.6587E+05   .9999659 -.0032772 -.0075746
T  878  2 .1813587E+07   3000000E+02 -.3484E+07  .1420E+07   .9996137 -.0217478  .0173071
T  879  2 .1846471E+07   3000000E+02 -.1766E+07  .8838E+06   .9998903 -.0104635 -.0104870
T  880  2 .1857404E+07   3000000E+02 -.3058E+07  .4157E+07   .9995424 -.0208065  .0219585
T  881  2 .1713630E+07   3000000E+02 -.1098E+08  .3583E+07   .9982005 -.0521107  .0296678
T  882  2 .1796763E+07   3000000E+02  .6226E+06 -.2379E+07   .9999627 -.0009398 -.0085821
T  883  2 .1885504E+07   3000000E+02  .8894E+06 -.1060E+08   .9982773 -.0030127 -.0585941
T  884  2 .1784905E+07   3000000E+02 -.4534E+06 -.1094E+06   .9999690 -.0065083 -.0044424
T  885  2 .1908827E+07   3000000E+02 -.5373E+07 -.3679E+07   .9993146 -.0037812 -.0368248
T  886  2 .1766692E+07   3000000E+02  .3321E+07 -.6360E+07   .9989165  .0265411 -.0382292
T  887  2 .1693668E+07   3000000E+02  .2157E+08 -.1802E+08   .9729962  .1901201 -.1308919
T  888  2 .1879805E+07   3000000E+02 -.7055E+06 -.3288E+07   .9997884 -.0203089 -.0032721
T  889  2 .1914847E+07   3000000E+02 -.1460E+07  .2118E+07   .9994511  .0058687  .0326033
T  890  2 .1791756E+07   3000000E+02 -.1738E+07  .4914E+07   .9994533  .0078021  .0321280
T  891  2 .1752595E+07   3000000E+02  .2572E+07  .1854E+06   .9998565  .0032127  .0166324
T  892  2 .1870590E+07   3000000E+02  .3081E+07  .1208E+07   .9999057  .0137044  .0008374
T  893  2 .1847607E+07   3000000E+02 -.7445E+07 -.4091E+07   .9981529 -.0525789 -.0304358
T  894  2 .1839837E+07   3000000E+02 -.2121E+07  .1977E+07   .9997179 -.0182775  .0151649
T  895  2 .1953033E+07   3000000E+02  .1765E+07 -.3510E+07   .9995300  .0051370 -.0302237
T  896  2 .1842591E+07   3000000E+02 -.4853E+06 -.7819E+07   .9992529 -.0057390 -.0382186
T  897  2 .1719908E+07   3000000E+02  .1856E+07 -.1906E+07   .9996715  .0192157 -.0169605
T  898  2 .1832684E+07   3000000E+02 -.5639E+06 -.4625E+07   .9978160 -.0325058 -.0575037
T  899  2 .1739672E+07   3000000E+02 -.5491E+07 -.4267E+06   .9995171 -.0272483 -.0149334
T  900  2 .1849870E+07   3000000E+02 -.5492E+07  .8138E+07   .9998081 -.0161324  .0111110
T  901  2 .1892445E+07   3000000E+02  .3170E+07 -.2195E+07   .9987165  .0372794 -.0342882
T  902  2 .1871483E+07   3000000E+02 -.4205E+06 -.5837E+06   .9999629  .0014444  .0084865
T  903  2 .1807865E+07   3000000E+02  .6797E+05 -.7134E+06   .9998092  .0056057 -.0187094
T  904  2 .1767205E+07   3000000E+02  .1610E+07  .1370E+07   .9999436  .0068451 -.0081168
T  905  2 .1782473E+07   3000000E+02 -.4811E+07  .1604E+08   .9972806 -.0186991  .0712861
T  906  2 .1761676E+07   3000000E+02 -.4788E+06 -.2059E+07   .9999779  .0041731 -.0051742
T  907  2 .1917140E+07   3000000E+02 -.4125E+07 -.1579E+06   .9958038 -.0908078  .0113502
T  908  2 .1736499E+07   3000000E+02 -.5665E+07  .2980E+07   .9983732 -.0349312  .0450638
T  909  2 .1828423E+07   3000000E+02 -.5399E+06  .3869E+07   .9990620 -.0140226  .0409683
T  910  2 .1787730E+07   3000000E+02 -.1784E+07  .2050E+07   .9977211 -.0634095  .0230597
T  911  2 .1797265E+07   3000000E+02 -.2787E+07  .5461E+07   .9997583 -.0121498  .0183251
T  912  2 .1756930E+07   3000000E+02  .6318E+05  .1524E+07   .9998350 -.0059390 -.0171660
T  913  2 .1750638E+07   3000000E+02 -.2095E+06 -.4197E+07   .9999945  .0033108 -.0002841
T  914  2 .1838588E+07   3000000E+02 -.4927E+06  .1226E+07   .9997907  .0027129  .0202795
T  915  2 .1737827E+07   3000000E+02  .4026E+07 -.2385E+07   .9984601  .0255704 -.0492296
T  916  2 .1784414E+07   3000000E+02 -.3165E+07 -.1016E+08   .9956261 -.0503398 -.0787058
T  917  2 .1828756E+07   3000000E+02 -.1740E+07  .5395E+07   .9998285 -.0136682  .0124951
T  918  2 .1827481E+07   3000000E+02  .4620E+06  .3231E+07   .9987666  .0248637  .0429765
T  919  2 .1816370E+07   3000000E+02  .4770E+07 -.2783E+07   .9995459  .0126815 -.0273361
T  920  2 .1769147E+07   3000000E+02  .2638E+07 -.2395E+07   .9997169 -.0042208 -.0234172
T  921  2 .1859112E+07   3000000E+02  .1277E+07  .1599E+07   .9999778  .0066636  .0002281
T  922  2 .1875426E+07   3000000E+02 -.6510E+07  .2283E+07   .9987823 -.0331475  .0365407
T  923  2 .1778093E+07   3000000E+02 -.1696E+06  .3920E+07   .9997111  .0162309  .0177300
T  924  2 .1907398E+07   3000000E+02  .1767E+07  .8047E+06   .9997802 -.0079327  .0194081
T  925  2 .1752466E+07   3000000E+02  .5462E+06 -.4753E+07   .9996999 -.0024899 -.0243704
T  926  2 .1925374E+07   3000000E+02 -.1453E+07  .3344E+06   .9994637 -.0175248  .0276616
T  927  2 .1830204E+07   3000000E+02  .1212E+07  .1649E+07   .9999971 -.0004845 -.0023395
T  928  2 .1874248E+07   3000000E+02  .8546E+06  .3050E+06   .9999321  .0107739 -.0044478
T  929  2 .1869474E+07   3000000E+02  .8097E+06  .3514E+07   .9998660  .0141899  .0081566
T  930  2 .1827575E+07   3000000E+02  .3518E+06  .1506E+07   .9999191  .0076322  .0101750
T  931  2 .1860907E+07   3000000E+02  .1613E+07  .5596E+07   .9985787  .0033675  .0531914
T  932  2 .1835706E+07   3000000E+02 -.2346E+07 -.1495E+06   .9996607 -.0249364  .0075299
T  933  2 .1800012E+07   3000000E+02 -.3468E+07  .2986E+07   .9998492 -.0116733  .0128557
T  934  2 .1914218E+07   3000000E+02 -.2439E+07  .1204E+07   .9999779 -.0063951  .0018174
T  935  2 .1770280E+07   3000000E+02 -.4003E+06 -.9035E+06   .9979188 -.0642137 -.0058940
T  936  2 .1831587E+07   3000000E+02  .5581E+06 -.8320E+07   .9966958 -.0088732 -.0807383
T  937  2 .1832927E+07   3000000E+02 -.3412E+07  .2564E+07   .9996228 -.0244779  .0124560
T  938  2 .1752040E+07   3000000E+02 -.4535E+07  .4967E+07   .9991350 -.0324355  .0260226
T  939  2 .1825654E+07   3000000E+02 -.1002E+07  .1907E+07   .9996031 -.0129479  .0250184
T  940  2 .1796097E+07   3000000E+02  .1255E+07  .6924E+07   .9993975  .0280665  .0204191
T  941  2 .1710849E+07   3000000E+02  .3447E+07 -.2023E+07   .9996275  .0232548  .0142841
T  942  2 .1767636E+07   3000000E+02  .3322E+07 -.2430E+07   .9996022 -.0045653 -.0278327
T  943  2 .1816893E+07   3000000E+02 -.3578E+07 -.7400E+06   .9997849 -.0192470 -.0077213
T  944  2 .1843619E+07   3000000E+02 -.1114E+07  .2725E+07   .9985150 -.0078530  .0539086
T  945  2 .1832699E+07   3000000E+02 -.2271E+07  .1794E+07   .9999279  .0034078  .0115117
T  946  2 .1739259E+07   3000000E+02  .1462E+07  .8844E+06   .9992486  .0302045 -.0242881
T  947  2 .1895958E+07   3000000E+02  .2075E+07  .1843E+07   .9996780  .0164504  .0193195
T  948  2 .1737742E+07   3000000E+02 -.7614E+06 -.4084E+07   .9967775 -.0214181 -.0773033
T  949  2 .1919980E+07   3000000E+02 -.4081E+06  .2208E+07   .9988772  .0281187  .0381261
T  950  2 .1822574E+07   3000000E+02 -.9370E+06 -.3317E+06   .9997867 -.0202988  .0038136
T  951  2 .1924721E+07   3000000E+02 -.6651E+06 -.2161E+07   .9985783 -.0166436 -.0506403
T  952  2 .1889485E+07   3000000E+02  .3852E+07  .2506E+07   .9988515  .0263636  .0400081
T  953  2 .1759427E+07   3000000E+02 -.2197E+07  .3367E+07   .9979851 -.0376233  .0510904
T  954  2 .1766023E+07   3000000E+02  .1092E+08  .7623E+07   .9867534  .1218071  .1071486
T  955  2 .1875704E+07   3000000E+02 -.2330E+07 -.3149E+07   .9981612  .0064387 -.0602731
T  956  2 .1852803E+07   3000000E+02  .5867E+07  .1339E+07   .9993495  .0286834  .0218616
T  957  2 .1761734E+07   3000000E+02  .5058E+07  .1992E+07   .9991462  .0410959  .0042431
T  958  2 .1799486E+07   3000000E+02  .4592E+07 -.6675E+07   .9976390  .0376397 -.0574426
T  959  2 .1884080E+07   3000000E+02 -.3340E+07 -.9013E+07   .9981935 -.0099929 -.0592434
T  960  2 .1888000E+07   3000000E+02  .4472E+07 -.5628E+06   .9996152  .0276994 -.0014742
T  961  2 .1785656E+07   3000000E+02  .5985E+06  .3113E+07   .9999594 -.0046863  .0076951
T  962  2 .1827720E+07   3000000E+02  .4268E+04  .3824E+07   .9996120  .0053278  .0273406
T  963  2 .1805718E+07   3000000E+02 -.2425E+07  .8797E+06   .9998461 -.0175445  .0000484
T  964  2 .1919847E+07   3000000E+02 -.2205E+07 -.3658E+06   .9999971 -.0022542 -.0008153
T  965  2 .2011123E+07   3000000E+02  .4277E+07  .1759E+07   .9996473  .0242449  .0108357
T  966  2 .1802978E+07   3000000E+02  .9853E+07 -.7101E+07   .9956139  .0874841 -.0331596
T  967  2 .1818752E+07   3000000E+02  .2705E+07 -.5587E+06   .9996591  .0259095 -.0032107
T  968  2 .1774032E+07   3000000E+02  .1681E+07 -.3000E+07   .9596053 -.0890080 -.2668993
T  969  2 .1827510E+07   3000000E+02  .1596E+07 -.5838E+06   .9998480  .0103606 -.0140203
T  970  2 .1813077E+07   3000000E+02  .8678E+06 -.8477E+07   .9987966  .0087597 -.0482566
T  971  2 .1905896E+07   3000000E+02  .2573E+07  .3439E+07   .9996192  .0147042  .0233517
T  972  2 .1798851E+07   3000000E+02  .3596E+07 -.4278E+07   .9998325  .0182992  .0002289
T  973  2 .1788471E+07   3000000E+02 -.2295E+07 -.2994E+07   .9990669 -.0253268 -.0349837
T  974  2 .1763759E+07   3000000E+02 -.6171E+07 -.1441E+07   .9995118 -.0310504 -.0034744
T  975  2 .1834935E+07   3000000E+02 -.2593E+05 -.5560E+06   .9997823  .0071356  .0196053
T  976  2 .1900662E+07   3000000E+02  .2006E+07  .1421E+07   .9996268 -.0031622  .0271327
T  977  2 .1916352E+07   3000000E+02 -.5330E+06 -.1121E+08   .9975092 -.0035873 -.0704447
T  978  2 .1847910E+07   3000000E+02  .5059E+07  .2331E+07   .9982496  .0582368  .0103064
T  979  2 .1846415E+07   3000000E+02  .5479E+07  .1468E+07   .9997595  .0218721  .0015673
T  980  2 .1834666E+07   3000000E+02  .4341E+07  .2362E+07   .9994516  .0266744  .0196187
T  981  2 .1789443E+07   3000000E+02 -.2522E+07 -.4671E+06   .9997816 -.0187882 -.0091533
T  982  2 .1821543E+07   3000000E+02 -.4640E+07 -.8252E+06   .9998671 -.0137208 -.0088074
T  983  2 .1812278E+07   3000000E+02 -.1580E+07  .8234E+06   .9999287  .0007627  .0119172
T  984  2 .1880972E+07   3000000E+02 -.2000E+05 -.4003E+07   .9996299 -.0161261 -.0219092
T  985  2 .1824460E+07   3000000E+02  .2113E+07 -.1576E+07   .9995382  .0222130 -.0207335
T  986  2 .1752266E+07   3000000E+02 -.3315E+07  .2717E+07   .9997277 -.0216675  .0086617
T  987  2 .1867858E+07   3000000E+02  .2963E+05  .1190E+07   .9996535  .0263230  .0001604
T  988  2 .1731450E+07   3000000E+02  .9068E+06  .5562E+06   .9996429  .0264928 -.0034983
T  989  2 .1759243E+07   3000000E+02  .7813E+06  .3166E+07   .9993433  .0130085  .0338197
T  990  2 .1751861E+07   3000000E+02 -.2501E+07  .2754E+07   .9995482 -.0044978  .0297186
T  991  2 .1764370E+07   3000000E+02 -.1994E+07  .3274E+07   .9996941 -.0240509 -.0057724
T  992  2 .1942460E+07   3000000E+02  .6666E+06 -.1230E+07   .9997562  .0217876  .0035920
T  993  2 .1794394E+07   3000000E+02  .2959E+07 -.6991E+07   .9985929  .0069419 -.0525748
T  994  2 .1781144E+07   3000000E+02  .2821E+07  .2573E+06   .9982437  .0570142  .0160920
T  995  2 .1833738E+07   3000000E+02 -.2509E+07 -.4780E+07   .9985392  .0046247 -.0538333
T  996  2 .1880995E+07   3000000E+02  .4171E+07 -.6834E+07   .9999226  .0117360 -.0041215
T  997  2 .1813406E+07   3000000E+02  .1752E+0