============================== SRIM-2013.00 ==============================
==============================================================================
=================  TRANSMIT.txt : File of Transmitted Ions  ==================
=  This file tabulates the kinetics of ions or atoms leaving the target.     =
=  Column #1: S= Sputtered Atom, B= Backscattered Ion, T= Transmitted Ion.   =
=  Col.#2: Ion Number, Col.#3: Z of atom leaving, Col.#4: Atom energy (eV).  =
=  Col.#5-7: Last location:  X= Depth into target, Y,Z= Transverse axes.     =
=  Col.#8-10: Cosines of final trajectory.                                   =
= *** This data file is in the same format as TRIM.DAT (see manual for uses).=
====== TRIM Calc.= He(5.48 MeV) ==> Layer 1(  20 mm) =========================
 Ion  Atom   Energy        Depth       Lateral-Position        Atom Direction      
 Numb Numb    (eV)          X(A)        Y(A)       Z(A)      Cos(X)  Cos(Y) Cos(Z) 
T    1  2 .3338112E+07   2000000E+02 -.1238E+07 -.9888E+06   .9997887 -.0164646 -.0123103
T    2  2 .3408944E+07   2000000E+02  .3655E+06  .1439E+06   .9999757  .0068019 -.0015010
T    3  2 .3314841E+07   2000000E+02  .8837E+05  .8878E+06   .9996478 -.0023904  .0264294
T    4  2 .3311062E+07   2000000E+02 -.2490E+06  .7689E+06   .9999801 -.0062409  .0008783
T    5  2 .3393420E+07   2000000E+02 -.4433E+06  .1888E+07   .9999612 -.0043976  .0076298
T    6  2 .3318686E+07   2000000E+02  .1196E+07  .1098E+07   .9998928  .0002604  .0146380
T    7  2 .3235520E+07   2000000E+02 -.1740E+07 -.1903E+07   .9523210  .2914566 -.0902092
T    8  2 .3357426E+07   2000000E+02 -.2521E+07  .2003E+07   .9997576 -.0134971  .0173929
T    9  2 .3382257E+07   2000000E+02 -.1063E+07  .2979E+07   .9998013 -.0045120  .0194156
T   10  2 .3332599E+07   2000000E+02  .4206E+06  .1105E+07   .9999793  .0064232  .0003058
T   11  2 .3386071E+07   2000000E+02 -.1192E+07  .6944E+06   .9998958 -.0105836  .0098204
T   12  2 .3378855E+07   2000000E+02 -.3571E+06  .1202E+07   .9998934 -.0095984  .0110023
T   13  2 .3282046E+07   2000000E+02  .1597E+07  .1064E+07   .9995831  .0261688  .0121996
T   14  2 .3273034E+07   2000000E+02  .9171E+06 -.2590E+07   .9993396  .0198051 -.0304648
T   15  2 .3322079E+07   2000000E+02 -.1423E+07  .1013E+07   .9998370 -.0143960  .0108997
T   16  2 .3352509E+07   2000000E+02  .3761E+06 -.2995E+07   .9996113  .0063379 -.0271491
T   17  2 .3362590E+07   2000000E+02 -.8455E+06 -.6298E+06   .9999063 -.0135194  .0021383
T   18  2 .3317359E+07   2000000E+02  .1378E+07 -.3199E+06   .9997310  .0230630  .0024545
T   19  2 .3372571E+07   2000000E+02 -.1316E+07  .2681E+06   .9995642 -.0289859  .0055867
T   20  2 .3349861E+07   2000000E+02  .7889E+06  .5076E+06   .9995721  .0276230  .0096235
T   21  2 .3324374E+07   2000000E+02 -.2897E+07 -.3746E+06   .9997386 -.0209903 -.0090606
T   22  2 .3331815E+07   2000000E+02  .4462E+06  .4000E+06   .9999259  .0059460  .0106230
T   23  2 .3298929E+07   2000000E+02  .5595E+05  .3546E+06   .9998236  .0083594  .0168206
T   24  2 .3351354E+07   2000000E+02 -.7212E+06 -.1576E+06   .9999550 -.0081437  .0048636
T   25  2 .3326594E+07   2000000E+02  .7367E+06 -.4082E+07   .9995231  .0072393 -.0300191
T   26  2 .3386273E+07   2000000E+02  .4827E+07  .4627E+07   .9987851  .0333441  .0362845
T   27  2 .3390580E+07   2000000E+02  .5881E+07  .2006E+06   .9970679  .0723140  .0250249
T   28  2 .3290916E+07   2000000E+02  .2657E+07 -.3481E+07   .9993987  .0136560 -.0318705
T   29  2 .3350604E+07   2000000E+02 -.1568E+07  .9607E+06   .9998803 -.0093457  .0123317
T   30  2 .3333332E+07   2000000E+02  .2118E+06  .2074E+07   .9993426  .0070553  .0355601
T   31  2 .3338619E+07   2000000E+02  .4125E+07  .7101E+07   .9916214  .0529957  .1178069
T   32  2 .3366543E+07   2000000E+02  .3010E+07  .5123E+06   .9997909  .0192046  .0070189
T   33  2 .3338640E+07   2000000E+02  .1957E+07 -.3472E+06   .9989114  .0370601 -.0283293
T   34  2 .3304756E+07   2000000E+02  .1077E+07 -.2791E+07   .9994853  .0164891 -.0275163
T   35  2 .3291590E+07   2000000E+02 -.9094E+06  .2045E+07   .9999136 -.0044743  .0123585
T   36  2 .3404608E+07   2000000E+02 -.3819E+06  .9817E+06   .9998865 -.0052303  .0141279
T   37  2 .3338439E+07   2000000E+02  .2547E+07 -.1430E+07   .9990281  .0221599 -.0381033
T   38  2 .3333255E+07   2000000E+02  .4451E+06  .2303E+07   .9996692  .0087120  .0242010
T   39  2 .3351919E+07   2000000E+02  .2782E+07  .7153E+04   .9996885  .0249393  .0009931
T   40  2 .3299331E+07   2000000E+02 -.1914E+07 -.2476E+07   .9996668 -.0141636 -.0215800
T   41  2 .3334341E+07   2000000E+02  .1684E+07  .1459E+07   .9998951  .0114271  .0089012
T   42  2 .3327104E+07   2000000E+02  .1583E+07 -.8527E+06   .9997816  .0119266 -.0171638
T   43  2 .3348020E+07   2000000E+02  .1473E+07 -.7834E+06   .9998404  .0132275 -.0120082
T   44  2 .3336171E+07   2000000E+02 -.2141E+07 -.1501E+07   .9999172 -.0086186 -.0095540
T   45  2 .3353147E+07   2000000E+02 -.2758E+07 -.6077E+06   .9997193 -.0223465 -.0078668
T   46  2 .3357034E+07   2000000E+02  .2258E+06  .5136E+05   .9992190  .0304160 -.0252256
T   47  2 .3312951E+07   2000000E+02  .6114E+07 -.4991E+07   .9929419  .0754013 -.0915478
T   48  2 .3393331E+07   2000000E+02  .5008E+06 -.1085E+07   .9999971  .0023138  .0007236
T   49  2 .3310145E+07   2000000E+02 -.2736E+07 -.4814E+06   .9997255 -.0205520 -.0112503
T   50  2 .3334619E+07   2000000E+02  .2968E+06 -.8339E+04   .9999201  .0124183  .0023751
T   51  2 .3275938E+07   2000000E+02  .9124E+06  .4265E+06   .9947114  .0983118  .0297319
T   52  2 .3367068E+07   2000000E+02  .6415E+06  .1744E+06   .9998798  .0152357  .0028762
T   53  2 .3379919E+07   2000000E+02  .1042E+07  .9944E+06   .9999900  .0042268 -.0014624
T   54  2 .3308978E+07   2000000E+02  .1764E+07  .2008E+06   .9993330  .0278376  .0236360
T   55  2 .3375946E+07   2000000E+02  .2887E+07  .1228E+07   .9998941 -.0144843  .0013955
T   56  2 .3386192E+07   2000000E+02  .1251E+07 -.5286E+06   .9997735  .0193958 -.0087659
T   57  2 .3310461E+07   2000000E+02 -.3028E+07  .1684E+07   .9995339 -.0268132  .0145930
T   58  2 .3405624E+07   2000000E+02 -.2472E+07  .1588E+07   .9996379 -.0260110  .0068880
T   59  2 .3388152E+07   2000000E+02  .3229E+07 -.6486E+06   .9986272  .0466492 -.0238220
T   60  2 .3329277E+07   2000000E+02 -.1096E+07  .1937E+07   .9995193 -.0209630  .0228393
T   61  2 .3293334E+07   2000000E+02 -.4692E+06 -.4966E+05   .9999431 -.0088932 -.0058839
T   62  2 .3352759E+07   2000000E+02 -.3461E+07 -.9554E+06   .9999386 -.0084196 -.0072062
T   63  2 .3327874E+07   2000000E+02 -.1777E+07  .6972E+06   .9996908 -.0224173  .0107577
T   64  2 .3342375E+07   2000000E+02  .7016E+06  .6556E+06   .9999422 -.0020990  .0105447
T   65  2 .3392369E+07   2000000E+02  .6037E+06 -.5213E+06   .9999701  .0027402 -.0072255
T   66  2 .3394560E+07   2000000E+02 -.2687E+06  .2331E+07   .9998261 -.0119492  .0143205
T   67  2 .3280318E+07   2000000E+02 -.2483E+07  .4042E+06   .9999091 -.0079151  .0109112
T   68  2 .3306002E+07   2000000E+02 -.5465E+06  .6377E+06   .9996053 -.0272507  .0068337
T   69  2 .3329753E+07   2000000E+02  .3397E+07 -.1257E+07   .9995946  .0270559 -.0088707
T   70  2 .3326364E+07   2000000E+02 -.2051E+07  .2531E+07   .9995002 -.0182281  .0258287
T   71  2 .3302287E+07   2000000E+02 -.1927E+07  .6011E+06   .9999666 -.0071192  .0040145
T   72  2 .3311007E+07   2000000E+02  .9678E+05 -.1239E+07   .9999939  .0002250 -.0034810
T   73  2 .3334488E+07   2000000E+02 -.1884E+07  .2364E+07   .9994942 -.0232941  .0216480
T   74  2 .3334732E+07   2000000E+02 -.8632E+06 -.2445E+07   .9997192 -.0132330 -.0196564
T   75  2 .3333731E+07   2000000E+02  .3787E+06 -.1997E+06   .9996447  .0264643  .0031910
T   76  2 .3336402E+07   2000000E+02 -.2021E+06  .4329E+06   .9998681  .0146794  .0069538
T   77  2 .3365530E+07   2000000E+02 -.5373E+06 -.2353E+07   .9998518 -.0137557 -.0103562
T   78  2 .3357800E+07   2000000E+02  .8494E+06  .1960E+07   .9999826  .0042561  .0040814
T   79  2 .3347380E+07   2000000E+02 -.5746E+06  .2483E+07   .9997698 -.0060638  .0205813
T   80  2 .3335172E+07   2000000E+02  .7603E+05 -.3895E+06   .9999969  .0025089  .0000644
T   81  2 .3297861E+07   2000000E+02  .7810E+06 -.2270E+06   .9997375  .0199757  .0112187
T   82  2 .3352939E+07   2000000E+02  .1716E+07 -.2699E+07   .9997189  .0079041 -.0223532
T   83  2 .3316699E+07   2000000E+02  .1900E+07 -.8364E+06   .9998370  .0179345  .0020600
T   84  2 .3275929E+07   2000000E+02  .1489E+07  .2766E+06   .9998551  .0152971 -.0074721
T   85  2 .3351665E+07   2000000E+02 -.4784E+06  .4946E+06   .9999569 -.0039643  .0083902
T   86  2 .3335224E+07   2000000E+02 -.3727E+06 -.3488E+06   .9999554 -.0094282  .0006190
T   87  2 .3350995E+07   2000000E+02  .2735E+05  .1555E+07   .9998880 -.0022063  .0148014
T   88  2 .3341809E+07   2000000E+02  .5056E+06 -.3996E+06   .9998449  .0103816 -.0142282
T   89  2 .3336307E+07   2000000E+02  .8800E+06 -.1290E+06   .9996464  .0235879 -.0122777
T   90  2 .3358200E+07   2000000E+02  .7258E+06 -.1240E+07   .9999289 -.0052774 -.0106957
T   91  2 .3328544E+07   2000000E+02  .2950E+07  .6981E+06   .9998314  .0170648  .0067863
T   92  2 .3330509E+07   2000000E+02  .4041E+06 -.1593E+07   .9999776  .0018583 -.0064308
T   93  2 .3336921E+07   2000000E+02  .3619E+07 -.1876E+07   .9993159  .0369314 -.0019265
T   94  2 .3334520E+07   2000000E+02 -.4251E+07 -.1399E+07   .9983596 -.0567223 -.0077893
T   95  2 .3303486E+07   2000000E+02  .1169E+07  .1683E+06   .9998432  .0173922 -.0033185
T   96  2 .3336181E+07   2000000E+02 -.7563E+06 -.5425E+07   .9990289  .0104449 -.0428026
T   97  2 .3301236E+07   2000000E+02 -.2225E+07  .1575E+07   .9995315 -.0244188  .0184551
T   98  2 .3355987E+07   2000000E+02 -.2092E+07  .1747E+07   .9995302 -.0254866  .0170261
T   99  2 .3331076E+07   2000000E+02  .6708E+05  .3465E+05   .9999858 -.0053203  .0000405
T  100  2 .3389474E+07   2000000E+02  .3037E+07  .1713E+07   .9996762  .0187739  .0171773
T  101  2 .3390096E+07   2000000E+02 -.5907E+05 -.1376E+07   .9998805  .0090136 -.0125558
T  102  2 .3383751E+07   2000000E+02 -.1814E+07 -.3125E+07   .9997593 -.0062225 -.0210379
T  103  2 .3359647E+07   2000000E+02 -.8998E+06  .3339E+07   .9982970 -.0447418  .0374349
T  104  2 .3355708E+07   2000000E+02  .1460E+05 -.1481E+07   .9997541 -.0035310 -.0218916
T  105  2 .3343885E+07   2000000E+02  .1607E+07 -.3964E+07   .9995401  .0026842 -.0302067
T  106  2 .3328244E+07   2000000E+02 -.1277E+06 -.2261E+07   .9992638 -.0089750 -.0373009
T  107  2 .3256888E+07   2000000E+02 -.1156E+07 -.1911E+06   .9998274 -.0179228  .0048912
T  108  2 .3318201E+07   2000000E+02  .2800E+07  .2609E+07   .9996060  .0094417  .0264334
T  109  2 .3333177E+07   2000000E+02  .1105E+07 -.1272E+07   .9999551  .0056484 -.0076119
T  110  2 .3337005E+07   2000000E+02  .2322E+07  .2926E+06   .9998275  .0143898  .0117426
T  111  2 .3334764E+07   2000000E+02 -.2176E+07  .1005E+06   .9996965 -.0243166  .0039630
T  112  2 .3290861E+07   2000000E+02  .1866E+07 -.2464E+07   .9994881  .0217876 -.0234252
T  113  2 .3381292E+07   2000000E+02 -.1126E+07 -.4584E+05   .9999132 -.0125653  .0039587
T  114  2 .3277580E+07   2000000E+02 -.1736E+06 -.3073E+07   .9996876 -.0033432 -.0247706
T  115  2 .3345423E+07   2000000E+02 -.5812E+06  .7972E+06   .9999834 -.0042587 -.0038812
T  116  2 .3318713E+07   2000000E+02 -.1109E+07  .8713E+06   .9997844 -.0170666  .0118264
T  117  2 .3336075E+07   2000000E+02  .8694E+05 -.1108E+06   .9999862 -.0034322  .0039801
T  118  2 .3357330E+07   2000000E+02 -.1495E+07 -.1396E+07   .9998078 -.0185969 -.0062124
T  119  2 .3411883E+07   2000000E+02  .9381E+06 -.2955E+06   .9999567  .0021363 -.0090556
T  120  2 .3384596E+07   2000000E+02  .9834E+06  .6274E+06   .9997790  .0126045  .0168257
T  121  2 .3316365E+07   2000000E+02 -.3093E+07 -.4147E+06   .9994018 -.0344589 -.0029231
T  122  2 .3425430E+07   2000000E+02  .5853E+06 -.2479E+07   .9997692  .0111342 -.0183711
T  123  2 .3378004E+07   2000000E+02  .3974E+06 -.1447E+07   .9999625  .0072372 -.0047626
T  124  2 .3423043E+07   2000000E+02  .3288E+06 -.1217E+07   .9998475  .0140807 -.0103282
T  125  2 .3337088E+07   2000000E+02  .3345E+06  .4763E+06   .9999773  .0038539 -.0055280
T  126  2 .3361445E+07   2000000E+02 -.1443E+06  .2479E+06   .9999988  .0005645 -.0014438
T  127  2 .3280180E+07   2000000E+02 -.7563E+06 -.4828E+05   .9997929 -.0196166  .0054189
T  128  2 .3270710E+07   2000000E+02  .1035E+07  .1044E+07   .9999579  .0091731 -.0001032
T  129  2 .3362783E+07   2000000E+02 -.2151E+07 -.7717E+06   .9991384 -.0395975 -.0124332
T  130  2 .3362295E+07   2000000E+02 -.1248E+07 -.7950E+06   .9998943 -.0061154 -.0131886
T  131  2 .3352742E+07   2000000E+02 -.1088E+07  .2033E+07   .9999397 -.0069140  .0085332
T  132  2 .3362580E+07   2000000E+02  .1113E+06  .7076E+06   .9999687 -.0072282  .0032117
T  133  2 .3296114E+07   2000000E+02  .7056E+06  .2248E+06   .9999942  .0007495  .0033142
T  134  2 .3361876E+07   2000000E+02  .1330E+06 -.2854E+06   .9999102 -.0113002 -.0072106
T  135  2 .3282302E+07   2000000E+02 -.2007E+06 -.1513E+07   .9998399  .0097364 -.0150153
T  136  2 .3342754E+07   2000000E+02 -.8065E+06 -.1428E+07   .9991075 -.0330652 -.0262844
T  137  2 .3386706E+07   2000000E+02  .1980E+07 -.1085E+07   .9999602  .0088337 -.0012454
T  138  2 .3369631E+07   2000000E+02  .2371E+06 -.2765E+06   .9999636  .0042330 -.0074058
T  139  2 .3315680E+07   2000000E+02 -.8897E+06  .1062E+07   .9998954 -.0113110  .0090182
T  140  2 .3362403E+07   2000000E+02 -.1599E+07  .1287E+07   .9998180 -.0160032  .0103851
T  141  2 .3386562E+07   2000000E+02 -.6542E+06 -.6123E+07   .9983935  .0044801 -.0564836
T  142  2 .3372559E+07   2000000E+02 -.9301E+05  .1521E+07   .9999415 -.0044988  .0098360
T  143  2 .3383835E+07   2000000E+02 -.5771E+06  .1242E+07   .9999852 -.0043154  .0033064
T  144  2 .3323460E+07   2000000E+02  .3520E+07 -.8766E+04   .9999548  .0092334  .0022753
T  145  2 .3374628E+07   2000000E+02 -.2282E+06  .8029E+06   .9998301 -.0051219  .0177048
T  146  2 .3359419E+07   2000000E+02 -.2011E+07  .1659E+07   .9999314 -.0103516  .0054734
T  147  2 .3433081E+07   2000000E+02  .6938E+06 -.7267E+06   .9999729 -.0026432 -.0068721
T  148  2 .3391725E+07   2000000E+02 -.2442E+07  .3862E+07   .9979512 -.0283570  .0573529
T  149  2 .3353290E+07   2000000E+02  .2152E+06 -.1491E+07   .9999774  .0023048 -.0063222
T  150  2 .3339109E+07   2000000E+02  .4245E+06 -.8278E+05   .9999344  .0058019  .0098796
T  151  2 .3347949E+07   2000000E+02 -.5722E+05  .1772E+07   .9998065  .0057698  .0188037
T  152  2 .3384092E+07   2000000E+02  .1755E+07 -.1177E+07   .9996644  .0091085 -.0242500
T  153  2 .3320201E+07   2000000E+02 -.1063E+07  .6359E+06   .9998986 -.0032999  .0138515
T  154  2 .3343168E+07   2000000E+02 -.9463E+06  .2360E+06   .9999115 -.0114062  .0068413
T  155  2 .3369728E+07   2000000E+02 -.4074E+05  .7507E+06   .9998646  .0011930  .0164119
T  156  2 .3326435E+07   2000000E+02  .1272E+05  .1198E+07   .9996127  .0218392  .0172480
T  157  2 .3404711E+07   2000000E+02 -.3506E+07  .2156E+07   .9995383 -.0253130  .0168069
T  158  2 .3315505E+07   2000000E+02  .1112E+07 -.6387E+06   .9999982 -.0000662 -.0018875
T  159  2 .3320128E+07   2000000E+02 -.2265E+06  .1344E+07   .9999847  .0002824  .0055312
T  160  2 .3370102E+07   2000000E+02 -.3652E+06 -.4600E+07   .9991883 -.0098831 -.0390511
T  161  2 .3375498E+07   2000000E+02 -.1338E+07  .1998E+07   .9999271  .0114531  .0038353
T  162  2 .3377810E+07   2000000E+02  .8679E+06  .8249E+06   .9999949  .0023383 -.0021672
T  163  2 .3343475E+07   2000000E+02  .8427E+06 -.1042E+07   .9999147  .0098049 -.0086240
T  164  2 .3291861E+07   2000000E+02  .1261E+06 -.3356E+06   .9999896  .0010171  .0044468
T  165  2 .3341458E+07   2000000E+02 -.1705E+07  .3942E+07   .9991297 -.0131409  .0395875
T  166  2 .3401287E+07   2000000E+02  .2230E+06 -.1341E+07   .9999726 -.0027098 -.0068886
T  167  2 .3344262E+07   2000000E+02  .6003E+06  .3833E+07   .9994243 -.0046656  .0336040
T  168  2 .3355576E+07   2000000E+02  .4786E+07  .4558E+06   .9996900  .0243545 -.0051738
T  169  2 .3329130E+07   2000000E+02  .2362E+07 -.2230E+07   .9996318  .0222364 -.0155533
T  170  2 .3348043E+07   2000000E+02  .2556E+07  .1360E+07   .9997477  .0180836  .0133274
T  171  2 .3310911E+07   2000000E+02  .1249E+07  .1345E+06   .9996681  .0248081  .0069478
T  172  2 .3350987E+07   2000000E+02  .2842E+06  .3186E+07   .9997449 -.0051368  .0219961
T  173  2 .3308276E+07   2000000E+02  .1429E+06  .1795E+07   .9997110  .0108803  .0214350
T  174  2 .3350557E+07   2000000E+02 -.2002E+07 -.9545E+06   .9998649 -.0112271 -.0120019
T  175  2 .3315246E+07   2000000E+02 -.2306E+07  .1244E+07   .9999901 -.0044181 -.0006012
T  176  2 .3299674E+07   2000000E+02  .1755E+07  .1478E+07   .9996937  .0144763  .0200733
T  177  2 .3343446E+07   2000000E+02 -.1577E+07  .1491E+07   .9999050 -.0101874  .0092859
T  178  2 .3325593E+07   2000000E+02  .5023E+06  .1679E+07   .9997911 -.0055831  .0196631
T  179  2 .3342885E+07   2000000E+02  .1467E+07 -.1909E+07   .9992487  .0341948 -.0182404
T  180  2 .3339629E+07   2000000E+02  .2084E+07 -.2914E+07   .9991337  .0290083 -.0298404
T  181  2 .3374776E+07   2000000E+02 -.2621E+06  .1018E+07   .9999964  .0010313  .0024756
T  182  2 .3284063E+07   2000000E+02 -.4091E+06  .2149E+06   .9999715  .0056190  .0050514
T  183  2 .3375860E+07   2000000E+02 -.3218E+07 -.2064E+07   .9994357 -.0271955 -.0197137
T  184  2 .3232136E+07   2000000E+02  .8564E+06 -.4043E+06   .9997744  .0035572 -.0209398
T  185  2 .3324736E+07   2000000E+02  .2760E+07  .5995E+05   .9997779  .0208679  .0029509
T  186  2 .3314045E+07   2000000E+02  .1180E+07 -.4662E+06   .9999578  .0076944 -.0050096
T  187  2 .3325019E+07   2000000E+02  .1655E+07  .9525E+06   .9999683  .0070617  .0036893
T  188  2 .3298596E+07   2000000E+02 -.1236E+07 -.1722E+07   .9990854 -.0382323 -.0191496
T  189  2 .3346426E+07   2000000E+02  .1088E+08  .1111E+08   .9956249  .0549735  .0755574
T  190  2 .3416281E+07   2000000E+02  .1958E+06  .1045E+07   .9998473  .0148507  .0092153
T  191  2 .3408847E+07   2000000E+02  .2545E+06  .2203E+06   .9998931  .0146180  .0004403
T  192  2 .3338382E+07   2000000E+02 -.4967E+06  .5460E+06   .9999196 -.0075021 -.0102206
T  193  2 .3341526E+07   2000000E+02 -.1181E+07 -.2496E+07   .9996666 -.0143847 -.0214400
T  194  2 .3335344E+07   2000000E+02 -.1966E+07 -.9174E+06   .9998632 -.0146570 -.0076702
T  195  2 .3326454E+07   2000000E+02 -.2244E+07  .1221E+07   .9998163 -.0065569  .0180109
T  196  2 .3387110E+07   2000000E+02 -.1552E+07  .1136E+07   .9998603 -.0162644  .0038456
T  197  2 .3341367E+07   2000000E+02 -.9935E+05 -.1377E+07   .9998804  .0048444 -.0146875
T  198  2 .3386363E+07   2000000E+02 -.2248E+07  .1181E+07   .9996011 -.0278110  .0049133
T  199  2 .3376914E+07   2000000E+02  .1851E+07  .8316E+06   .9993846  .0168334  .0307736
T  200  2 .3297324E+07   2000000E+02  .9883E+06  .1395E+07   .9998815  .0153957 -.0000409
T  201  2 .3287421E+07   2000000E+02 -.1340E+08  .2327E+08   .9886645 -.0766752  .1290866
T  202  2 .3334420E+07   2000000E+02 -.1077E+07  .3181E+07   .9993644 -.0245609  .0258382
T  203  2 .3344606E+07   2000000E+02 -.1535E+07 -.1630E+07   .9999132 -.0073419 -.0109363
T  204  2 .3319479E+07   2000000E+02  .3984E+06 -.2401E+07   .9997631  .0005230 -.0217583
T  205  2 .3341569E+07   2000000E+02  .1590E+07  .8661E+06   .9998007  .0166415  .0110256
T  206  2 .3369574E+07   2000000E+02 -.6931E+06  .1292E+07   .9995442 -.0277662  .0118527
T  207  2 .3381975E+07   2000000E+02  .1657E+07 -.8706E+06   .9998906  .0093696 -.0114492
T  208  2 .3359511E+07   2000000E+02  .1004E+07  .1450E+07   .9989903  .0344733  .0288091
T  209  2 .3355734E+07   2000000E+02 -.2322E+07 -.8697E+06   .9996465 -.0254962 -.0075423
T  210  2 .3385045E+07   2000000E+02  .8484E+06  .3033E+06   .9992504  .0161242 -.0351943
T  211  2 .3356192E+07   2000000E+02 -.9513E+06  .2216E+07   .9997782  .0074257  .0197093
T  212  2 .3342513E+07   2000000E+02 -.1047E+07  .7502E+06   .9997973 -.0153369  .0130415
T  213  2 .3335337E+07   2000000E+02 -.6831E+06  .3845E+06   .9999034 -.0128710  .0052386
T  214  2 .3324258E+07   2000000E+02 -.8850E+06 -.2323E+07   .9998813 -.0141606 -.0060732
T  215  2 .3317101E+07   2000000E+02  .2265E+07  .7344E+06   .9999247  .0114636  .0043828
T  216  2 .3299954E+07   2000000E+02  .3275E+06 -.5996E+06   .9999829 -.0027166  .0051715
T  217  2 .3344085E+07   2000000E+02 -.1852E+07 -.7117E+06   .9998769 -.0156637  .0008850
T  218  2 .3315803E+07   2000000E+02 -.3470E+07 -.1976E+07   .9994534 -.0236739 -.0230749
T  219  2 .3336583E+07   2000000E+02  .2064E+07 -.3316E+07   .9996125  .0258483 -.0103282
T  220  2 .3357770E+07   2000000E+02 -.5015E+05  .5575E+06   .9999837  .0037243  .0043213
T  221  2 .3373056E+07   2000000E+02 -.1027E+07  .3113E+07   .9991944 -.0315475  .0248037
T  222  2 .3367696E+07   2000000E+02  .1175E+07 -.2754E+06   .9998620  .0082417 -.0144255
T  223  2 .3319977E+07   2000000E+02 -.1701E+07  .9470E+05   .9998006 -.0199644  .0004397
T  224  2 .3358560E+07   2000000E+02  .2585E+06 -.3700E+06   .9997561  .0208009 -.0074261
T  225  2 .3348597E+07   2000000E+02  .3880E+07  .1900E+07   .9965063  .0823683  .0138057
T  226  2 .3336293E+07   2000000E+02 -.1514E+07  .6659E+06   .9997445  .0203457  .0098533
T  227  2 .3329658E+07   2000000E+02  .3090E+07  .7576E+06   .9995134  .0261622  .0169858
T  228  2 .3308467E+07   2000000E+02 -.1369E+06  .1131E+07   .9999858  .0036689  .0038526
T  229  2 .3312370E+07   2000000E+02 -.4813E+06  .1080E+07   .9998553  .0047127  .0163446
T  230  2 .3340120E+07   2000000E+02  .4858E+06 -.3068E+06   .9999835  .0055802 -.0013987
T  231  2 .3336017E+07   2000000E+02 -.1113E+07  .1434E+07   .9999145 -.0052515  .0119714
T  232  2 .3370564E+07   2000000E+02  .5235E+06 -.6520E+06   .9999872  .0010044 -.0049663
T  233  2 .3333891E+07   2000000E+02  .1775E+07  .6254E+06   .9999540  .0089279 -.0035144
T  234  2 .3296345E+07   2000000E+02 -.5989E+07  .9350E+06   .9990372 -.0409731  .0156809
T  235  2 .3380958E+07   2000000E+02  .1716E+06  .9023E+05   .9999706  .0050947  .0057271
T  236  2 .3370175E+07   2000000E+02 -.1385E+07 -.4974E+06   .9998564 -.0167607 -.0025029
T  237  2 .3392647E+07   2000000E+02 -.6607E+06  .2334E+07   .9993132 -.0037004  .0368702
T  238  2 .3291323E+07   2000000E+02 -.2032E+07 -.7595E+06   .9996731 -.0248209 -.0061257
T  239  2 .3294940E+07   2000000E+02  .8857E+07  .8863E+07   .9887533  .1111475  .1000662
T  240  2 .3324010E+07   2000000E+02 -.1158E+07  .3121E+07   .9990716 -.0235087  .0361010
T  241  2 .3336704E+07   2000000E+02 -.1154E+07 -.1119E+07   .9998204 -.0091799 -.0165817
T  242  2 .3354118E+07   2000000E+02 -.1249E+05  .7080E+05   .9999844 -.0018340  .0052716
T  243  2 .3285695E+07   2000000E+02  .2080E+07 -.1752E+07   .9998511  .0158338 -.0068533
T  244  2 .3371277E+07   2000000E+02  .1263E+07 -.2611E+06   .9997150  .0221288  .0089620
T  245  2 .3396470E+07   2000000E+02 -.9859E+05 -.4723E+06   .9999137 -.0120657  .0051944
T  246  2 .3329895E+07   2000000E+02  .1716E+07 -.3186E+06   .9999707  .0076484 -.0003966
T  247  2 .3402352E+07   2000000E+02 -.5772E+06  .7048E+06   .9999500 -.0098677 -.0016016
T  248  2 .3344001E+07   2000000E+02  .9152E+06  .9174E+06   .9998543  .0124011  .0117298
T  249  2 .3339086E+07   2000000E+02  .3284E+07 -.9832E+06   .9993932  .0177382 -.0299776
T  250  2 .3356528E+07   2000000E+02 -.6754E+06 -.1674E+07   .9999135 -.0025916 -.0128934
T  251  2 .3357907E+07   2000000E+02 -.3865E+07  .2573E+07   .9995767 -.0239898  .0164598
T  252  2 .3342449E+07   2000000E+02 -.2568E+06 -.8374E+06   .9995389 -.0288268 -.0095347
T  253  2 .3326470E+07   2000000E+02 -.2118E+07 -.1122E+06   .9993022 -.0302329 -.0219338
T  254  2 .3293863E+07   2000000E+02 -.7781E+06  .8596E+06   .9999601 -.0063335 -.0063060
T  255  2 .3397622E+07   2000000E+02 -.1984E+07  .1264E+07   .9996763 -.0236242  .0094440
T  256  2 .3322727E+07   2000000E+02  .3821E+05  .7146E+06   .9999942 -.0022568  .0025545
T  257  2 .3326149E+07   2000000E+02 -.5508E+06 -.6185E+05   .9998775 -.0150027  .0044516
T  258  2 .3342814E+07   2000000E+02 -.2390E+06 -.1133E+07   .9997213 -.0051714 -.0230359
T  259  2 .3314964E+07   2000000E+02  .1292E+07 -.2313E+07   .9997373  .0127034 -.0190755
T  260  2 .3342625E+07   2000000E+02 -.5268E+06  .1867E+07   .9997870 -.0183195  .0095103
T  261  2 .3366430E+07   2000000E+02  .1894E+07 -.2890E+07   .9990497  .0227433 -.0371802
T  262  2 .3356789E+07   2000000E+02 -.9503E+06 -.7760E+06   .9994792 -.0271025 -.0175166
T  263  2 .3323778E+07   2000000E+02 -.1178E+07 -.1598E+07   .9998701 -.0152706  .0051544
T  264  2 .3387408E+07   2000000E+02  .2072E+07 -.2436E+07   .9997540  .0206513 -.0080859
T  265  2 .3317632E+07   2000000E+02  .7387E+06 -.3024E+07   .9996856  .0063582 -.0242544
T  266  2 .3288685E+07   2000000E+02 -.3301E+07 -.5109E+06   .9996801 -.0250902  .0032010
T  267  2 .3382421E+07   2000000E+02  .5882E+07  .6959E+07   .9946489  .0765349  .0693976
T  268  2 .3346330E+07   2000000E+02 -.1577E+07  .1023E+07   .9997933 -.0203140  .0008653
T  269  2 .3388264E+07   2000000E+02  .7910E+06 -.2166E+06   .9999439 -.0001486 -.0105879
T  270  2 .3301623E+07   2000000E+02  .7464E+06 -.1114E+07   .9998210  .0050276 -.0182425
T  271  2 .3339932E+07   2000000E+02  .1540E+07  .5587E+06   .9999577  .0079614 -.0046092
T  272  2 .3294674E+07   2000000E+02 -.1879E+07  .2814E+07   .9992921 -.0253096  .0278355
T  273  2 .3349582E+07   2000000E+02 -.3369E+07 -.6165E+06   .9992983 -.0352898 -.0125505
T  274  2 .3345298E+07   2000000E+02  .8202E+06 -.3189E+06   .9999961 -.0025983  .0010287
T  275  2 .3371916E+07   2000000E+02 -.9425E+06 -.5603E+06   .9999258 -.0077587 -.0093882
T  276  2 .3338341E+07   2000000E+02 -.2532E+06 -.1989E+05   .9999716 -.0075392 -.0002428
T  277  2 .3333690E+07   2000000E+02  .4818E+06  .9301E+06   .9999988 -.0000142  .0015441
T  278  2 .3330047E+07   2000000E+02 -.3558E+07 -.1438E+07   .9996428 -.0267240  .0003491
T  279  2 .3358132E+07   2000000E+02 -.5333E+06  .1375E+07   .9999658  .0036435  .0074258
T  280  2 .3295360E+07   2000000E+02 -.7480E+06 -.1553E+07   .9997879 -.0087015 -.0186642
T  281  2 .3312915E+07   2000000E+02 -.2505E+07  .5784E+06   .9998575 -.0152307  .0072742
T  282  2 .3340271E+07   2000000E+02  .8831E+06  .7985E+06   .9998932  .0127678  .0071148
T  283  2 .3358353E+07   2000000E+02 -.3570E+07 -.5489E+06   .9993807 -.0325851 -.0132793
T  284  2 .3360393E+07   2000000E+02  .8300E+06  .2658E+07   .9993474  .0276933  .0231926
T  285  2 .3372410E+07   2000000E+02 -.5374E+05  .2758E+07   .9994792  .0127160  .0296585
T  286  2 .3240641E+07   2000000E+02 -.1531E+07  .1170E+07   .9997287 -.0232917 -.0002889
T  287  2 .3341749E+07   2000000E+02  .5040E+07  .7836E+07   .9954850  .0355448  .0880126
T  288  2 .3367882E+07   2000000E+02 -.1916E+06 -.7250E+06   .9999215 -.0112807  .0054443
T  289  2 .3353098E+07   2000000E+02  .2258E+07 -.2589E+07   .9995556  .0284896 -.0087742
T  290  2 .3356054E+07   2000000E+02  .2119E+07 -.5400E+06   .9998723  .0136969 -.0082292
T  291  2 .3404551E+07   2000000E+02  .2048E+07  .2228E+07   .9995595  .0234385  .0182047
T  292  2 .3317189E+07   2000000E+02 -.4191E+06  .6001E+06   .9999276 -.0099317  .0067898
T  293  2 .3315048E+07   2000000E+02 -.3459E+07 -.2156E+06   .9991202 -.0418345 -.0029330
T  294  2 .3318246E+07   2000000E+02  .1268E+07 -.1489E+07   .9998013 -.0018576 -.0198491
T  295  2 .3352081E+07   2000000E+02  .2174E+07  .1479E+07   .9998815  .0137456  .0069340
T  296  2 .3309396E+07   2000000E+02  .1696E+07 -.3987E+06   .9996446  .0197047 -.0179546
T  297  2 .3316108E+07   2000000E+02 -.9388E+06  .1061E+07   .9994340 -.0281636  .0183954
T  298  2 .3367608E+07   2000000E+02  .1035E+07  .1194E+07   .9999156  .0090171  .0093532
T  299  2 .3334529E+07   2000000E+02  .6829E+06  .3216E+07   .9997510 -.0073037  .0210856
T  300  2 .3295189E+07   2000000E+02 -.2264E+05 -.2102E+07   .9995687  .0159293 -.0246730
T  301  2 .3305347E+07   2000000E+02 -.1829E+07  .1441E+07   .9996341 -.0091271  .0254644
T  302  2 .3305352E+07   2000000E+02 -.3741E+06  .6570E+06   .9998824 -.0089400  .0124598
T  303  2 .3313865E+07   2000000E+02 -.5059E+06  .7806E+06   .9999933  .0007691  .0035747
T  304  2 .3341675E+07   2000000E+02 -.2082E+07  .1180E+07   .9981609 -.0602836 -.0063743
T  305  2 .3297493E+07   2000000E+02 -.6664E+06 -.1370E+06   .9998777  .0138273  .0073110
T  306  2 .3324348E+07   2000000E+02 -.1041E+07  .1652E+07   .9998868 -.0063612  .0136390
T  307  2 .3424321E+07   2000000E+02  .1611E+06  .7995E+06   .9999971  .0023918  .0001277
T  308  2 .3372252E+07   2000000E+02  .2676E+06  .2029E+06   .9999780  .0004899  .0066160
T  309  2 .3326668E+07   2000000E+02  .7461E+06  .1286E+06   .9999846 -.0039424  .0039007
T  310  2 .3263252E+07   2000000E+02 -.2250E+06 -.3876E+05   .9999947  .0019521  .0026081
T  311  2 .3338795E+07   2000000E+02 -.2007E+07 -.2048E+07   .9997567 -.0134977 -.0174461
T  312  2 .3349541E+07   2000000E+02  .9351E+06  .3846E+06   .9998581  .0148348  .0079796
T  313  2 .3389617E+07   2000000E+02 -.5805E+06  .2137E+07   .9998281 -.0111656  .0148036
T  314  2 .3340149E+07   2000000E+02 -.1436E+07  .2435E+07   .9999237 -.0005884  .0123351
T  315  2 .3413552E+07   2000000E+02 -.2030E+07  .8285E+06   .9997179 -.0224935  .0076326
T  316  2 .3310722E+07   2000000E+02  .2214E+06  .5452E+06   .9999482  .0096200 -.0033343
T  317  2 .3313107E+07   2000000E+02  .4628E+06  .8918E+06   .9996419 -.0031548  .0265727
T  318  2 .3353167E+07   2000000E+02 -.2849E+05 -.3030E+06   .9999065 -.0048720 -.0127810
T  319  2 .3310059E+07   2000000E+02 -.2788E+06  .7815E+06   .9999727 -.0066607 -.0031915
T  320  2 .3386774E+07   2000000E+02 -.1116E+07  .4127E+06   .9999575 -.0077034 -.0050693
T  321  2 .3321851E+07   2000000E+02 -.1011E+07 -.4873E+06   .9998811 -.0063482 -.0140548
T  322  2 .3375034E+07   2000000E+02  .2055E+07  .2359E+07   .9995512  .0236394  .0183979
T  323  2 .3338603E+07   2000000E+02  .9873E+06  .1390E+07   .9996213  .0211061  .0176570
T  324  2 .3320022E+07   2000000E+02 -.2896E+06 -.2745E+05   .9999157 -.0114800  .0060604
T  325  2 .3367700E+07   2000000E+02 -.2146E+06  .1293E+07   .9999956 -.0003560 -.0029464
T  326  2 .3345069E+07   2000000E+02  .1472E+07  .9396E+06   .9999420  .0101540  .0035774
T  327  2 .3377294E+07   2000000E+02  .7442E+06  .4075E+06   .9999690  .0072764 -.0030180
T  328  2 .3330844E+07   2000000E+02  .2644E+06 -.2614E+06   .9998756  .0050065  .0149549
T  329  2 .3308996E+07   2000000E+02  .5699E+06  .1197E+07   .9999846 -.0006657  .0055042
T  330  2 .3299015E+07   2000000E+02 -.3901E+06 -.3357E+06   .9999342 -.0106588  .0042385
T  331  2 .3261387E+07   2000000E+02  .1372E+07 -.1350E+07   .9998312  .0157117 -.0095242
T  332  2 .3338194E+07   2000000E+02  .1246E+07 -.1407E+07   .9999140  .0053840 -.0119572
T  333  2 .3331252E+07   2000000E+02  .1442E+07 -.9818E+06   .9998120  .0142479 -.0131518
T  334  2 .3384432E+07   2000000E+02  .1311E+07  .2268E+06   .9998872  .0140775  .0052356
T  335  2 .3326957E+07   2000000E+02  .3099E+06 -.8035E+06   .9999955  .0028748  .0008283
T  336  2 .3362967E+07   2000000E+02  .1984E+06 -.1184E+06   .9999696  .0073180  .0026866
T  337  2 .3323601E+07   2000000E+02  .8256E+06  .4114E+06   .9998682  .0086811  .0137225
T  338  2 .3314444E+07   2000000E+02  .1054E+07 -.2002E+07   .9996659  .0202741 -.0160300
T  339  2 .3380868E+07   2000000E+02 -.5325E+06 -.8945E+06   .9999575 -.0091891 -.0007233
T  340  2 .3334207E+07   2000000E+02  .6208E+06  .1647E+07   .9995588  .0169112  .0244171
T  341  2 .3307822E+07   2000000E+02 -.5721E+06 -.6396E+06   .9999655 -.0081583 -.0015491
T  342  2 .3263558E+07   2000000E+02 -.1468E+07  .2511E+07   .9994946 -.0044884  .0314719
T  343  2 .3346990E+07   2000000E+02  .9614E+07  .4264E+06   .9924523  .1219870  .0125515
T  344  2 .3317558E+07   2000000E+02 -.1501E+06  .4081E+06   .9999845  .0049359 -.0025934
T  345  2 .3337147E+07   2000000E+02 -.9861E+06  .1391E+07   .9998710 -.0104707  .0121807
T  346  2 .3366555E+07   2000000E+02 -.2119E+07  .4754E+07   .9994994 -.0029369  .0314999
T  347  2 .3346575E+07   2000000E+02  .6797E+06 -.1867E+07   .9990915 -.0131440 -.0405401
T  348  2 .3326592E+07   2000000E+02 -.2333E+07  .1123E+07   .9995894 -.0216219  .0188006
T  349  2 .3350823E+07   2000000E+02  .7811E+06  .1801E+07   .9999479  .0070528  .0073750
T  350  2 .3354522E+07   2000000E+02  .1022E+06 -.3949E+06   .9999438  .0037878 -.0099013
T  351  2 .3333511E+07   2000000E+02 -.8325E+07 -.6173E+06   .9983411 -.0570342 -.0078784
T  352  2 .3341372E+07   2000000E+02  .2772E+07 -.5295E+06   .9995058  .0312969 -.0029329
T  353  2 .3348746E+07   2000000E+02 -.5544E+06  .7590E+06   .9999691 -.0058170 -.0052906
T  354  2 .3371294E+07   2000000E+02 -.3217E+06  .3001E+07   .9992024 -.0237933  .0320685
T  355  2 .3327563E+07   2000000E+02  .1355E+07 -.1028E+06   .9996590  .0247893  .0082102
T  356  2 .3314825E+07   2000000E+02 -.1915E+07  .3376E+06   .9998822 -.0128788  .0083475
T  357  2 .3360762E+07   2000000E+02 -.1113E+07  .1933E+06   .9998225 -.0172573 -.0075596
T  358  2 .3249319E+07   2000000E+02  .1363E+05 -.5479E+06   .9999235  .0045948 -.0114830
T  359  2 .3329731E+07   2000000E+02 -.1772E+06  .3623E+06   .9998340 -.0177898  .0039402
T  360  2 .3273965E+07   2000000E+02 -.1738E+07 -.2423E+07   .9999127 -.0123806 -.0046173
T  361  2 .3298790E+07   2000000E+02  .1355E+07 -.3074E+07   .9972823  .0265199 -.0687360
T  362  2 .3310220E+07   2000000E+02 -.9254E+06  .1344E+07   .9998557 -.0074209  .0152838
T  363  2 .3408658E+07   2000000E+02 -.6022E+07 -.8726E+07   .9975937 -.0370175 -.0586210
T  364  2 .3341965E+07   2000000E+02  .1552E+07 -.1947E+07   .9999984  .0002550 -.0017530
T  365  2 .3405827E+07   2000000E+02 -.1364E+06  .1486E+07   .9994087  .0271092  .0211512
T  366  2 .3319136E+07   2000000E+02 -.7974E+06  .2586E+07   .9993393 -.0284439  .0226262
T  367  2 .3338986E+07   2000000E+02 -.3278E+07 -.3564E+06   .9995386 -.0300588  .0043745
T  368  2 .3344514E+07   2000000E+02  .1862E+06 -.1105E+06   .9998897  .0006493 -.0148407
T  369  2 .3312217E+07   2000000E+02 -.5238E+06 -.4825E+06   .9996114 -.0265185 -.0085906
T  370  2 .3324323E+07   2000000E+02  .7465E+06 -.3808E+06   .9999302  .0011210 -.0117592
T  371  2 .3309198E+07   2000000E+02  .1524E+06  .1768E+06   .9999478  .0072149 -.0072309
T  372  2 .3274244E+07   2000000E+02 -.6729E+06  .1277E+07   .9998646 -.0003073  .0164516
T  373  2 .3354607E+07   2000000E+02  .1916E+07 -.1324E+07   .9996788  .0232492  .0100908
T  374  2 .3319388E+07   2000000E+02  .1252E+07 -.1314E+06   .9999183  .0127507 -.0008812
T  375  2 .3368482E+07   2000000E+02  .7154E+05  .2076E+07   .9996182  .0147169  .0233834
T  376  2 .3326097E+07   2000000E+02 -.4129E+07  .7908E+06   .9991864 -.0398249  .0063716
T  377  2 .3326232E+07   2000000E+02  .8737E+06 -.1177E+07   .9999211  .0099650 -.0076416
T  378  2 .3339861E+07   2000000E+02 -.9213E+06 -.2015E+07   .9993444 -.0161062 -.0324256
T  379  2 .3320088E+07   2000000E+02  .1419E+07  .8110E+06   .9998927  .0136001  .0054378
T  380  2 .3389003E+07   2000000E+02 -.2255E+07  .6697E+06   .9995479 -.0281812  .0104793
T  381  2 .3362578E+07   2000000E+02  .1934E+07 -.5761E+06   .9998735  .0152199  .0046202
T  382  2 .3299930E+07   2000000E+02 -.1619E+07 -.7259E+06   .9999809 -.0061685  .0004181
T  383  2 .3338095E+07   2000000E+02 -.6801E+06 -.1454E+06   .9999814 -.0012407  .0059720
T  384  2 .3383505E+07   2000000E+02  .1812E+07 -.3016E+06   .9998491  .0165221 -.0053741
T  385  2 .3370125E+07   2000000E+02 -.6522E+06  .7572E+06   .9993828 -.0194747  .0292365
T  386  2 .3310416E+07   2000000E+02 -.9513E+06  .1634E+07   .9999430 -.0071737  .0079089
T  387  2 .3340153E+07   2000000E+02  .9073E+06  .5185E+05   .9999979  .0012086 -.0016523
T  388  2 .3358987E+07   2000000E+02 -.7394E+06  .2120E+07   .9997886  .0036484  .0202355
T  389  2 .3342083E+07   2000000E+02 -.1032E+07  .8165E+06   .9998050 -.0197078  .0012671
T  390  2 .3305226E+07   2000000E+02 -.9321E+06  .1603E+03   .9997501 -.0095110 -.0202285
T  391  2 .3310660E+07   2000000E+02  .4398E+06  .9914E+06   .9999744 -.0004127  .0071485
T  392  2 .3315287E+07   2000000E+02 -.2609E+07  .4614E+06   .9996259 -.0270129  .0042869
T  393  2 .3361134E+07   2000000E+02 -.2143E+07  .3930E+07   .9993591 -.0177409  .0310900
T  394  2 .3289723E+07   2000000E+02  .6733E+06 -.5387E+06   .9998679  .0129549 -.0098170
T  395  2 .3319689E+07   2000000E+02  .8569E+06 -.1900E+07   .9999063 -.0067155 -.0119301
T  396  2 .3280961E+07   2000000E+02  .1433E+07  .4510E+06   .9998088  .0173080  .0091028
T  397  2 .3355067E+07   2000000E+02  .3896E+04  .1491E+07   .9999429 -.0008484  .0106548
T  398  2 .3374663E+07   2000000E+02  .9775E+06  .2334E+07   .9995697 -.0201854  .0212808
T  399  2 .3336572E+07   2000000E+02 -.9103E+06  .1849E+07   .9996336 -.0084487  .0257152
T  400  2 .3345414E+07   2000000E+02  .1178E+07  .7380E+05   .9996809  .0190638 -.0165703
T  401  2 .3342816E+07   2000000E+02 -.3285E+07 -.5602E+06   .9998077 -.0193868 -.0029483
T  402  2 .3335590E+07   2000000E+02 -.5254E+06 -.1480E+07   .9997542 -.0161639 -.0151760
T  403  2 .3299277E+07   2000000E+02 -.1135E+06  .1164E+07   .9999207 -.0006122  .0125772
T  404  2 .3322004E+07   2000000E+02  .2927E+07 -.1769E+07   .9995159  .0232128 -.0207131
T  405  2 .3346805E+07   2000000E+02  .2455E+06  .1749E+06   .9999531 -.0008357 -.0096482
T  406  2 .3348425E+07   2000000E+02  .5631E+06 -.1009E+07   .9999358  .0011410 -.0112697
T  407  2 .3374135E+07   2000000E+02 -.1798E+07 -.2980E+07   .9998181 -.0131112 -.0138532
T  408  2 .3361907E+07   2000000E+02 -.8715E+06  .1144E+06   .9998176 -.0189996 -.0019491
T  409  2 .3315773E+07   2000000E+02  .3053E+07 -.9866E+07   .9984925  .0219547 -.0503070
T  410  2 .3354185E+07   2000000E+02 -.9963E+06  .1237E+07   .9999510 -.0093971  .0031004
T  411  2 .3408395E+07   2000000E+02 -.7715E+06 -.1144E+07   .9998154  .0025526 -.0190433
T  412  2 .3330537E+07   2000000E+02  .4643E+05  .6825E+04   .9999834  .0032244 -.0047682
T  413  2 .3389223E+07   2000000E+02  .4293E+06  .5632E+04   .9999018  .0054621 -.0129072
T  414  2 .3326213E+07   2000000E+02  .4319E+06  .2441E+07   .9998504  .0081878  .0152361
T  415  2 .3327776E+07   2000000E+02 -.8192E+06 -.2334E+06   .9998460  .0175438  .0004653
T  416  2 .3340467E+07   2000000E+02  .2004E+07 -.9374E+07   .9949513  .0200623 -.0983337
T  417  2 .3387041E+07   2000000E+02  .1093E+07  .1026E+07   .9998529  .0129756  .0112141
T  418  2 .3316220E+07   2000000E+02  .4161E+06  .1903E+07   .9998841  .0088999  .0123541
T  419  2 .3311933E+07   2000000E+02 -.2371E+07 -.2219E+06   .9995755 -.0215212  .0196382
T  420  2 .3367738E+07   2000000E+02  .2766E+07  .2637E+06   .9965850  .0825656 -.0010898
T  421  2 .3366826E+07   2000000E+02 -.1359E+06 -.1975E+07   .9995702 -.0103114 -.0274422
T  422  2 .3338608E+07   2000000E+02 -.1655E+07  .6016E+06   .9998502 -.0157419  .0071977
T  423  2 .3355543E+07   2000000E+02 -.1571E+07 -.6684E+05   .9991778 -.0389961 -.0110931
T  424  2 .3425853E+07   2000000E+02 -.5690E+06 -.9700E+06   .9999934  .0009265 -.0035055
T  425  2 .3271048E+07   2000000E+02 -.1867E+07  .8455E+06   .9997487 -.0224170 -.0002929
T  426  2 .3363056E+07   2000000E+02  .1040E+07 -.1799E+07   .9997459  .0198859 -.0106121
T  427  2 .3308730E+07   2000000E+02 -.1658E+07 -.3565E+06   .9998685 -.0162025  .0006435
T  428  2 .3293375E+07   2000000E+02 -.1611E+07 -.1337E+06   .9999362 -.0097373 -.0057222
T  429  2 .3322343E+07   2000000E+02 -.4494E+06 -.1597E+07   .9993323 -.0067465  .0359081
T  430  2 .3431915E+07   2000000E+02  .8437E+05  .3627E+07   .9997262  .0014770  .0233507
T  431  2 .3427142E+07   2000000E+02  .2763E+06  .6241E+06   .9999680 -.0078857 -.0013335
T  432  2 .3337108E+07   2000000E+02  .7246E+06  .1130E+06   .9999230  .0123733 -.0009964
T  433  2 .3421474E+07   2000000E+02 -.7853E+06  .2223E+07   .9999554 -.0073250  .0059559
T  434  2 .3354691E+07   2000000E+02 -.1296E+07  .1155E+07   .9998574 -.0002628  .0168863
T  435  2 .3309108E+07   2000000E+02  .1426E+07  .8147E+05   .9998396  .0168288  .0061250
T  436  2 .3382370E+07   2000000E+02  .6893E+06  .1956E+07   .9995620 -.0076407  .0285892
T  437  2 .3323502E+07   2000000E+02  .5300E+06  .9555E+06   .9999784 -.0001187  .0065776
T  438  2 .3346050E+07   2000000E+02 -.5052E+06 -.3247E+06   .9999584  .0020350  .0088963
T  439  2 .3296474E+07   2000000E+02  .6861E+06  .7925E+06   .9999274 -.0058280  .0105444
T  440  2 .3319770E+07   2000000E+02 -.2408E+06 -.7559E+06   .9999996  .0009034 -.0000602
T  441  2 .3311632E+07   2000000E+02 -.8307E+06 -.1143E+07   .9999278 -.0004954 -.0120098
T  442  2 .3366789E+07   2000000E+02 -.1837E+07 -.1064E+06   .9997828 -.0202908  .0047511
T  443  2 .3309126E+07   2000000E+02 -.2329E+07  .1506E+06   .9995118 -.0303370 -.0074680
T  444  2 .3288248E+07   2000000E+02  .4208E+06  .1015E+07   .9999469  .0101179  .0019407
T  445  2 .3340079E+07   2000000E+02  .6940E+06 -.1141E+06   .9999447  .0073462  .0075266
T  446  2 .3374425E+07   2000000E+02 -.6940E+06  .7468E+06   .9999247 -.0077835 -.0094829
T  447  2 .3307410E+07   2000000E+02 -.8333E+06  .6886E+06   .9999348 -.0022786  .0111850
T  448  2 .3358411E+07   2000000E+02 -.1760E+07  .3421E+06   .9999229 -.0122300 -.0021335
T  449  2 .3337015E+07   2000000E+02 -.1421E+07 -.1326E+07   .9996333 -.0245514 -.0114204
T  450  2 .3389386E+07   2000000E+02 -.2603E+07 -.4286E+06   .9998926 -.0146460  .0005930
T  451  2 .3307676E+07   2000000E+02 -.3967E+07 -.1787E+07   .9995258 -.0285209 -.0116077
T  452  2 .3360138E+07   2000000E+02 -.3128E+06  .1891E+07   .9999678 -.0010382  .0079591
T  453  2 .3316661E+07   2000000E+02 -.9199E+06 -.1666E+07   .9998064 -.0139668 -.0138609
T  454  2 .3383537E+07   2000000E+02  .1714E+07 -.9351E+06   .9998151  .0105596 -.0160719
T  455  2 .3344874E+07   2000000E+02  .9240E+06  .1166E+07   .9998274  .0011779  .0185400
T  456  2 .3296728E+07   2000000E+02  .8988E+06 -.3597E+07   .9996296  .0060793 -.0265278
T  457  2 .3384300E+07   2000000E+02 -.2170E+06 -.2416E+07   .9999349 -.0049583 -.0102796
T  458  2 .3379258E+07   2000000E+02 -.1299E+07 -.3283E+07   .9993720 -.0164339 -.0313942
T  459  2 .3316423E+07   2000000E+02  .6622E+06 -.5983E+06   .9999499  .0096250  .0027359
T  460  2 .3372488E+07   2000000E+02 -.1452E+06 -.1125E+07   .9999730 -.0013360 -.0072279
T  461  2 .3342443E+07   2000000E+02  .1356E+05  .1391E+07   .9999604  .0031921  .0083037
T  462  2 .3310531E+07   2000000E+02 -.8846E+06 -.1565E+07   .9993651 -.0266118 -.0236882
T  463  2 .3364043E+07   2000000E+02  .9468E+06  .2258E+07   .9994227  .0176406  .0290361
T  464  2 .3360294E+07   2000000E+02  .3073E+07 -.7415E+07   .9989200  .0193402 -.0422459
T  465  2 .3351480E+07   2000000E+02 -.2825E+06 -.1109E+06   .9999970 -.0014966  .0019517
T  466  2 .3292995E+07   2000000E+02  .6227E+06 -.3514E+06   .9999031  .0077901  .0115337
T  467  2 .3347359E+07   2000000E+02 -.8826E+06 -.2798E+06   .9998550 -.0076847 -.0151959
T  468  2 .3253711E+07   2000000E+02 -.1097E+07  .9236E+06   .9990653 -.0411848  .0131263
T  469  2 .3343766E+07   2000000E+02  .1952E+07  .1050E+07   .9996882  .0079598  .0236658
T  470  2 .3296450E+07   2000000E+02 -.3355E+07  .5452E+07   .9987575 -.0241768  .0435772
T  471  2 .3346848E+07   2000000E+02 -.3980E+05  .1492E+06   .9999975  .0018911 -.0011625
T  472  2 .3341164E+07   2000000E+02 -.2635E+07 -.1779E+07   .9996034 -.0263879 -.0098299
T  473  2 .3390086E+07   2000000E+02 -.1078E+07  .1015E+07   .9999292 -.0107192  .0051695
T  474  2 .3367281E+07   2000000E+02 -.7423E+05  .7740E+06   .9999554 -.0090779 -.0025999
T  475  2 .3335211E+07   2000000E+02  .7053E+06 -.6704E+06   .9998067 -.0045254 -.0191349
T  476  2 .3344589E+07   2000000E+02 -.2872E+07 -.6838E+06   .9997974 -.0199517 -.0026536
T  477  2 .3307812E+07   2000000E+02  .1848E+07 -.4312E+07   .9998039  .0134445 -.0145404
T  478  2 .3310085E+07   2000000E+02  .4510E+06  .1791E+06   .9999883  .0047336 -.0009978
T  479  2 .3340097E+07   2000000E+02  .9176E+06 -.3954E+06   .9998905  .0144781  .0030556
T  480  2 .3344838E+07   2000000E+02  .1242E+07 -.1088E+07   .9998426  .0174410 -.0032617
T  481  2 .3296012E+07   2000000E+02  .4535E+07 -.3191E+06   .9995483  .0296204 -.0050812
T  482  2 .3356796E+07   2000000E+02 -.6099E+06 -.5197E+05   .9999105 -.0012906 -.0133166
T  483  2 .3304037E+07   2000000E+02 -.7399E+06  .1255E+07   .9999004 -.0038474  .0135769
T  484  2 .3330249E+07   2000000E+02  .4531E+06 -.2296E+06   .9998798  .0132568  .0080427
T  485  2 .3324935E+07   2000000E+02 -.1427E+07  .2262E+06   .9999707  .0001519 -.0076471
T  486  2 .3347568E+07   2000000E+02 -.1570E+07 -.5353E+06   .9999635 -.0059474  .0061381
T  487  2 .3343040E+07   2000000E+02  .3595E+06 -.2027E+06   .9999969  .0014217 -.0020425
T  488  2 .3294491E+07   2000000E+02  .3067E+07  .7981E+06   .9995617  .0296005 -.0004094
T  489  2 .3300818E+07   2000000E+02  .1330E+06  .2576E+07   .9992207  .0031231  .0393469
T  490  2 .3313896E+07   2000000E+02 -.8702E+06  .5058E+06   .9999760 -.0066390  .0019653
T  491  2 .3303251E+07   2000000E+02 -.1433E+07  .9247E+06   .9989332 -.0448201  .0111197
T  492  2 .3357710E+07   2000000E+02  .2568E+06 -.1221E+07   .9999806  .0061761 -.0007535
T  493  2 .3361458E+07   2000000E+02 -.9638E+06  .3440E+07   .9996196  .0042255  .0272542
T  494  2 .3335777E+07   2000000E+02 -.5166E+07  .7447E+06   .9994853 -.0297604  .0119801
T  495  2 .3335876E+07   2000000E+02  .1724E+07  .4810E+06   .9999819  .0059126  .0010881
T  496  2 .3308798E+07   2000000E+02 -.1109E+07 -.1935E+06   .9999532 -.0075871 -.0059971
T  497  2 .3338141E+07   2000000E+02  .1553E+06  .4375E+04   .9998594  .0084136 -.0145075
T  498  2 .3350440E+07   2000000E+02  .7855E+06 -.2858E+07   .9999461  .0088358 -.0054475
T  499  2 .3342732E+07   2000000E+02 -.9936E+05  .2144E+07   .9996407 -.0062703  .0260618
T  500  2 .3310232E+07   2000000E+02  .1109E+07 -.1587E+07   .9990475  .0323607 -.0292736
T  501  2 .3353368E+07   2000000E+02 -.5298E+07 -.2967E+06   .9988446 -.0445220 -.0180911
T  502  2 .3325454E+07   2000000E+02  .6018E+06 -.2890E+07   .9998663  .0021937 -.0162031
T  503  2 .3330744E+07   2000000E+02  .1462E+07  .6399E+06   .9999268  .0120910  .0003328
T  504  2 .3294061E+07   2000000E+02  .2134E+06  .6439E+06   .9999339  .0089738  .0071893
T  505  2 .3355053E+07   2000000E+02  .1541E+07  .6111E+06   .9999415  .0107774  .0009412
T  506  2 .3271129E+07   2000000E+02 -.1305E+07  .1509E+07   .9996734 -.0213212  .0140897
T  507  2 .3303937E+07   2000000E+02 -.2739E+06  .1133E+07   .9999570  .0043246  .0082067
T  508  2 .3292022E+07   2000000E+02  .6186E+06  .3124E+06   .9999753  .0055150 -.0043555
T  509  2 .3343056E+07   2000000E+02 -.1130E+07  .8808E+06   .9995391 -.0208512  .0220619
T  510  2 .3369870E+07   2000000E+02  .2949E+07 -.2274E+07   .9994189  .0302193 -.0157681
T  511  2 .3325721E+07   2000000E+02  .6700E+06 -.4234E+06   .9999362 -.0089689 -.0068659
T  512  2 .3377088E+07   2000000E+02 -.1213E+06 -.2310E+07   .9998968 -.0042765 -.0137167
T  513  2 .3294867E+07   2000000E+02 -.3712E+06  .1143E+07   .9999422  .0084444  .0066599
T  514  2 .3376090E+07   2000000E+02 -.2304E+07 -.1873E+07   .9994488 -.0294359 -.0153500
T  515  2 .3294952E+07   2000000E+02 -.1506E+07 -.3675E+05   .9998935 -.0140754 -.0038562
T  516  2 .3315168E+07   2000000E+02  .2578E+06  .2747E+07   .9999166 -.0124986  .0032620
T  517  2 .3285296E+07   2000000E+02  .1232E+07 -.1496E+07   .9997359  .0124185 -.0193371
T  518  2 .3355185E+07   2000000E+02  .5006E+06  .3243E+06   .9999775  .0052996  .0041102
T  519  2 .3373382E+07   2000000E+02  .1368E+07 -.9254E+05   .9997569  .0110752 -.0190658
T  520  2 .3332622E+07   2000000E+02  .1727E+06  .6317E+06   .9999870  .0038340 -.0033752
T  521  2 .3335802E+07   2000000E+02  .4320E+06 -.9134E+06   .9998302  .0026713 -.0182351
T  522  2 .3335572E+07   2000000E+02 -.1791E+07 -.8709E+06   .9997834 -.0133709 -.0159488
T  523  2 .3337122E+07   2000000E+02 -.3295E+07 -.1795E+06   .9993735 -.0345452 -.0076971
T  524  2 .3330710E+07   2000000E+02  .1253E+07 -.1185E+07   .9999364  .0062617 -.0093795
T  525  2 .3298147E+07   2000000E+02  .3300E+07  .2219E+06   .9997413  .0131822  .0185332
T  526  2 .3297631E+07   2000000E+02 -.1732E+07 -.7427E+06   .9999271 -.0115868 -.0033991
T  527  2 .3295121E+07   2000000E+02  .2347E+07 -.2480E+05   .9997886  .0195198  .0064567
T  528  2 .3293782E+07   2000000E+02 -.4867E+06  .2163E+07   .9996795 -.0185193  .0172589
T  529  2 .3370541E+07   2000000E+02  .4065E+06  .6272E+06   .9998460  .0153336  .0085311
T  530  2 .3363534E+07   2000000E+02  .1022E+07  .5268E+06   .9999259 -.0019087  .0120262
T  531  2 .3358964E+07   2000000E+02  .1823E+07  .4501E+07   .9994806  .0166994  .0275601
T  532  2 .3324064E+07   2000000E+02 -.1504E+07  .4542E+06   .9996284 -.0159606  .0220965
T  533  2 .3268559E+07   2000000E+02  .2753E+07  .4213E+06   .9997737  .0212534 -.0009103
T  534  2 .3331759E+07   2000000E+02  .8871E+06  .1013E+06   .9999158  .0107959  .0072029
T  535  2 .3358645E+07   2000000E+02  .9262E+06 -.1009E+07   .9998873  .0070034 -.0132777
T  536  2 .3345980E+07   2000000E+02  .1705E+06 -.2085E+06   .9999905 -.0042291  .0010673
T  537  2 .3361252E+07   2000000E+02  .2008E+06 -.7282E+06   .9996596  .0259354  .0028510
T  538  2 .3390105E+07   2000000E+02  .6449E+06  .6347E+05   .9999215  .0125253 -.0001707
T  539  2 .3360250E+07   2000000E+02  .6730E+07  .1313E+06   .9989512  .0457010 -.0028315
T  540  2 .3330211E+07   2000000E+02 -.7307E+06  .1035E+07   .9998980 -.0016458  .0141893
T  541  2 .3318818E+07   2000000E+02  .3753E+07  .6260E+06   .9995054  .0311259  .0044881
T  542  2 .3341152E+07   2000000E+02 -.1919E+07 -.1845E+07   .9996611 -.0218411 -.0141653
T  543  2 .3340818E+07   2000000E+02 -.1574E+07  .2351E+07   .9999561 -.0067850  .0064664
T  544  2 .3347421E+07   2000000E+02 -.4467E+07 -.1445E+07   .9985347 -.0470049 -.0268147
T  545  2 .3360554E+07   2000000E+02 -.1487E+07 -.3967E+07   .9988314 -.0216217 -.0432234
T  546  2 .3377116E+07   2000000E+02 -.1016E+07 -.1989E+07   .9998253 -.0078318 -.0169704
T  547  2 .3358750E+07   2000000E+02  .2141E+07 -.8372E+06   .9998686  .0157381 -.0038963
T  548  2 .3323788E+07   2000000E+02  .2393E+07  .2836E+07   .9988687  .0263048  .0396161
T  549  2 .3297314E+07   2000000E+02  .2318E+07 -.7442E+06   .9999540  .0017395 -.0094332
T  550  2 .3326409E+07   2000000E+02 -.2229E+06 -.9315E+06   .9999280 -.0069479 -.0097826
T  551  2 .3337560E+07   2000000E+02  .1698E+07 -.1382E+07   .9994556  .0283530 -.0168711
T  552  2 .3329857E+07   2000000E+02  .1609E+07  .1211E+07   .9998830  .0104641  .0111566
T  553  2 .3328498E+07   2000000E+02  .5963E+06  .2957E+06   .9998796  .0140710 -.0065413
T  554  2 .3250123E+07   2000000E+02 -.1188E+07 -.1791E+07   .9999733 -.0007966 -.0072654
T  555  2 .3338857E+07   2000000E+02 -.9713E+04  .1519E+07   .9999068  .0067717  .0118506
T  556  2 .3344162E+07   2000000E+02 -.6878E+06  .4260E+06   .9999412 -.0052535 -.0094920
T  557  2 .3299563E+07   2000000E+02 -.1883E+06  .7338E+06   .9999897 -.0002999  .0045237
T  558  2 .3366490E+07   2000000E+02 -.1797E+06 -.1362E+07   .9999702  .0005953 -.0076940
T  559  2 .3347483E+07   2000000E+02 -.1502E+07 -.1256E+06   .9998252 -.0181369 -.0045512
T  560  2 .3322578E+07   2000000E+02 -.8641E+06  .4419E+06   .9998023 -.0151795  .0128442
T  561  2 .3395967E+07   2000000E+02  .2575E+07  .4270E+06   .9998619  .0157758 -.0052180
T  562  2 .3377485E+07   2000000E+02 -.1408E+06  .3565E+06   .9998111  .0012850  .0193939
T  563  2 .3347454E+07   2000000E+02 -.1934E+07 -.4072E+06   .9999937 -.0015367  .0031888
T  564  2 .3295261E+07   2000000E+02 -.8374E+06 -.3239E+07   .9996927  .0021966 -.0246923
T  565  2 .3336061E+07   2000000E+02 -.1052E+07 -.1725E+07   .9997144 -.0211381 -.0111450
T  566  2 .3270670E+07   2000000E+02  .2187E+07  .3593E+07   .9995374  .0275482  .0128869
T  567  2 .3305731E+07   2000000E+02 -.9389E+06  .1669E+07   .9998665 -.0108353  .0122280
T  568  2 .3383737E+07   2000000E+02 -.4622E+06  .1116E+07   .9997603 -.0207035 -.0071150
T  569  2 .3329629E+07   2000000E+02  .1083E+06  .7345E+06   .9999012 -.0064310 -.0125002
T  570  2 .3275322E+07   2000000E+02  .3812E+07  .1343E+07   .9999583  .0056371  .0071834
T  571  2 .3327994E+07   2000000E+02  .9036E+06 -.1356E+07   .9994752  .0007372  .0323841
T  572  2 .3305683E+07   2000000E+02 -.3804E+07 -.9597E+06   .9992039 -.0335471 -.0215897
T  573  2 .3303740E+07   2000000E+02  .3136E+07 -.1273E+06   .9997052  .0242659  .0008020
T  574  2 .3293579E+07   2000000E+02  .1753E+06 -.1401E+07   .9999650  .0063309 -.0054723
T  575  2 .3352130E+07   2000000E+02  .1481E+07  .2235E+05   .9999242  .0108954  .0057361
T  576  2 .3337586E+07   2000000E+02 -.5682E+05 -.9899E+06   .9998446 -.0018666 -.0175325
T  577  2 .3330237E+07   2000000E+02 -.4382E+05 -.6098E+06   .9998972  .0018776 -.0142161
T  578  2 .3357330E+07   2000000E+02 -.1459E+07 -.6823E+06   .9999463 -.0071267 -.0075197
T  579  2 .3350605E+07   2000000E+02  .9142E+06  .2236E+07   .9998701 -.0041889  .0155613
T  580  2 .3322009E+07   2000000E+02 -.8499E+05  .1143E+07   .9998692  .0141000  .0079232
T  581  2 .3324285E+07   2000000E+02 -.7709E+06 -.1594E+07   .9998437 -.0030236 -.0174187
T  582  2 .3351719E+07   2000000E+02  .6612E+05 -.1570E+07   .9999483 -.0010965 -.0101050
T  583  2 .3364516E+07   2000000E+02  .1705E+07  .7850E+06   .9998463  .0089085  .0151012
T  584  2 .3287376E+07   2000000E+02  .1411E+07 -.1254E+07   .9996684  .0178812 -.0185288
T  585  2 .3368138E+07   2000000E+02  .5477E+06  .5035E+06   .9999345  .0031709  .0110014
T  586  2 .3315564E+07   2000000E+02 -.2059E+07  .2760E+07   .9996926 -.0117878  .0218125
T  587  2 .3340864E+07   2000000E+02 -.3837E+06 -.8457E+06   .9999769  .0049807 -.0046214
T  588  2 .3353587E+07   2000000E+02 -.1173E+07  .2359E+07   .9992259 -.0128689  .0371749
T  589  2 .3407803E+07   2000000E+02 -.1899E+05  .7855E+06   .9998992  .0000635  .0141949
T  590  2 .3362715E+07   2000000E+02 -.1409E+07 -.5859E+06   .9999643 -.0084474 -.0001488
T  591  2 .3341187E+07   2000000E+02 -.7532E+06  .6647E+05   .9999590 -.0089187 -.0015453
T  592  2 .3320306E+07   2000000E+02 -.8091E+06  .1102E+07   .9998837 -.0129873  .0080004
T  593  2 .3291354E+07   2000000E+02  .1054E+07 -.1750E+07   .9999918  .0033187 -.0023421
T  594  2 .3307267E+07   2000000E+02  .1230E+07 -.8065E+06   .9999074  .0135937 -.0006888
T  595  2 .3311505E+07   2000000E+02  .9150E+06  .2123E+07   .9997624  .0054766  .0210993
T  596  2 .3357355E+07   2000000E+02  .1563E+07 -.3719E+07   .9991541 -.0404669 -.0073155
T  597  2 .3372395E+07   2000000E+02  .1847E+07  .5877E+06   .9996343  .0270384 -.0005305
T  598  2 .3385785E+07   2000000E+02  .1353E+07  .1053E+07   .9997393  .0134845  .0184264
T  599  2 .3336815E+07   2000000E+02  .1459E+07 -.4277E+06   .9996118  .0278436 -.0009630
T  600  2 .3300530E+07   2000000E+02  .4056E+06 -.4775E+06   .9999600  .0062032  .0064398
T  601  2 .3365254E+07   2000000E+02 -.1200E+07  .3434E+07   .9999893 -.0044578  .0012308
T  602  2 .3378924E+07   2000000E+02 -.2254E+07  .9855E+06   .9997744 -.0166270  .0132170
T  603  2 .3323417E+07   2000000E+02  .9353E+06 -.1664E+07   .9999194  .0099785 -.0078532
T  604  2 .3347460E+07   2000000E+02 -.6791E+06 -.1115E+07   .9999298 -.0107097 -.0050669
T  605  2 .3353835E+07   2000000E+02  .1353E+07  .1704E+07   .9998809  .0060684  .0141880
T  606  2 .3351452E+07   2000000E+02 -.7126E+06 -.1403E+07   .9969915 -.0243682 -.0735810
T  607  2 .3313256E+07   2000000E+02 -.2442E+06  .3805E+06   .9999349  .0061300  .0096263
T  608  2 .3345075E+07   2000000E+02  .9611E+06 -.8466E+06   .9999450  .0084155 -.0062573
T  609  2 .3363379E+07   2000000E+02 -.6340E+06  .2040E+07   .9992656 -.0380425  .0045853
T  610  2 .3364151E+07   2000000E+02  .1078E+07 -.1594E+07   .9999013  .0002639 -.0140470
T  611  2 .3329076E+07   2000000E+02  .3037E+07 -.5280E+06   .9986957  .0127856 -.0494309
T  612  2 .3309310E+07   2000000E+02  .5471E+06 -.3574E+07   .9998207  .0014958 -.0188779
T  613  2 .3381684E+07   2000000E+02  .1417E+07 -.1565E+07   .9999271  .0117668 -.0027042
T  614  2 .3296701E+07   2000000E+02 -.6185E+06  .3341E+07   .9994323 -.0088408  .0325093
T  615  2 .3312950E+07   2000000E+02  .8547E+06  .1442E+07   .9996702  .0232898  .0108207
T  616  2 .3332634E+07   2000000E+02 -.3918E+07 -.1668E+07   .9992157 -.0395685 -.0015377
T  617  2 .3368258E+07   2000000E+02  .1211E+07 -.1720E+07   .9998577  .0154587 -.0067577
T  618  2 .3312848E+07   2000000E+02  .4410E+06 -.1987E+06   .9999777 -.0064199  .0018424
T  619  2 .3303452E+07   2000000E+02 -.3330E+06 -.5010E+06   .9999980 -.0017493  .0009829
T  620  2 .3325908E+07   2000000E+02  .8245E+06 -.3163E+06   .9995906  .0219357 -.0183714
T  621  2 .3279400E+07   2000000E+02  .3175E+07 -.2421E+07   .9994975  .0278185 -.0151943
T  622  2 .3395154E+07   2000000E+02 -.9311E+06 -.8719E+06   .9991925 -.0385791  .0112261
T  623  2 .3349780E+07   2000000E+02 -.3352E+06 -.1620E+07   .9997518  .0039304 -.0219290
T  624  2 .3382737E+07   2000000E+02 -.1035E+07  .2976E+06   .9999512  .0085909  .0048699
T  625  2 .3342961E+07   2000000E+02 -.1283E+07 -.3400E+06   .9998681 -.0120443 -.0108953
T  626  2 .3386242E+07   2000000E+02 -.2364E+06 -.1779E+06   .9999248 -.0115873 -.0040145
T  627  2 .3361256E+07   2000000E+02 -.8979E+06  .1971E+07   .9999517 -.0094417  .0027158
T  628  2 .3346064E+07   2000000E+02  .4737E+07  .2161E+07   .9990903  .0236915  .0354588
T  629  2 .3363814E+07   2000000E+02 -.5854E+06 -.8153E+06   .9998569  .0052112 -.0160958
T  630  2 .3333103E+07   2000000E+02 -.1322E+07 -.9803E+06   .9998352 -.0148570 -.0104296
T  631  2 .3320545E+07   2000000E+02  .3690E+07 -.1098E+07   .9997610  .0218319 -.0011715
T  632  2 .3377195E+07   2000000E+02  .6518E+06 -.2856E+07   .9993583  .0076870 -.0349834
T  633  2 .3336787E+07   2000000E+02  .2213E+07 -.1869E+07   .9996838  .0173419 -.0182101
T  634  2 .3292413E+07   2000000E+02  .9377E+06 -.6329E+06   .9999872  .0004702 -.0050374
T  635  2 .3336086E+07   2000000E+02  .2388E+07  .4047E+07   .9978781  .0430423  .0488526
T  636  2 .3332557E+07   2000000E+02 -.9448E+06 -.2406E+06   .9998719 -.0079664 -.0138793
T  637  2 .3352237E+07   2000000E+02  .5569E+06 -.1035E+05   .9999582  .0024974 -.0087903
T  638  2 .3370479E+07   2000000E+02  .1816E+07  .3982E+07   .9984012  .0173783  .0537872
T  639  2 .3336617E+07   2000000E+02 -.7357E+06  .1212E+07   .9996265  .0271021  .0035032
T  640  2 .3292036E+07   2000000E+02  .2410E+06  .1436E+07   .9999104 -.0050223  .0124060
T  641  2 .3312955E+07   2000000E+02 -.9419E+06 -.4637E+07   .9993282 -.0097334 -.0353340
T  642  2 .3315983E+07   2000000E+02  .7397E+05 -.9655E+06   .9998445 -.0153708  .0086465
T  643  2 .3310435E+07   2000000E+02  .7387E+06 -.1453E+07   .9998663  .0086644 -.0138675
T  644  2 .3292069E+07   2000000E+02  .1680E+07  .9140E+06   .9999039  .0112799  .0080586
T  645  2 .3350843E+07   2000000E+02  .1575E+07  .5211E+06   .9997166  .0229613  .0062823
T  646  2 .3355198E+07   2000000E+02 -.1203E+06 -.5517E+06   .9998432 -.0154707 -.0086126
T  647  2 .3360614E+07   2000000E+02 -.2939E+06 -.1998E+07   .9995676 -.0071406 -.0285241
T  648  2 .3314720E+07   2000000E+02  .4107E+06  .3576E+06   .9999936  .0004752 -.0035457
T  649  2 .3351687E+07   2000000E+02 -.1017E+07 -.6043E+06   .9993654 -.0350969 -.0060912
T  650  2 .3326497E+07   2000000E+02  .1606E+07 -.1481E+07   .9994554  .0291695 -.0154302
T  651  2 .3335461E+07   2000000E+02 -.2192E+07  .1651E+07   .9998740 -.0157972  .0015457
T  652  2 .3404615E+07   2000000E+02 -.5788E+06  .1341E+06   .9999707 -.0075498  .0012674
T  653  2 .3301772E+07   2000000E+02 -.2996E+07 -.4277E+07   .9987524 -.0286743 -.0408835
T  654  2 .3333469E+07   2000000E+02  .6534E+06 -.1348E+07   .9999329  .0049702 -.0104611
T  655  2 .3354343E+07   2000000E+02 -.3855E+07 -.5079E+07   .9979560 -.0296685 -.0566001
T  656  2 .3305777E+07   2000000E+02 -.1331E+07 -.3734E+06   .9998454 -.0100588 -.0144246
T  657  2 .3414177E+07   2000000E+02  .1390E+07  .7111E+06   .9998660  .0151009 -.0063279
T  658  2 .3311138E+07   2000000E+02  .9008E+06  .3613E+07   .9998412  .0016349  .0177464
T  659  2 .3321819E+07   2000000E+02 -.8579E+06  .4958E+06   .9999523 -.0016450  .0096257
T  660  2 .3284387E+07   2000000E+02 -.2721E+07 -.1286E+07   .9990161 -.0443464 -.0005549
T  661  2 .3372447E+07   2000000E+02  .2536E+07 -.3833E+06   .9995703  .0282842  .0076936
T  662  2 .3338832E+07   2000000E+02  .1201E+07  .1205E+07   .9991631  .0045074  .0406535
T  663  2 .3350072E+07   2000000E+02  .5297E+06 -.5227E+06   .9999931  .0002882 -.0036952
T  664  2 .3327382E+07   2000000E+02  .1047E+07  .9666E+06   .9999224  .0114223  .0049737
T  665  2 .3349303E+07   2000000E+02  .1494E+07  .2856E+07   .9971331  .0536443  .0533654
T  666  2 .3289580E+07   2000000E+02 -.3429E+06 -.1166E+07   .9999817 -.0059952 -.0007631
T  667  2 .3367555E+07   2000000E+02 -.3552E+05 -.2336E+06   .9998886 -.0087154 -.0121150
T  668  2 .3314005E+07   2000000E+02 -.1629E+07 -.7386E+06   .9997093 -.0226744 -.0081969
T  669  2 .3296127E+07   2000000E+02 -.1557E+05  .2615E+07   .9995027 -.0032904  .0313605
T  670  2 .3322433E+07   2000000E+02 -.1878E+07 -.8858E+06   .9999736 -.0049958 -.0052773
T  671  2 .3291302E+07   2000000E+02  .6998E+07  .1097E+08   .9930037  .0336475  .1131881
T  672  2 .3334787E+07   2000000E+02  .3256E+07  .1984E+07   .9995682  .0288990  .0053145
T  673  2 .3349304E+07   2000000E+02 -.3990E+06 -.1293E+07   .9997787  .0167545 -.0127221
T  674  2 .3324997E+07   2000000E+02  .1224E+07  .3093E+07   .9990725  .0202153  .0380187
T  675  2 .3349042E+07   2000000E+02 -.4621E+07  .3012E+07   .9985018 -.0461829  .0293485
T  676  2 .3251337E+07   2000000E+02 -.1614E+07  .1978E+07   .9993645 -.0145636  .0325335
T  677  2 .3336540E+07   2000000E+02  .6237E+05 -.3063E+06   .9999831 -.0028390  .0050697
T  678  2 .3399742E+07   2000000E+02 -.9834E+06 -.9743E+06   .9998238 -.0094898 -.0161959
T  679  2 .3365218E+07   2000000E+02 -.4184E+06 -.5041E+06   .9999177 -.0112017 -.0062504
T  680  2 .3382979E+07   2000000E+02 -.2264E+07  .6309E+05   .9998146 -.0156093  .0112747
T  681  2 .3361530E+07   2000000E+02 -.1096E+07 -.1909E+06   .9997664 -.0123688 -.0177270
T  682  2 .3326198E+07   2000000E+02 -.2537E+07 -.5790E+06   .9994067 -.0341917  .0041497
T  683  2 .3308941E+07   2000000E+02 -.4262E+06  .3037E+06   .9999605  .0012193 -.0088007
T  684  2 .3334729E+07   2000000E+02  .3627E+06  .1161E+05   .9998947  .0057145  .0133362
T  685  2 .3287405E+07   2000000E+02 -.6818E+06  .3952E+05   .9999844  .0015567  .0053615
T  686  2 .3337321E+07   2000000E+02  .1203E+07 -.4254E+06   .9999727  .0073901 -.0000466
T  687  2 .3419750E+07   2000000E+02 -.3495E+07  .7451E+06   .9997028 -.0228663  .0084556
T  688  2 .3323329E+07   2000000E+02  .8686E+06  .3915E+07   .9998313  .0055666  .0175022
T  689  2 .3299072E+07   2000000E+02  .9208E+06 -.6697E+06   .9998977  .0133593 -.0051050
T  690  2 .3356332E+07   2000000E+02  .3365E+07 -.4039E+07   .9977543  .0349823 -.0571190
T  691  2 .3355093E+07   2000000E+02 -.2886E+06  .2516E+06   .9996619 -.0169166  .0197485
T  692  2 .3325456E+07   2000000E+02  .9576E+06  .9884E+06   .9998867  .0149544 -.0017190
T  693  2 .3369686E+07   2000000E+02 -.1620E+07 -.4088E+07   .9991593 -.0178602 -.0369005
T  694  2 .3347340E+07   2000000E+02 -.3152E+06  .6763E+05   .9998902  .0063706  .0133795
T  695  2 .3380892E+07   2000000E+02  .3480E+07  .1845E+07   .9998818  .0097929  .0118546
T  696  2 .3337402E+07   2000000E+02 -.3648E+07 -.7451E+06   .9994470 -.0297309 -.0148934
T  697  2 .3294511E+07   2000000E+02  .5906E+06  .1315E+07   .9998290  .0075950  .0168600
T  698  2 .3332865E+07   2000000E+02  .2646E+06  .3364E+07   .9998194  .0051806  .0182828
T  699  2 .3327980E+07   2000000E+02 -.1778E+07 -.4183E+07   .9970635 -.0167120 -.0747328
T  700  2 .3360094E+07   2000000E+02 -.1175E+07 -.1267E+07   .9998895 -.0132212  .0067915
T  701  2 .3337759E+07   2000000E+02 -.1732E+07  .4218E+06   .9995186 -.0302848 -.0067332
T  702  2 .3285232E+07   2000000E+02 -.3156E+06  .1187E+07   .9998423  .0057643  .0167966
T  703  2 .3311761E+07   2000000E+02 -.4215E+06  .3147E+07   .9992740 -.0193158  .0328398
T  704  2 .3326084E+07   2000000E+02  .2323E+07  .1292E+06   .9996997  .0244746  .0012346
T  705  2 .3380141E+07   2000000E+02  .4120E+06  .3370E+07   .9995164  .0109654  .0290974
T  706  2 .3322687E+07   2000000E+02  .4244E+06 -.9293E+06   .9994458 -.0288649 -.0165821
T  707  2 .3362229E+07   2000000E+02  .3105E+06  .9392E+06   .9999747  .0007113  .0070822
T  708  2 .3311210E+07   2000000E+02 -.2158E+07  .1689E+05   .9998712 -.0157590 -.0030398
T  709  2 .3361720E+07   2000000E+02 -.2509E+06  .1123E+07   .9998624  .0165468  .0011698
T  710  2 .3318906E+07   2000000E+02 -.2199E+07  .1908E+07   .9998766 -.0127051  .0092397
T  711  2 .3337650E+07   2000000E+02  .4725E+07 -.2008E+07   .9992840  .0353077 -.0135954
T  712  2 .3335819E+07   2000000E+02  .2578E+07 -.1749E+07   .9997729  .0182778 -.0109544
T  713  2 .3378467E+07   2000000E+02  .2044E+07  .5990E+05   .9999059  .0133228  .0032599
T  714  2 .3361280E+07   2000000E+02 -.7028E+06 -.5764E+06   .9999712 -.0002894  .0075887
T  715  2 .3327321E+07   2000000E+02 -.1094E+06  .2934E+05   .9999702 -.0005956  .0076935
T  716  2 .3351991E+07   2000000E+02  .1828E+07  .1767E+07   .9991007  .0230180  .0356078
T  717  2 .3309960E+07   2000000E+02  .1084E+07  .1173E+07   .9999119  .0128995 -.0031403
T  718  2 .3358520E+07   2000000E+02  .7231E+06 -.2120E+06   .9999997  .0001160  .0007492
T  719  2 .3375447E+07   2000000E+02  .6251E+06  .2842E+07   .9996972  .0145781  .0198224
T  720  2 .3266720E+07   2000000E+02 -.4653E+06  .1514E+07   .9998715 -.0003196  .0160295
T  721  2 .3351832E+07   2000000E+02 -.8157E+06 -.8531E+06   .9999991  .0006506 -.0011771
T  722  2 .3423368E+07   2000000E+02 -.2184E+06  .1554E+07   .9999338 -.0073100  .0088820
T  723  2 .3313536E+07   2000000E+02 -.4797E+06 -.1923E+07   .9996849 -.0059055 -.0243981
T  724  2 .3297656E+07   2000000E+02  .3099E+06  .1407E+07   .9998653  .0135702  .0092279
T  725  2 .3387601E+07   2000000E+02  .8864E+06  .5536E+07   .9918649  .0106450  .1268494
T  726  2 .3338473E+07   2000000E+02 -.8929E+06  .1010E+06   .9997829 -.0198526  .0063235
T  727  2 .3295112E+07   2000000E+02 -.5498E+06 -.2421E+06   .9999277  .0110072  .0048325
T  728  2 .3326926E+07   2000000E+02 -.1963E+07  .1502E+07   .9997245 -.0186073  .0143093
T  729  2 .3312424E+07   2000000E+02  .1608E+07  .1770E+07   .9975556  .0631674  .0298782
T  730  2 .3370386E+07   2000000E+02 -.1313E+07  .2376E+07   .9998573 -.0119792  .0119102
T  731  2 .3303543E+07   2000000E+02 -.3626E+06 -.7895E+06   .9999142 -.0056386 -.0118196
T  732  2 .3391720E+07   2000000E+02 -.2586E+06  .2757E+06   .9999865 -.0050939  .0010249
T  733  2 .3352743E+07   2000000E+02 -.2271E+05 -.3436E+06   .9999743 -.0071187  .0008378
T  734  2 .3317199E+07   2000000E+02 -.2408E+05  .2145E+07   .9999392  .0101066  .0044123
T  735  2 .3280823E+07   2000000E+02  .3668E+06  .7002E+06   .9996548 -.0035675  .0260307
T  736  2 .3365447E+07   2000000E+02 -.1776E+07 -.1024E+06   .9999194 -.0122013  .0035170
T  737  2 .3330061E+07   2000000E+02  .1727E+07 -.1528E+07   .9996146  .0204072 -.0188226
T  738  2 .3341489E+07   2000000E+02  .7744E+06 -.1237E+07   .9999816  .0045607 -.0039947
T  739  2 .3320502E+07   2000000E+02  .2860E+06 -.1518E+07   .9998696 -.0031466 -.0158418
T  740  2 .3339401E+07   2000000E+02  .8470E+05  .2057E+07   .9997589  .0034955  .0216755
T  741  2 .3322185E+07   2000000E+02 -.2474E+07  .4219E+06   .9996896 -.0241505  .0061250
T  742  2 .3299111E+07   2000000E+02  .2565E+07 -.1533E+06   .9997041  .0240867 -.0033836
T  743  2 .3382525E+07   2000000E+02  .2779E+07  .2378E+06   .9996928  .0219607  .0114892
T  744  2 .3360069E+07   2000000E+02  .9838E+06 -.1986E+07   .9998984  .0091038 -.0109663
T  745  2 .3362357E+07   2000000E+02 -.6509E+06  .5957E+06   .9999828 -.0033637 -.0047987
T  746  2 .3369977E+07   2000000E+02  .3429E+06 -.4473E+06   .9999580  .0040876 -.0082026
T  747  2 .3332588E+07   2000000E+02  .8935E+06  .6977E+06   .9999908  .0000407  .0042965
T  748  2 .3333333E+07   2000000E+02 -.4935E+06 -.3492E+06   .9999934 -.0036129 -.0003286
T  749  2 .3331354E+07   2000000E+02  .1558E+06 -.2204E+07   .9998661 -.0001364 -.0163622
T  750  2 .3370919E+07   2000000E+02  .3017E+07  .1564E+07   .9997480  .0161937  .0155462
T  751  2 .3335378E+07   2000000E+02  .1553E+07 -.2842E+07   .9999087  .0005897 -.0135017
T  752  2 .3402728E+07   2000000E+02  .7735E+06  .1161E+07   .9998675  .0116655  .0113532
T  753  2 .3338719E+07   2000000E+02  .4129E+06  .1021E+07   .9999992  .0007941 -.0010110
T  754  2 .3300590E+07   2000000E+02  .5269E+06  .7496E+05   .9999762  .0009046  .0068441
T  755  2 .3314748E+07   2000000E+02 -.1003E+07  .1515E+07   .9999260  .0026953 -.0118651
T  756  2 .3375862E+07   2000000E+02  .4604E+06 -.1570E+07   .9999397  .0025404 -.0106865
T  757  2 .3324132E+07   2000000E+02 -.2113E+06  .1171E+07   .9998650 -.0034105  .0160722
T  758  2 .3305951E+07   2000000E+02 -.2062E+07  .7555E+06   .9997236 -.0224433  .0069981
T  759  2 .3345579E+07   2000000E+02 -.5933E+06 -.1140E+07   .9999583 -.0003319 -.0091234
T  760  2 .3361932E+07   2000000E+02 -.7403E+06  .1458E+07   .9997469 -.0219202 -.0050640
T  761  2 .3429492E+07   2000000E+02 -.7923E+06 -.1127E+07   .9999708 -.0034354 -.0068252
T  762  2 .3349678E+07   2000000E+02 -.2168E+07 -.1900E+07   .9996690 -.0174492 -.0189047
T  763  2 .3328129E+07   2000000E+02  .2065E+07 -.1372E+07   .9999304  .0096319 -.0068148
T  764  2 .3359785E+07   2000000E+02 -.1489E+06  .4399E+07   .9993278 -.0050283  .0363131
T  765  2 .3344064E+07   2000000E+02 -.1366E+07  .1523E+05   .9997969 -.0196976  .0042618
T  766  2 .3420205E+07   2000000E+02 -.1494E+07  .1902E+07   .9995668 -.0017912  .0293755
T  767  2 .3371139E+07   2000000E+02 -.9774E+06  .5673E+05   .9999849 -.0042495 -.0034971
T  768  2 .3299112E+07   2000000E+02  .1731E+07  .1191E+07   .9996017  .0282202 -.0003377
T  769  2 .3271600E+07   2000000E+02  .2174E+07  .2292E+07   .9991825  .0256092  .0312815
T  770  2 .3311080E+07   2000000E+02 -.6500E+06  .1835E+07   .9998431  .0002182  .0177107
T  771  2 .3293263E+07   2000000E+02 -.4602E+07  .9605E+07   .9949795 -.0393336  .0920256
T  772  2 .3323834E+07   2000000E+02 -.3488E+07  .1134E+07   .9995150 -.0296940  .0093800
T  773  2 .3353756E+07   2000000E+02 -.3789E+06  .1199E+07   .9999913  .0012072  .0039928
T  774  2 .3357507E+07   2000000E+02  .1881E+07  .1666E+06   .9999608 -.0052258 -.0071486
T  775  2 .3330581E+07   2000000E+02  .1250E+07 -.1013E+07   .9998753  .0156581  .0020468
T  776  2 .3316850E+07   2000000E+02 -.5804E+06  .1155E+06   .9999507 -.0087845  .0046215
T  777  2 .3378756E+07   2000000E+02 -.9640E+05 -.1275E+07   .9998194 -.0065862 -.0178263
T  778  2 .3306831E+07   2000000E+02 -.1586E+07  .4295E+06   .9999659 -.0045857  .0068672
T  779  2 .3301003E+07   2000000E+02  .2535E+07  .7996E+06   .9997230  .0224382  .0070962
T  780  2 .3310312E+07   2000000E+02  .1443E+07 -.7091E+06   .9990958  .0379919 -.0190866
T  781  2 .3307766E+07   2000000E+02 -.1757E+07  .1589E+06   .9994658 -.0325635 -.0027971
T  782  2 .3378650E+07   2000000E+02  .3223E+07  .1298E+06   .9998018  .0197677 -.0023585
T  783  2 .3365434E+07   2000000E+02  .9615E+05  .4348E+06   .9996666 -.0173939  .0190808
T  784  2 .3275539E+07   2000000E+02  .1226E+07 -.2180E+07   .9943368  .0851251 -.0636248
T  785  2 .3322529E+07   2000000E+02  .2404E+07 -.2588E+07   .9997167  .0185074 -.0149675
T  786  2 .3330836E+07   2000000E+02 -.1090E+08  .1470E+08   .9957460 -.0498285  .0775051
T  787  2 .3235185E+07   2000000E+02  .6491E+07 -.2128E+08   .9797305  .0550047 -.1926203
T  788  2 .3355110E+07   2000000E+02 -.6966E+06 -.5834E+06   .9999708 -.0039918 -.0065130
T  789  2 .3359955E+07   2000000E+02 -.9847E+06  .2698E+07   .9997932 -.0188915  .0075327
T  790  2 .3338850E+07   2000000E+02 -.2463E+07 -.2687E+06   .9995370 -.0285097 -.0106311
T  791  2 .3303972E+07   2000000E+02 -.3311E+06 -.1892E+06   .9999809 -.0060130  .0014420
T  792  2 .3286219E+07   2000000E+02  .8674E+05  .1022E+07   .9999361  .0074444  .0085131
T  793  2 .3345537E+07   2000000E+02 -.1509E+06 -.1784E+07   .9996538  .0055502 -.0257210
T  794  2 .3284660E+07   2000000E+02  .3624E+06  .9073E+06   .9997069  .0028244  .0240434
T  795  2 .3314957E+07   2000000E+02 -.1080E+07  .2214E+05   .9998208 -.0184768 -.0041266
T  796  2 .3361851E+07   2000000E+02  .1717E+07  .1593E+07   .9999157  .0092423  .0091222
T  797  2 .3294878E+07   2000000E+02  .2531E+07 -.1462E+07   .9998921  .0145148 -.0022526
T  798  2 .3298956E+07   2000000E+02  .1594E+07 -.1152E+07   .9993537  .0285351 -.0218639
T  799  2 .3340322E+07   2000000E+02 -.6190E+06  .1779E+07   .9997145 -.0114057  .0209960
T  800  2 .3333797E+07   2000000E+02 -.3247E+07 -.4056E+06   .9997222 -.0233688 -.0030814
T  801  2 .3289656E+07   2000000E+02 -.2954E+06 -.7742E+06   .9997768 -.0120557 -.0173518
T  802  2 .3321034E+07   2000000E+02  .1060E+07  .2316E+07   .9997139  .0129286  .0201242
T  803  2 .3364828E+07   2000000E+02 -.3629E+06  .8708E+06   .9999860 -.0036644 -.0038107
T  804  2 .3376699E+07   2000000E+02  .7599E+06 -.3851E+06   .9999790  .0054056 -.0035625
T  805  2 .3318429E+07   2000000E+02  .8454E+06  .2182E+07   .9993100  .0110686  .0354549
T  806  2 .3325246E+07   2000000E+02  .6683E+05 -.5979E+06   .9991729  .0299315  .0275261
T  807  2 .3354085E+07   2000000E+02 -.9908E+06 -.5257E+06   .9999910 -.0010452 -.0041193
T  808  2 .3336565E+07   2000000E+02 -.1352E+07  .4774E+06   .9997847 -.0197767 -.0062856
T  809  2 .3305141E+07   2000000E+02 -.4655E+05  .2043E+07   .9999205  .0054652  .0113646
T  810  2 .3307017E+07   2000000E+02 -.6511E+06  .4974E+06   .9999989 -.0014774  .0002063
T  811  2 .3318160E+07   2000000E+02 -.1414E+07 -.8726E+06   .9996984 -.0152610 -.0192414
T  812  2 .3317454E+07   2000000E+02  .3817E+07  .1420E+07   .9994945  .0285522  .0139828
T  813  2 .3340782E+07   2000000E+02  .7508E+06  .4305E+06   .9999985  .0017183 -.0003628
T  814  2 .3289025E+07   2000000E+02  .1733E+07  .3303E+07   .9992381  .0383819  .0070803
T  815  2 .3395075E+07   2000000E+02  .1407E+07 -.7369E+06   .9999577  .0084266 -.0036816
T  816  2 .3405318E+07   2000000E+02  .8455E+06  .1858E+06   .9999671  .0039611  .0070848
T  817  2 .3301757E+07   2000000E+02 -.2394E+06 -.2075E+07   .9996440  .0032010 -.0264885
T  818  2 .3325168E+07   2000000E+02  .1005E+07 -.1135E+07   .9998609  .0124179 -.0111317
T  819  2 .3322623E+07   2000000E+02  .1653E+06  .2223E+07   .9996608  .0107819  .0237082
T  820  2 .3417121E+07   2000000E+02 -.3575E+07 -.4451E+07   .9993455 -.0269775 -.0240995
T  821  2 .3342423E+07   2000000E+02  .1042E+07 -.9579E+02   .9999829 -.0005088  .0058191
T  822  2 .3327293E+07   2000000E+02  .4749E+06 -.1723E+07   .9999058  .0073564 -.0115864
T  823  2 .3385708E+07   2000000E+02 -.1798E+07 -.3965E+06   .9997858 -.0203680 -.0036822
T  824  2 .3331231E+07   2000000E+02  .2643E+07 -.3979E+07   .9993736  .0270121 -.0228634
T  825  2 .3294489E+07   2000000E+02 -.4139E+07 -.8952E+06   .9994169 -.0139084 -.0311839
T  826  2 .3298506E+07   2000000E+02 -.6949E+06 -.2720E+06   .9996491 -.0248566 -.0091518
T  827  2 .3342501E+07   2000000E+02  .5549E+06 -.1293E+07   .9998771  .0154082 -.0028809
T  828  2 .3324418E+07   2000000E+02  .5211E+06  .9196E+06   .9997062  .0105707  .0218127
T  829  2 .3413729E+07   2000000E+02 -.2041E+05 -.6465E+06   .9998625 -.0030529 -.0163003
T  830  2 .3371987E+07   2000000E+02  .8059E+06  .1805E+07   .9993495 -.0144386 -.0330477
T  831  2 .3367063E+07   2000000E+02 -.5636E+06  .3500E+06   .9999757 -.0053664  .0044432
T  832  2 .3383649E+07   2000000E+02  .4096E+06  .3001E+07   .9997032 -.0044912  .0239452
T  833  2 .3332782E+07   2000000E+02 -.7833E+06 -.1034E+07   .9998857 -.0136067 -.0065909
T  834  2 .3290805E+07   2000000E+02 -.1204E+07  .2285E+07   .9996949 -.0071206  .0236518
T  835  2 .3293751E+07   2000000E+02  .3919E+07 -.3617E+07   .9974718  .0443179 -.0555516
T  836  2 .3355390E+07   2000000E+02  .3697E+07 -.1161E+07   .9993175  .0350828 -.0115614
T  837  2 .3310502E+07   2000000E+02  .9806E+06 -.2390E+06   .9999408  .0099283  .0044501
T  838  2 .3375196E+07   2000000E+02  .3730E+06  .4005E+06   .9997054 -.0102667 -.0219922
T  839  2 .3342913E+07   2000000E+02 -.2791E+06 -.2573E+07   .9999446  .0043019 -.0096032
T  840  2 .3329825E+07   2000000E+02 -.8262E+05  .1699E+07   .9999091 -.0062728  .0119375
T  841  2 .3299036E+07   2000000E+02  .3542E+07  .2646E+07   .9993076  .0293444  .0228750
T  842  2 .3310634E+07   2000000E+02 -.2315E+07  .8555E+06   .9996330 -.0194305  .0188763
T  843  2 .3336017E+07   2000000E+02  .5165E+06  .8358E+06   .9999092  .0031271  .0131096
T  844  2 .3304545E+07   2000000E+02  .1048E+08  .1810E+07   .9977952  .0652206  .0122894
T  845  2 .3272576E+07   2000000E+02 -.1427E+07 -.7460E+06   .9999916  .0020293 -.0035607
T  846  2 .3369607E+07   2000000E+02  .1746E+07 -.3111E+06   .9998575  .0147007  .0083045
T  847  2 .3333439E+07   2000000E+02 -.7671E+06 -.3691E+06   .9997734 -.0071681 -.0200457
T  848  2 .3283398E+07   2000000E+02 -.2777E+07  .1007E+07   .9997988 -.0200552 -.0003822
T  849  2 .3334183E+07   2000000E+02 -.3425E+06 -.1899E+06   .9999720 -.0066123 -.0035176
T  850  2 .3335403E+07   2000000E+02 -.1743E+07  .4798E+06   .9998188 -.0059078  .0180939
T  851  2 .3317207E+07   2000000E+02  .8515E+06  .4892E+06   .9999335  .0101716  .0054341
T  852  2 .3298923E+07   2000000E+02 -.2872E+06 -.1502E+07   .9999807 -.0016143  .0059957
T  853  2 .3418179E+07   2000000E+02  .1777E+07 -.8044E+06   .9999063  .0136423 -.0011027
T  854  2 .3313754E+07   2000000E+02  .3148E+07 -.1824E+07   .9993146  .0368282 -.0037455
T  855  2 .3358291E+07   2000000E+02  .5234E+06  .2181E+07   .9996005  .0046482  .0278794
T  856  2 .3346762E+07   2000000E+02 -.1504E+07 -.1332E+07   .9998735 -.0105342 -.0119182
T  857  2 .3370605E+07   2000000E+02  .5333E+06 -.9869E+06   .9999377  .0104699  .0038761
T  858  2 .3380935E+07   2000000E+02  .1001E+06 -.1791E+07   .9999763  .0058341 -.0036536
T  859  2 .3379299E+07   2000000E+02  .8981E+06 -.1162E+06   .9999583  .0087738  .0025393
T  860  2 .3285935E+07   2000000E+02 -.4032E+07  .7374E+07   .9981497 -.0226358  .0564336
T  861  2 .3374577E+07   2000000E+02  .9580E+06 -.3907E+06   .9999952  .0020300 -.0023533
T  862  2 .3380911E+07   2000000E+02 -.3020E+07  .1865E+07   .9990998 -.0387763  .0172039
T  863  2 .3374710E+07   2000000E+02 -.5823E+06 -.9888E+06   .9999625 -.0052511 -.0068866
T  864  2 .3393859E+07   2000000E+02  .2504E+07  .1647E+07   .9996937  .0158346  .0190218
T  865  2 .3326026E+07   2000000E+02 -.6704E+06  .6211E+06   .9999993 -.0003979 -.0011317
T  866  2 .3353544E+07   2000000E+02 -.7753E+05 -.1092E+07   .9999850  .0049321  .0023855
T  867  2 .3326030E+07   2000000E+02  .5372E+05  .5455E+04   .9999090 -.0058042  .0121818
T  868  2 .3310675E+07   2000000E+02 -.8990E+06 -.4382E+06   .9999812 -.0050370 -.0035027
T  869  2 .3364350E+07   2000000E+02 -.3962E+06  .9054E+06   .9997663 -.0110242  .0185960
T  870  2 .3333500E+07   2000000E+02  .1407E+07 -.4291E+07   .9990042  .0026861 -.0445356
T  871  2 .3327449E+07   2000000E+02 -.2130E+07 -.1442E+07   .9995862 -.0275411 -.0083069
T  872  2 .3332364E+07   2000000E+02  .1831E+07 -.5939E+07   .9989135  .0233453 -.0403334
T  873  2 .3365138E+07   2000000E+02 -.3124E+06 -.1577E+07   .9995961 -.0133765 -.0250732
T  874  2 .3365297E+07   2000000E+02 -.5100E+06 -.3459E+06   .9999729 -.0061372 -.0040668
T  875  2 .3319854E+07   2000000E+02 -.3584E+06 -.9031E+06   .9998862 -.0086749 -.0123396
T  876  2 .3367386E+07   2000000E+02 -.3745E+06 -.1611E+07   .9999300 -.0014330 -.0117437
T  877  2 .3393644E+07   2000000E+02 -.1256E+07  .1078E+07   .9998307 -.0147085  .0110533
T  878  2 .3409068E+07   2000000E+02  .2207E+07  .3075E+07   .9992250  .0084047  .0384559
T  879  2 .3303164E+07   2000000E+02  .3051E+06 -.5186E+06   .9997929  .0071612 -.0190481
T  880  2 .3384259E+07   2000000E+02 -.2155E+07 -.2444E+07   .9995782 -.0180295 -.0227658
T  881  2 .3320114E+07   2000000E+02 -.2544E+07 -.8755E+06   .9987684 -.0488630 -.0086059
T  882  2 .3310600E+07   2000000E+02 -.7068E+06  .1217E+07   .9999949 -.0021927  .0023345
T  883  2 .3301512E+07   2000000E+02  .1258E+06  .3699E+05   .9997092  .0214862 -.0109464
T  884  2 .3296129E+07   2000000E+02  .1258E+07 -.1922E+06   .9996925  .0244982 -.0038487
T  885  2 .3343946E+07   2000000E+02 -.9716E+06  .1113E+07   .9999471  .0013422  .0102008
T  886  2 .3312213E+07   2000000E+02 -.4026E+07  .7451E+06   .9976642 -.0683084  .0001828
T  887  2 .3304972E+07   2000000E+02  .4173E+06 -.3190E+05   .9999676  .0080109 -.0008303
T  888  2 .3325943E+07   2000000E+02 -.4733E+07  .1215E+07   .9994605 -.0316655  .0087143
T  889  2 .3334013E+07   2000000E+02  .4938E+06 -.1308E+07   .9998162  .0055332 -.0183567
T  890  2 .3339226E+07   2000000E+02  .6572E+06 -.1566E+07   .9998354  .0105917 -.0147275
T  891  2 .3369964E+07   2000000E+02  .7675E+06  .2538E+07   .9999782  .0064733  .0012990
T  892  2 .3338934E+07   2000000E+02  .1166E+07 -.3055E+06   .9999601  .0065042 -.0061151
T  893  2 .3388892E+07   2000000E+02  .7013E+06  .1385E+07   .9998744  .0086976  .0132492
T  894  2 .3342892E+07   2000000E+02 -.1562E+07  .2178E+07   .9998495 -.0099094  .0142414
T  895  2 .3364029E+07   2000000E+02 -.4216E+06  .9594E+06   .9998614 -.0148841  .0074542
T  896  2 .3320041E+07   2000000E+02  .8351E+06  .6853E+06   .9999350  .0113696  .0008629
T  897  2 .3317796E+07   2000000E+02  .1774E+07  .4930E+07   .9993515  .0050885  .0356468
T  898  2 .3327114E+07   2000000E+02 -.1423E+07  .3868E+06   .9998985 -.0085815  .0113767
T  899  2 .3393898E+07   2000000E+02  .2712E+06  .2026E+07   .9998702 -.0083611  .0137737
T  900  2 .3289438E+07   2000000E+02  .4676E+07 -.4961E+07   .9985605  .0329233 -.0423447
T  901  2 .3359208E+07   2000000E+02 -.1336E+07  .5991E+06   .9999369 -.0111874  .0010491
T  902  2 .3384385E+07   2000000E+02 -.2132E+07 -.2827E+07   .9997515 -.0090905 -.0203567
T  903  2 .3339197E+07   2000000E+02 -.6753E+06 -.1127E+07   .9998393 -.0139243 -.0112874
T  904  2 .3303963E+07   2000000E+02  .1172E+07  .2701E+06   .9997885  .0194697 -.0066244
T  905  2 .3330387E+07   2000000E+02 -.7679E+05 -.2477E+07   .9997992 -.0069478 -.0187968
T  906  2 .3313372E+07   2000000E+02  .1820E+07  .1606E+07   .9993592  .0179583  .0309626
T  907  2 .3345131E+07   2000000E+02  .1103E+07  .1596E+07   .9996428  .0264659  .0037227
T  908  2 .3329927E+07   2000000E+02  .5256E+06 -.1157E+07   .9999290 -.0116937  .0022920
T  909  2 .3302936E+07   2000000E+02 -.1913E+06  .1005E+07   .9999610 -.0070480  .0053251
T  910  2 .3333742E+07   2000000E+02 -.2453E+07  .7909E+05   .9999093 -.0125306  .0049360
T  911  2 .3350999E+07   2000000E+02  .5906E+06 -.1043E+07   .9999779  .0041264 -.0052212
T  912  2 .3340841E+07   2000000E+02  .5005E+06  .1602E+07   .9997614 -.0002017  .0218446
T  913  2 .3318842E+07   2000000E+02  .2658E+07  .3457E+06   .9979379  .0629268  .0126543
T  914  2 .3326724E+07   2000000E+02  .2910E+06 -.3964E+06   .9999322 -.0063408 -.0097685
T  915  2 .3302517E+07   2000000E+02 -.5719E+06 -.6241E+06   .9999116 -.0068190 -.0114179
T  916  2 .3377124E+07   2000000E+02  .8150E+06  .1056E+07   .9999734  .0057280  .0045205
T  917  2 .3347103E+07   2000000E+02  .4677E+05 -.2772E+06   .9998901 -.0042096  .0142118
T  918  2 .3370261E+07   2000000E+02 -.4757E+06  .8912E+06   .9999012 -.0073585  .0119795
T  919  2 .3324850E+07   2000000E+02 -.1478E+07  .1804E+07   .9995003 -.0206570  .0239265
T  920  2 .3418205E+07   2000000E+02 -.1099E+07  .6110E+06   .9995475 -.0114628  .0278098
T  921  2 .3407238E+07   2000000E+02 -.2585E+07 -.3403E+07   .9991775 -.0190827 -.0357789
T  922  2 .3377483E+07   2000000E+02  .1363E+07 -.2963E+06   .9999598  .0089597  .0004006
T  923  2 .3307546E+07   2000000E+02  .9383E+06 -.7002E+06   .9997769  .0168979 -.0126735
T  924  2 .3303458E+07   2000000E+02  .2114E+06  .4727E+06   .9999813  .0035288  .0049985
T  925  2 .3269407E+07   2000000E+02  .1210E+07 -.3370E+07   .9999742  .0062450 -.0035416
T  926  2 .3335885E+07   2000000E+02 -.1630E+07  .1237E+07   .9999208  .0010778  .0125353
T  927  2 .3335684E+07   2000000E+02 -.3987E+06 -.3203E+06   .9999050  .0030188  .0134487
T  928  2 .3364507E+07   2000000E+02  .7345E+06 -.2031E+07   .9999021  .0036070 -.0135226
T  929  2 .3362148E+07   2000000E+02 -.1280E+07 -.2252E+07   .9999323 -.0095022 -.0067151
T  930  2 .3360861E+07   2000000E+02  .4764E+06 -.7219E+06   .9997421  .0226505 -.0016296
T  931  2 .3277242E+07   2000000E+02  .7633E+06  .1129E+07   .9998530  .0154871  .0073621
T  932  2 .3307203E+07   2000000E+02 -.8766E+06 -.4511E+06   .9999717  .0074572 -.0010107
T  933  2 .3315700E+07   2000000E+02  .1475E+07 -.9987E+06   .9998631  .0165010 -.0012634
T  934  2 .3378377E+07   2000000E+02  .9740E+06  .2120E+07   .9968111  .0413170  .0682685
T  935  2 .3301778E+07   2000000E+02 -.1142E+07  .6911E+06   .9999631  .0056853  .0064422
T  936  2 .3349446E+07   2000000E+02 -.3497E+06  .1621E+07   .9996998  .0001075  .0244996
T  937  2 .3331794E+07   2000000E+02 -.6240E+06 -.2075E+07   .9998592 -.0126418 -.0110361
T  938  2 .3311616E+07   2000000E+02 -.4639E+06 -.2184E+06   .9999636 -.0084829 -.0009003
T  939  2 .3323496E+07   2000000E+02 -.1371E+06 -.9822E+06   .9999486 -.0009255 -.0100922
T  940  2 .3371625E+07   2000000E+02 -.2514E+07 -.1387E+06   .9989044 -.0465152  .0051366
T  941  2 .3353653E+07   2000000E+02 -.1130E+07  .4715E+06   .9997697 -.0094568  .0192660
T  942  2 .3365481E+07   2000000E+02 -.2628E+07  .1143E+07   .9996506 -.0247168  .0093678
T  943  2 .3297590E+07   2000000E+02  .8981E+06 -.1321E+07   .9996039 -.0118090 -.0255462
T  944  2 .3321818E+07   2000000E+02 -.2068E+07  .1937E+07   .9998791 -.0093242  .0124470
T  945  2 .3287117E+07   2000000E+02  .3273E+06 -.1610E+07   .9998682  .0047029 -.0155396
T  946  2 .3358057E+07   2000000E+02 -.3481E+06 -.5941E+06   .9999180  .0051645 -.0117188
T  947  2 .3371937E+07   2000000E+02 -.6025E+06  .1378E+06   .9996965 -.0246312  .0005409
T  948  2 .3345274E+07   2000000E+02  .1057E+07 -.1856E+07   .9998434  .0125791 -.0124487
T  949  2 .3327370E+07   2000000E+02  .1592E+07  .1230E+07   .9999978  .0020630 -.0004421
T  950  2 .3375502E+07   2000000E+02 -.1215E+07 -.5569E+06   .9999573 -.0083694 -.0039067
T  951  2 .3232841E+07   2000000E+02  .1107E+07 -.1944E+07   .9998094  .0071873 -.0181533
T  952  2 .3377330E+07   2000000E+02  .5150E+06 -.1078E+06   .9994340 -.0038264  .0334213
T  953  2 .3329668E+07   2000000E+02  .8075E+06  .7433E+06   .9998820  .0104417  .0112710
T  954  2 .3304411E+07   2000000E+02  .2118E+07  .7804E+06   .9998447  .0129898  .0119127
T  955  2 .3275255E+07   2000000E+02  .6354E+06  .1177E+07   .9999023 -.0003615  .0139735
T  956  2 .3299344E+07   2000000E+02  .2159E+07  .4180E+07   .9999237 -.0009271  .0123205
T  957  2 .3335592E+07   2000000E+02  .2412E+06 -.8093E+06   .9999780 -.0008761 -.0065684
T  958  2 .3327157E+07   2000000E+02  .1147E+07  .1884E+07   .9998052  .0124462  .0153206
T  959  2 .3392557E+07   2000000E+02 -.3403E+07  .3368E+07   .9975766 -.0256619  .0646715
T  960  2 .3346847E+07   2000000E+02 -.1286E+07  .4967E+06   .9998992 -.0099416 -.0101326
T  961  2 .3358701E+07   2000000E+02 -.9727E+06  .1226E+07   .9999817  .0035164  .0049169
T  962  2 .3358846E+07   2000000E+02  .2585E+07  .2156E+07   .9993244  .0246455  .0272635
T  963  2 .3325297E+07   2000000E+02 -.2189E+07  .2530E+07   .9997318 -.0166217  .0161267
T  964  2 .3342496E+07   2000000E+02  .1301E+07  .1400E+07   .9998501  .0148856  .0088472
T  965  2 .3327749E+07   2000000E+02  .4111E+05  .8190E+06   .9997679  .0100059  .0190778
T  966  2 .3278252E+07   2000000E+02 -.1761E+07  .1284E+07   .9999120 -.0117491  .0061660
T  967  2 .3367924E+07   2000000E+02  .6578E+06 -.8867E+06   .9999438  .0104883 -.0015323
T  968  2 .3299461E+07   2000000E+02 -.2006E+07 -.1186E+07   .9997584 -.0163557 -.0146876
T  969  2 .3318264E+07   2000000E+02 -.5172E+05 -.1473E+06   .9999044 -.0120356 -.0068100
T  970  2 .3305827E+07   2000000E+02 -.4432E+07  .2221E+07   .9990944 -.0425465  .0004941
T  971  2 .3314168E+07   2000000E+02 -.2047E+07  .1918E+07   .9998631 -.0087179  .0140615
T  972  2 .3358023E+07   2000000E+02 -.1354E+07  .8372E+06   .9999636 -.0031243 -.0079380
T  973  2 .3336408E+07   2000000E+02 -.2393E+07  .2204E+07   .9995796 -.0236909  .0167131
T  974  2 .3380989E+07   2000000E+02 -.5761E+05  .7525E+06   .9998791 -.0100467  .0118720
T  975  2 .3299867E+07   2000000E+02 -.3745E+06  .1362E+07   .9999503  .0083396  .0054603
T  976  2 .3292655E+07   2000000E+02 -.5876E+06 -.2108E+07   .9997071 -.0000674 -.0241998
T  977  2 .3383914E+07   2000000E+02 -.6188E+05 -.1217E+07   .9999993  .0003728 -.0010864
T  978  2 .3345316E+07   2000000E+02 -.3765E+07 -.7448E+06   .9980785 -.0569192 -.0244863
T  979  2 .3357251E+07   2000000E+02  .3973E+06  .9083E+06   .9999978 -.0001212 -.0021052
T  980  2 .3354527E+07   2000000E+02 -.2784E+06  .8104E+06   .9999393 -.0080584  .0075188
T  981  2 .3311950E+07   2000000E+02 -.6342E+06 -.4176E+06   .9998669 -.0151461  .0060680
T  982  2 .3334091E+07   2000000E+02 -.2285E+07  .1169E+07   .9997906 -.0107655  .0174033
T  983  2 .3299895E+07   2000000E+02  .6788E+06 -.1058E+07   .9998874 -.0011789 -.0149576
T  984  2 .3345496E+07   2000000E+02  .1290E+07 -.6151E+05   .9999750  .0066333  .0024648
T  985  2 .3384269E+07   2000000E+02  .3787E+06 -.2577E+05   .9999889 -.0021354 -.0042015
T  986  2 .3370231E+07   2000000E+02  .6188E+06  .5586E+06   .9999572  .0089339 -.0024206
T  987  2 .3304589E+07   2000000E+02 -.5087E+06 -.1575E+07   .9991557 -.0157367 -.0379500
T  988  2 .3417463E+07   2000000E+02 -.1997E+07 -.1975E+07   .9995021 -.0278099 -.0149060
T  989  2 .3300323E+07   2000000E+02 -.7978E+06  .1753E+05   .9998289  .0017000 -.0184201
T  990  2 .3334727E+07   2000000E+02  .5317E+07 -.3422E+07   .9976809  .0620774 -.0279160
T  991  2 .3340437E+07   2000000E+02  .2728E+06  .1034E+07   .9999653 -.0008194  .0082932
T  992  2 .3293236E+07   2000000E+02 -.2076E+06  .5949E+06   .9999755 -.0054732 -.0043713
T  993  2 .3277623E+07   2000000E+02  .1772E+06  .1536E+07   .9999377  .0047167 -.0101182
T  994  2 .3347476E+07   2000000E+02 -.1851E+07 -.4809E+06   .9996758 -.0253139 -.0027307
T  995  2 .3348415E+07   2000000E+02  .3350E+06  .6877E+06   .9999641  .0046212 -.0071058
T  996  2 .3381260E+07   2000000E+02 -.1815E+07  .2049E+07   .9998715 -.0113674  .0113070
T  997  2 .3367991E+07   2000000E+02  .1718E+0