============================== SRIM-2013.00 ==============================
==============================================================================
=================  TRANSMIT.txt : File of Transmitted Ions  ==================
=  This file tabulates the kinetics of ions or atoms leaving the target.     =
=  Column #1: S= Sputtered Atom, B= Backscattered Ion, T= Transmitted Ion.   =
=  Col.#2: Ion Number, Col.#3: Z of atom leaving, Col.#4: Atom energy (eV).  =
=  Col.#5-7: Last location:  X= Depth into target, Y,Z= Transverse axes.     =
=  Col.#8-10: Cosines of final trajectory.                                   =
= *** This data file is in the same format as TRIM.DAT (see manual for uses).=
====== TRIM Calc.= He(5.48 MeV) ==> Layer 1(  17 mm) =========================
 Ion  Atom   Energy        Depth       Lateral-Position        Atom Direction      
 Numb Numb    (eV)          X(A)        Y(A)       Z(A)      Cos(X)  Cos(Y) Cos(Z) 
T    1  2 .3720351E+07   1700000E+02 -.8457E+06 -.5844E+06   .9998437 -.0104693 -.0142496
T    2  2 .3700300E+07   1700000E+02 -.5539E+06 -.1665E+07   .9994934 -.0258439 -.0185755
T    3  2 .3731277E+07   1700000E+02  .1282E+07 -.1119E+07   .9996558  .0233750 -.0119121
T    4  2 .3725222E+07   1700000E+02 -.2555E+05 -.3841E+06   .9999641  .0027050 -.0080313
T    5  2 .3700686E+07   1700000E+02 -.2440E+06 -.2067E+06   .9999125 -.0129532  .0026762
T    6  2 .3736394E+07   1700000E+02 -.4952E+04 -.2841E+07   .9996257 -.0041839 -.0270364
T    7  2 .3674245E+07   1700000E+02 -.6544E+06 -.3051E+05   .9998331 -.0182124 -.0014276
T    8  2 .3739058E+07   1700000E+02 -.2880E+06  .2014E+07   .9994217  .0023029  .0339269
T    9  2 .3709463E+07   1700000E+02 -.7621E+06 -.9111E+06   .9999137 -.0114226 -.0064973
T   10  2 .3677185E+07   1700000E+02 -.2986E+06 -.5606E+06   .9999395  .0109008 -.0014798
T   11  2 .3725415E+07   1700000E+02  .2865E+06  .1474E+07   .9997642  .0044432  .0212570
T   12  2 .3750663E+07   1700000E+02 -.2152E+06  .1535E+07   .9998529 -.0112116  .0129834
T   13  2 .3717572E+07   1700000E+02  .1026E+06 -.7447E+06   .9999703  .0048372 -.0059923
T   14  2 .3703058E+07   1700000E+02  .5348E+06 -.8095E+05   .9999201  .0087633 -.0091067
T   15  2 .3725038E+07   1700000E+02  .2558E+05  .1321E+07   .9999351 -.0042866  .0105530
T   16  2 .3685702E+07   1700000E+02  .3771E+05 -.6892E+06   .9999030 -.0103345  .0093392
T   17  2 .3694920E+07   1700000E+02  .8912E+05  .9455E+06   .9998608 -.0065189  .0153568
T   18  2 .3690129E+07   1700000E+02 -.1808E+06  .6830E+06   .9999428 -.0079753 -.0071251
T   19  2 .3722038E+07   1700000E+02 -.2213E+07  .7400E+06   .9996986 -.0236077  .0067375
T   20  2 .3725205E+07   1700000E+02  .1240E+07  .1056E+07   .9995413  .0240800  .0183676
T   21  2 .3708375E+07   1700000E+02 -.4762E+06  .1246E+07   .9999460 -.0098212  .0033824
T   22  2 .3716653E+07   1700000E+02  .1184E+07  .1016E+07   .9998632  .0142856  .0083408
T   23  2 .3713342E+07   1700000E+02  .3307E+06  .1946E+06   .9999704  .0035556  .0068219
T   24  2 .3673711E+07   1700000E+02  .1597E+06  .2167E+06   .9999765  .0022050  .0064926
T   25  2 .3711188E+07   1700000E+02 -.1060E+07  .2284E+07   .9996199 -.0132205  .0241905
T   26  2 .3681493E+07   1700000E+02 -.8974E+06  .2012E+07   .9998198 -.0164491  .0094758
T   27  2 .3764012E+07   1700000E+02 -.1123E+05  .1693E+07   .9997433 -.0092642  .0206779
T   28  2 .3701946E+07   1700000E+02 -.4522E+06  .1330E+07   .9999077  .0015626  .0134950
T   29  2 .3670535E+07   1700000E+02 -.3185E+07  .5578E+06   .9996561 -.0247830  .0085723
T   30  2 .3691575E+07   1700000E+02  .8050E+06 -.8238E+06   .9999853  .0053334  .0009916
T   31  2 .3691499E+07   1700000E+02  .1433E+07 -.2933E+07   .9994977  .0112809 -.0296152
T   32  2 .3695599E+07   1700000E+02 -.6100E+06 -.2301E+06   .9999938 -.0033130  .0011962
T   33  2 .3686730E+07   1700000E+02  .1491E+06  .2813E+07   .9995924 -.0027174  .0284195
T   34  2 .3740247E+07   1700000E+02  .1107E+07  .1151E+07   .9998538  .0150849  .0080542
T   35  2 .3730682E+07   1700000E+02 -.2967E+07 -.2058E+07   .9990883 -.0357497 -.0233349
T   36  2 .3682770E+07   1700000E+02 -.1700E+07  .1564E+07   .9995527 -.0165478  .0249116
T   37  2 .3657424E+07   1700000E+02 -.5810E+06 -.9452E+06   .9999263 -.0058893 -.0106187
T   38  2 .3760946E+07   1700000E+02  .6187E+06  .2644E+06   .9999364  .0100554  .0051022
T   39  2 .3702942E+07   1700000E+02 -.4919E+07 -.4329E+07   .9942125 -.0671952 -.0838237
T   40  2 .3678324E+07   1700000E+02  .1366E+06 -.1030E+07   .9999545  .0064962 -.0069857
T   41  2 .3749701E+07   1700000E+02  .1814E+06  .2320E+06   .9999812  .0052578 -.0031553
T   42  2 .3712079E+07   1700000E+02 -.1443E+07 -.1753E+06   .9999312  .0049329 -.0106422
T   43  2 .3743874E+07   1700000E+02 -.1480E+07 -.4710E+06   .9999430 -.0083537 -.0066546
T   44  2 .3731308E+07   1700000E+02 -.1188E+07 -.9775E+06   .9999830 -.0047686 -.0033657
T   45  2 .3726574E+07   1700000E+02  .1254E+07 -.5153E+06   .9999702  .0055912 -.0053297
T   46  2 .3726814E+07   1700000E+02 -.2939E+06  .1968E+06   .9999508 -.0085970 -.0049474
T   47  2 .3740269E+07   1700000E+02 -.1075E+07 -.2689E+07   .9996468 -.0104048 -.0244527
T   48  2 .3673201E+07   1700000E+02  .3636E+06 -.9133E+06   .9999184  .0107513 -.0068955
T   49  2 .3720954E+07   1700000E+02  .1051E+07  .6766E+06   .9998501  .0150054  .0086417
T   50  2 .3736457E+07   1700000E+02 -.5178E+06 -.1683E+06   .9999377 -.0087406  .0069374
T   51  2 .3695782E+07   1700000E+02 -.1135E+07  .8164E+06   .9998423 -.0143827  .0104192
T   52  2 .3687517E+07   1700000E+02  .8877E+06  .1166E+07   .9999168  .0073652  .0105937
T   53  2 .3686092E+07   1700000E+02  .7195E+06  .1093E+06   .9999687  .0078678  .0008229
T   54  2 .3701065E+07   1700000E+02 -.1336E+07 -.5899E+05   .9985146 -.0542319 -.0052407
T   55  2 .3710548E+07   1700000E+02 -.1966E+07 -.3405E+06   .9995814 -.0259593 -.0127694
T   56  2 .3711388E+07   1700000E+02 -.1162E+06 -.9834E+05   .9999615 -.0065228  .0058726
T   57  2 .3763370E+07   1700000E+02 -.3423E+06  .4547E+06   .9999081  .0012287  .0135015
T   58  2 .3710072E+07   1700000E+02 -.9530E+06  .2106E+07   .9997179 -.0109327  .0210840
T   59  2 .3708918E+07   1700000E+02 -.3407E+06 -.1025E+07   .9999296 -.0110462 -.0043332
T   60  2 .3699743E+07   1700000E+02 -.1385E+06 -.5343E+06   .9999461 -.0076995  .0069613
T   61  2 .3721886E+07   1700000E+02 -.1216E+07  .7890E+06   .9998043 -.0197020 -.0017833
T   62  2 .3707070E+07   1700000E+02  .7463E+06  .1411E+07   .9999608  .0017587  .0086836
T   63  2 .3712278E+07   1700000E+02 -.1100E+05 -.4234E+05   .9999511  .0017560  .0097360
T   64  2 .3702342E+07   1700000E+02 -.4493E+05 -.9703E+06   .9998941 -.0098844 -.0106818
T   65  2 .3736629E+07   1700000E+02 -.7074E+06 -.1669E+07   .9998886 -.0136601 -.0060177
T   66  2 .3694097E+07   1700000E+02 -.4565E+06 -.6291E+06   .9997120 -.0207050 -.0121322
T   67  2 .3714283E+07   1700000E+02  .6022E+06 -.1687E+07   .9999883  .0044375  .0019113
T   68  2 .3720564E+07   1700000E+02 -.6054E+05 -.3343E+06   .9999464 -.0058232 -.0085641
T   69  2 .3698180E+07   1700000E+02  .1484E+07  .1082E+07   .9998307  .0121323  .0138317
T   70  2 .3669263E+07   1700000E+02 -.1588E+07 -.3105E+06   .9998559 -.0163172 -.0046846
T   71  2 .3744809E+07   1700000E+02  .6844E+06  .2872E+06   .9999972  .0016277 -.0017098
T   72  2 .3716173E+07   1700000E+02 -.1563E+07  .1117E+07   .9999392 -.0103338  .0038442
T   73  2 .3733554E+07   1700000E+02  .1999E+06 -.3360E+06   .9996436  .0232658 -.0130925
T   74  2 .3652620E+07   1700000E+02  .9121E+06 -.7798E+05   .9999651  .0077092 -.0032065
T   75  2 .3681892E+07   1700000E+02  .2786E+06  .1122E+07   .9999621 -.0025796  .0083130
T   76  2 .3723788E+07   1700000E+02 -.3268E+06 -.7195E+05   .9999843 -.0055777  .0004637
T   77  2 .3658951E+07   1700000E+02  .8796E+06 -.5643E+06   .9996762  .0254360 -.0006499
T   78  2 .3737035E+07   1700000E+02 -.4045E+06 -.1490E+07   .9997305 -.0143145 -.0182760
T   79  2 .3702698E+07   1700000E+02  .9435E+06 -.3357E+05   .9998702  .0160229  .0016894
T   80  2 .3778210E+07   1700000E+02 -.1137E+07  .1636E+07   .9996694 -.0193927  .0168853
T   81  2 .3719683E+07   1700000E+02  .3825E+07 -.3189E+07   .9993600  .0258976 -.0246774
T   82  2 .3707123E+07   1700000E+02  .6588E+06  .2178E+06   .9999975  .0022233  .0000192
T   83  2 .3711232E+07   1700000E+02 -.1408E+07  .1325E+07   .9996874 -.0212562  .0131618
T   84  2 .3692795E+07   1700000E+02  .2131E+06  .3299E+06   .9999488  .0059554 -.0081800
T   85  2 .3737501E+07   1700000E+02 -.1261E+06 -.1959E+06   .9999286  .0114555 -.0034105
T   86  2 .3723091E+07   1700000E+02 -.9181E+06 -.1349E+06   .9998435 -.0169080 -.0052121
T   87  2 .3747269E+07   1700000E+02 -.1322E+06  .1004E+07   .9998166 -.0101046  .0162677
T   88  2 .3729345E+07   1700000E+02  .1758E+07 -.3415E+06   .9995760  .0256802  .0137257
T   89  2 .3753402E+07   1700000E+02  .3437E+06 -.5255E+06   .9999264  .0097944 -.0071541
T   90  2 .3727100E+07   1700000E+02 -.1172E+07 -.2010E+07   .9996875 -.0189693 -.0162808
T   91  2 .3756531E+07   1700000E+02 -.9943E+06  .1162E+07   .9997891 -.0124862  .0163028
T   92  2 .3702542E+07   1700000E+02  .1744E+07  .4256E+06   .9995818  .0189435  .0218477
T   93  2 .3699407E+07   1700000E+02 -.4091E+07  .2118E+07   .9996490 -.0239162  .0114000
T   94  2 .3697983E+07   1700000E+02 -.1632E+07 -.9479E+06   .9996172 -.0253506 -.0110834
T   95  2 .3704906E+07   1700000E+02 -.9730E+06  .3157E+06   .9999976 -.0020043 -.0008643
T   96  2 .3692039E+07   1700000E+02 -.4315E+06 -.8624E+06   .9999263 -.0077055  .0093846
T   97  2 .3696218E+07   1700000E+02  .5123E+06  .6892E+06   .9999688  .0062853 -.0047888
T   98  2 .3745084E+07   1700000E+02  .3666E+06 -.6030E+06   .9999254  .0120974 -.0017090
T   99  2 .3703804E+07   1700000E+02 -.9210E+06 -.7631E+06   .9999789 -.0054097 -.0036071
T  100  2 .3757709E+07   1700000E+02  .1414E+07 -.2976E+06   .9998978  .0140471 -.0026474
T  101  2 .3705295E+07   1700000E+02 -.1290E+07 -.3453E+06   .9999588 -.0089221  .0016599
T  102  2 .3656912E+07   1700000E+02 -.1041E+05  .8591E+06   .9999945  .0014248  .0030107
T  103  2 .3746488E+07   1700000E+02  .1691E+07  .1170E+07   .9997448  .0198510  .0107797
T  104  2 .3687272E+07   1700000E+02 -.2093E+07  .2771E+07   .9997128 -.0164566  .0174198
T  105  2 .3736409E+07   1700000E+02  .1058E+07 -.1056E+06   .9997537  .0122646 -.0184944
T  106  2 .3745158E+07   1700000E+02 -.1194E+07 -.1342E+07   .9997163 -.0214562 -.0103386
T  107  2 .3719537E+07   1700000E+02  .2579E+06  .2503E+06   .9999676  .0077084  .0023313
T  108  2 .3748826E+07   1700000E+02 -.5974E+04 -.2138E+06   .9999786 -.0011039 -.0064558
T  109  2 .3744944E+07   1700000E+02 -.1134E+05  .1958E+06   .9999788  .0009544  .0064476
T  110  2 .3748980E+07   1700000E+02 -.1549E+07 -.2158E+06   .9999643 -.0084408 -.0002531
T  111  2 .3689997E+07   1700000E+02 -.7816E+06  .1431E+07   .9997577 -.0204485  .0081496
T  112  2 .3641066E+07   1700000E+02 -.7621E+06 -.3048E+06   .9999570 -.0091273 -.0016519
T  113  2 .3673943E+07   1700000E+02  .2335E+07  .1959E+07   .9995081  .0215492  .0227848
T  114  2 .3697372E+07   1700000E+02  .6186E+06  .6709E+06   .9999029  .0094130  .0102708
T  115  2 .3666574E+07   1700000E+02  .1745E+06 -.2676E+07   .9993580 -.0076600 -.0349992
T  116  2 .3707265E+07   1700000E+02  .2110E+06  .2498E+06   .9999760  .0005091  .0069055
T  117  2 .3685250E+07   1700000E+02 -.2106E+07  .7831E+06   .9995144 -.0245822  .0191475
T  118  2 .3698400E+07   1700000E+02 -.7408E+05  .3556E+05   .9999511  .0063497  .0075834
T  119  2 .3680327E+07   1700000E+02  .1091E+06 -.1603E+06   .9999924 -.0028281  .0026992
T  120  2 .3693813E+07   1700000E+02 -.2824E+06 -.1339E+07   .9997236 -.0180852 -.0150194
T  121  2 .3624642E+07   1700000E+02 -.1619E+07 -.5566E+06   .9997174 -.0224804 -.0077287
T  122  2 .3733219E+07   1700000E+02 -.5039E+06 -.6613E+05   .9999571 -.0042339 -.0082404
T  123  2 .3742333E+07   1700000E+02 -.1541E+07  .6507E+06   .9997715 -.0189776  .0098388
T  124  2 .3725827E+07   1700000E+02  .4958E+05 -.2065E+07   .9998243 -.0013771 -.0186924
T  125  2 .3762383E+07   1700000E+02  .2846E+06 -.7329E+06   .9999569 -.0008017 -.0092504
T  126  2 .3752840E+07   1700000E+02 -.1219E+07 -.1587E+07   .9997883 -.0160390 -.0128893
T  127  2 .3697339E+07   1700000E+02 -.5668E+06 -.9974E+06   .9999789  .0047419 -.0044506
T  128  2 .3785171E+07   1700000E+02 -.1509E+07  .4867E+06   .9998540 -.0170392  .0012484
T  129  2 .3736533E+07   1700000E+02  .3576E+06 -.4361E+05   .9999938 -.0026329 -.0023316
T  130  2 .3735267E+07   1700000E+02  .5970E+06  .8997E+06   .9999645  .0060141  .0059006
T  131  2 .3746302E+07   1700000E+02  .2154E+06  .1097E+06   .9998759  .0152405 -.0039997
T  132  2 .3711415E+07   1700000E+02 -.1903E+06 -.4330E+07   .9997498 -.0066256 -.0213660
T  133  2 .3693895E+07   1700000E+02  .9638E+06  .1022E+07   .9999070  .0049624  .0127027
T  134  2 .3721430E+07   1700000E+02 -.1484E+07 -.4093E+06   .9998946 -.0080550 -.0120756
T  135  2 .3710314E+07   1700000E+02  .1936E+07  .3641E+06   .9998878  .0122260  .0086548
T  136  2 .3736490E+07   1700000E+02  .1545E+07  .8096E+06   .9995357  .0227419  .0202771
T  137  2 .3696725E+07   1700000E+02 -.3423E+06 -.2267E+06   .9999994 -.0004232  .0010117
T  138  2 .3716309E+07   1700000E+02  .3697E+07  .2134E+07   .9997017  .0123026  .0210983
T  139  2 .3718629E+07   1700000E+02 -.7202E+06 -.8657E+06   .9998704 -.0084019 -.0137303
T  140  2 .3732180E+07   1700000E+02 -.5817E+06 -.1121E+06   .9999290 -.0113204 -.0037290
T  141  2 .3620870E+07   1700000E+02  .7884E+07 -.1571E+08   .9880362  .0644963 -.1400883
T  142  2 .3666863E+07   1700000E+02 -.5170E+06 -.4317E+06   .9999970 -.0014237  .0019996
T  143  2 .3704909E+07   1700000E+02 -.1469E+07 -.1045E+07   .9998795 -.0155226 -.0003322
T  144  2 .3765501E+07   1700000E+02 -.1584E+07 -.1072E+06   .9996454 -.0252244  .0085359
T  145  2 .3682113E+07   1700000E+02  .1120E+07  .6068E+06   .9999911  .0002501  .0042180
T  146  2 .3732930E+07   1700000E+02 -.1200E+06  .5306E+06   .9999592  .0043710  .0079094
T  147  2 .3645192E+07   1700000E+02 -.6013E+06 -.1541E+07   .9998444  .0060967 -.0165548
T  148  2 .3688593E+07   1700000E+02 -.1041E+07 -.2140E+06   .9999603 -.0075727 -.0046953
T  149  2 .3696641E+07   1700000E+02  .3663E+06  .1015E+07   .9999256  .0040349  .0115111
T  150  2 .3728538E+07   1700000E+02 -.1327E+07 -.7508E+06   .9998441 -.0095432 -.0148554
T  151  2 .3692194E+07   1700000E+02 -.9783E+05  .9397E+06   .9999270 -.0007456  .0120618
T  152  2 .3688385E+07   1700000E+02 -.5087E+06 -.9756E+05   .9999692  .0022467  .0075137
T  153  2 .3714967E+07   1700000E+02 -.2481E+06  .1339E+07   .9997498  .0086465  .0206299
T  154  2 .3792405E+07   1700000E+02  .9093E+06 -.3900E+06   .9999117  .0065674 -.0115560
T  155  2 .3708795E+07   1700000E+02  .3823E+07 -.3862E+07   .9996187  .0172054 -.0215988
T  156  2 .3669685E+07   1700000E+02 -.9322E+06 -.3063E+05   .9998277 -.0185620 -.0002632
T  157  2 .3698018E+07   1700000E+02 -.1630E+07 -.2633E+06   .9997014 -.0242768  .0027944
T  158  2 .3745499E+07   1700000E+02  .2580E+07  .1020E+07   .9994963  .0311343  .0061484
T  159  2 .3713686E+07   1700000E+02  .3127E+07  .6455E+07   .9988425  .0141304  .0459790
T  160  2 .3722464E+07   1700000E+02 -.8935E+06  .9547E+06   .9999220 -.0122810  .0022641
T  161  2 .3686310E+07   1700000E+02 -.5011E+06 -.1169E+07   .9998611 -.0131060 -.0102987
T  162  2 .3701083E+07   1700000E+02 -.6121E+06 -.5285E+07   .9981843 -.0134943 -.0587021
T  163  2 .3719430E+07   1700000E+02 -.1477E+06  .4325E+06   .9999936 -.0035743  .0002409
T  164  2 .3720265E+07   1700000E+02 -.9233E+05  .6262E+06   .9999236 -.0056902  .0109735
T  165  2 .3782982E+07   1700000E+02 -.2027E+06  .4828E+06   .9999973  .0020465 -.0010940
T  166  2 .3701049E+07   1700000E+02 -.9957E+06 -.3703E+07   .9994573 -.0107519 -.0311363
T  167  2 .3722729E+07   1700000E+02 -.7780E+06 -.1227E+06   .9999922 -.0036769 -.0014318
T  168  2 .3680628E+07   1700000E+02 -.1096E+07  .1273E+07   .9997863 -.0138780  .0153246
T  169  2 .3718938E+07   1700000E+02 -.1067E+07  .6597E+05   .9999675 -.0037992  .0071135
T  170  2 .3738665E+07   1700000E+02 -.2104E+07  .2344E+06   .9998953 -.0143297  .0020007
T  171  2 .3751652E+07   1700000E+02 -.3660E+07 -.7611E+07   .9987944 -.0355392 -.0338635
T  172  2 .3725055E+07   1700000E+02  .1277E+07  .8558E+06   .9998141  .0148568  .0122884
T  173  2 .3711434E+07   1700000E+02  .2760E+06 -.1285E+07   .9996971  .0042343 -.0242449
T  174  2 .3741706E+07   1700000E+02  .8051E+06 -.7273E+06   .9999544  .0056893 -.0076748
T  175  2 .3717054E+07   1700000E+02  .3970E+06 -.8254E+05   .9999705 -.0040075  .0065572
T  176  2 .3697066E+07   1700000E+02 -.1557E+07  .1586E+07   .9997505 -.0189759  .0117824
T  177  2 .3717013E+07   1700000E+02 -.5552E+06 -.1792E+07   .9999419 -.0003960 -.0107734
T  178  2 .3740653E+07   1700000E+02  .5386E+06  .3447E+06   .9999757  .0062521  .0030923
T  179  2 .3686771E+07   1700000E+02  .1055E+07  .1373E+07   .9998610  .0038671  .0162199
T  180  2 .3671406E+07   1700000E+02  .1198E+05 -.1349E+06   .9999939  .0009909  .0033583
T  181  2 .3751199E+07   1700000E+02  .2631E+06  .1134E+07   .9998050  .0031878  .0194880
T  182  2 .3680489E+07   1700000E+02  .9217E+06 -.3007E+07   .9987559  .0112940 -.0485697
T  183  2 .3711423E+07   1700000E+02 -.2458E+07  .1098E+07   .9997032 -.0223542  .0096854
T  184  2 .3686206E+07   1700000E+02  .1356E+07 -.1177E+06   .9999234  .0106281  .0063470
T  185  2 .3701055E+07   1700000E+02 -.1961E+06 -.6434E+06   .9999853  .0036475 -.0040150
T  186  2 .3676360E+07   1700000E+02  .3253E+06  .1996E+06   .9999601  .0051577  .0072877
T  187  2 .3690467E+07   1700000E+02  .1090E+07  .3115E+06   .9998238  .0148224  .0115214
T  188  2 .3701339E+07   1700000E+02 -.6237E+06 -.1367E+06   .9999222  .0007183  .0124525
T  189  2 .3713993E+07   1700000E+02  .1472E+07  .5292E+05   .9997439  .0206253  .0093173
T  190  2 .3682206E+07   1700000E+02 -.2108E+05 -.1071E+06   .9999230 -.0004522 -.0124020
T  191  2 .3679863E+07   1700000E+02  .8195E+05 -.6626E+06   .9999747  .0032107 -.0063401
T  192  2 .3693800E+07   1700000E+02 -.9921E+06 -.2288E+07   .9999339 -.0080081 -.0082512
T  193  2 .3751415E+07   1700000E+02 -.9652E+06 -.5930E+06   .9999023 -.0087833 -.0108704
T  194  2 .3711506E+07   1700000E+02  .4280E+06 -.7980E+06   .9999648  .0009935 -.0083356
T  195  2 .3690200E+07   1700000E+02 -.9535E+06  .1427E+07   .9998497 -.0082149  .0152652
T  196  2 .3681825E+07   1700000E+02  .2027E+07  .3275E+07   .9996320  .0163554  .0216427
T  197  2 .3715439E+07   1700000E+02  .5145E+06  .2082E+06   .9998948  .0091197  .0112795
T  198  2 .3731460E+07   1700000E+02 -.3702E+06  .2519E+06   .9999768 -.0058781 -.0034407
T  199  2 .3692899E+07   1700000E+02  .1326E+07  .6613E+06   .9997095  .0212017 -.0114608
T  200  2 .3664178E+07   1700000E+02  .1010E+07 -.5066E+06   .9998500  .0161965 -.0061410
T  201  2 .3736259E+07   1700000E+02  .1891E+06  .4962E+06   .9999974  .0010259  .0020387
T  202  2 .3777298E+07   1700000E+02  .8793E+06  .6473E+06   .9999143  .0106192 -.0076551
T  203  2 .3766063E+07   1700000E+02 -.6916E+05  .1689E+06   .9999659  .0081962 -.0009880
T  204  2 .3687846E+07   1700000E+02 -.3669E+06  .7767E+06   .9999519 -.0081536 -.0054577
T  205  2 .3681291E+07   1700000E+02  .3023E+06 -.8126E+06   .9998570 -.0014892 -.0168454
T  206  2 .3642465E+07   1700000E+02  .1082E+06  .1542E+07   .9997572 -.0127766  .0179518
T  207  2 .3741224E+07   1700000E+02  .1009E+07 -.4306E+06   .9999468  .0085471 -.0057690
T  208  2 .3673589E+07   1700000E+02 -.1249E+07 -.1263E+06   .9998289 -.0167558  .0078378
T  209  2 .3694138E+07   1700000E+02  .1538E+07 -.1769E+06   .9996795  .0253077  .0005724
T  210  2 .3727964E+07   1700000E+02 -.7251E+06  .1367E+07   .9998734  .0017853  .0158086
T  211  2 .3792683E+07   1700000E+02  .2587E+07  .2768E+06   .9997902  .0151894  .0137442
T  212  2 .3744638E+07   1700000E+02  .1294E+07  .2166E+06   .9999233  .0121619 -.0023531
T  213  2 .3664178E+07   1700000E+02 -.1100E+07 -.2811E+06   .9998571 -.0158942  .0057619
T  214  2 .3726024E+07   1700000E+02 -.2139E+07 -.1745E+07   .9998840 -.0130051 -.0079247
T  215  2 .3733969E+07   1700000E+02 -.1038E+07  .7466E+05   .9999041 -.0136713  .0022095
T  216  2 .3641852E+07   1700000E+02 -.6037E+06  .1021E+08   .9913697  .0022046  .1310774
T  217  2 .3681422E+07   1700000E+02 -.8953E+06 -.1199E+06   .9998841 -.0147607 -.0037386
T  218  2 .3722376E+07   1700000E+02  .3767E+06  .7842E+06   .9999101  .0038983  .0128325
T  219  2 .3723123E+07   1700000E+02 -.1425E+07 -.7523E+06   .9997139 -.0147408 -.0188377
T  220  2 .3730579E+07   1700000E+02  .1210E+07 -.1009E+07   .9999074  .0062079 -.0121090
T  221  2 .3649007E+07   1700000E+02 -.1115E+07  .2890E+07   .9993095 -.0069007  .0365094
T  222  2 .3656758E+07   1700000E+02 -.4946E+06  .1613E+07   .9997943 -.0193890  .0059526
T  223  2 .3681959E+07   1700000E+02 -.5550E+06 -.1228E+07   .9998752 -.0052642 -.0148986
T  224  2 .3731682E+07   1700000E+02 -.6713E+06  .2074E+06   .9999384 -.0102195  .0043228
T  225  2 .3721531E+07   1700000E+02 -.1738E+06 -.6013E+06   .9998905 -.0075347 -.0127368
T  226  2 .3704705E+07   1700000E+02 -.1039E+07  .6376E+06   .9998347 -.0170846  .0062158
T  227  2 .3755477E+07   1700000E+02 -.4504E+06  .3842E+06   .9999332 -.0110366  .0034223
T  228  2 .3701904E+07   1700000E+02 -.4998E+06 -.2236E+07   .9999722 -.0053424 -.0051962
T  229  2 .3720380E+07   1700000E+02 -.4079E+06  .2125E+07   .9999311 -.0037858  .0111070
T  230  2 .3685528E+07   1700000E+02 -.2824E+07 -.8052E+06   .9984001 -.0419945 -.0378640
T  231  2 .3650950E+07   1700000E+02  .5768E+05  .1010E+07   .9996920  .0217420  .0119631
T  232  2 .3731649E+07   1700000E+02 -.1634E+07  .2843E+06   .9999169 -.0113840 -.0060512
T  233  2 .3701488E+07   1700000E+02 -.4604E+07 -.7312E+06   .9989427 -.0459410  .0016932
T  234  2 .3740500E+07   1700000E+02 -.5803E+06 -.9504E+05   .9999680 -.0053677  .0059281
T  235  2 .3711159E+07   1700000E+02  .1395E+07 -.5919E+06   .9999000  .0139119  .0025432
T  236  2 .3686689E+07   1700000E+02 -.2875E+06 -.9817E+05   .9998124 -.0177071  .0078561
T  237  2 .3742882E+07   1700000E+02 -.6569E+05 -.6446E+03   .9999630  .0002005 -.0085984
T  238  2 .3767620E+07   1700000E+02 -.2452E+07  .8657E+06   .9993202 -.0330750  .0162866
T  239  2 .3706713E+07   1700000E+02  .7869E+06  .5328E+06   .9999923  .0039258 -.0000930
T  240  2 .3725077E+07   1700000E+02 -.1502E+07  .8358E+06   .9999935 -.0032469  .0015607
T  241  2 .3731827E+07   1700000E+02  .9475E+05  .1992E+06   .9999373 -.0111195 -.0012987
T  242  2 .3732663E+07   1700000E+02 -.3131E+06 -.1256E+07   .9997934 -.0132777 -.0153913
T  243  2 .3688072E+07   1700000E+02 -.1048E+06  .8081E+06   .9999107  .0017692  .0132426
T  244  2 .3707525E+07   1700000E+02  .3568E+07  .1236E+07   .9996159  .0268774  .0067512
T  245  2 .3722204E+07   1700000E+02  .7446E+06 -.2090E+07   .9999084  .0105791 -.0084372
T  246  2 .3722887E+07   1700000E+02 -.7630E+06 -.4547E+06   .9999645  .0032073 -.0077877
T  247  2 .3720897E+07   1700000E+02 -.5248E+06  .3458E+06   .9999446 -.0104559  .0011768
T  248  2 .3726650E+07   1700000E+02  .1209E+07  .1354E+07   .9996927  .0209789  .0132080
T  249  2 .3766354E+07   1700000E+02  .2660E+06  .4618E+06   .9998365  .0119822  .0135396
T  250  2 .3697195E+07   1700000E+02 -.1313E+06 -.1686E+07   .9998190 -.0056810 -.0181557
T  251  2 .3730606E+07   1700000E+02 -.1529E+07 -.8942E+06   .9998329 -.0098347 -.0154065
T  252  2 .3734328E+07   1700000E+02 -.1036E+07 -.5347E+06   .9999508 -.0083033 -.0054301
T  253  2 .3721569E+07   1700000E+02  .5514E+06 -.4146E+06   .9998045  .0136559 -.0142996
T  254  2 .3696780E+07   1700000E+02 -.9939E+06 -.2989E+06   .9999312 -.0111807 -.0035472
T  255  2 .3735143E+07   1700000E+02 -.3597E+06  .3423E+06   .9999449 -.0104358  .0010968
T  256  2 .3723927E+07   1700000E+02  .6069E+05  .7174E+06   .9999654  .0054102  .0063247
T  257  2 .3710405E+07   1700000E+02  .2553E+07  .1229E+07   .9996365  .0239001  .0124773
T  258  2 .3683627E+07   1700000E+02 -.7765E+06  .2771E+06   .9999802 -.0059221 -.0021403
T  259  2 .3655281E+07   1700000E+02 -.3884E+06  .2284E+07   .9998266  .0053539  .0178353
T  260  2 .3645019E+07   1700000E+02  .1012E+07 -.1471E+07   .9995713  .0190288 -.0222499
T  261  2 .3636892E+07   1700000E+02  .3215E+07 -.2816E+07   .9984749  .0333305 -.0440116
T  262  2 .3716605E+07   1700000E+02  .2585E+06 -.4568E+04   .9999529  .0092783  .0028448
T  263  2 .3731270E+07   1700000E+02  .2505E+07 -.4787E+06   .9998106  .0193856  .0016973
T  264  2 .3704645E+07   1700000E+02 -.3370E+06 -.1122E+07   .9997791 -.0084581 -.0192418
T  265  2 .3711148E+07   1700000E+02 -.1452E+07 -.9811E+06   .9997684 -.0208640 -.0052806
T  266  2 .3666183E+07   1700000E+02  .1013E+07  .2017E+07   .9950027  .0668523  .0741649
T  267  2 .3692935E+07   1700000E+02  .3798E+07  .1018E+06   .9994041  .0293177 -.0182171
T  268  2 .3713997E+07   1700000E+02 -.6078E+06 -.4463E+06   .9999026 -.0139572  .0002493
T  269  2 .3672487E+07   1700000E+02  .8026E+06 -.6559E+06   .9997735 -.0047837 -.0207404
T  270  2 .3717487E+07   1700000E+02  .8445E+06 -.7417E+06   .9999821  .0049523  .0033690
T  271  2 .3678822E+07   1700000E+02  .2357E+06  .6620E+06   .9999697  .0070365 -.0033359
T  272  2 .3744818E+07   1700000E+02  .2023E+07  .8245E+06   .9997107  .0184743  .0154040
T  273  2 .3703923E+07   1700000E+02 -.1116E+07 -.1528E+07   .9999468 -.0084916  .0058569
T  274  2 .3662406E+07   1700000E+02  .5481E+06 -.8473E+06   .9999274  .0052055 -.0108629
T  275  2 .3670127E+07   1700000E+02 -.2005E+07  .8076E+06   .9998570 -.0134351 -.0102683
T  276  2 .3740386E+07   1700000E+02 -.1124E+07 -.5415E+05   .9995406 -.0301935 -.0026516
T  277  2 .3740199E+07   1700000E+02  .1733E+07  .2226E+06   .9999275  .0114214 -.0038237
T  278  2 .3719182E+07   1700000E+02 -.1352E+07  .7918E+06   .9990252 -.0400124  .0186447
T  279  2 .3739010E+07   1700000E+02  .5898E+06 -.2678E+07   .9992502  .0065477 -.0381602
T  280  2 .3677939E+07   1700000E+02  .1601E+05 -.5113E+06   .9997810  .0130049 -.0163946
T  281  2 .3752648E+07   1700000E+02 -.5443E+06 -.5762E+05   .9998485 -.0171417  .0030088
T  282  2 .3746566E+07   1700000E+02  .1741E+07  .5088E+06   .9997928  .0180842  .0093435
T  283  2 .3776874E+07   1700000E+02  .1747E+07 -.1817E+07   .9996937  .0200140 -.0145560
T  284  2 .3678610E+07   1700000E+02 -.9405E+06 -.2624E+07   .9996341 -.0025678 -.0269268
T  285  2 .3697240E+07   1700000E+02 -.3570E+06 -.2409E+06   .9999903  .0009875  .0042876
T  286  2 .3683732E+07   1700000E+02 -.7985E+06 -.1300E+06   .9999712 -.0074401 -.0015277
T  287  2 .3771782E+07   1700000E+02  .6506E+05  .1270E+07   .9998151  .0155360  .0113329
T  288  2 .3730780E+07   1700000E+02  .2298E+07 -.2864E+07   .9992457  .0264897 -.0283948
T  289  2 .3780378E+07   1700000E+02 -.3465E+06  .1067E+07   .9999981 -.0014016  .0013464
T  290  2 .3726805E+07   1700000E+02 -.2268E+06  .1738E+06   .9999842 -.0049018  .0027666
T  291  2 .3723728E+07   1700000E+02 -.5540E+06 -.3500E+06   .9998586 -.0112731 -.0124796
T  292  2 .3737551E+07   1700000E+02 -.2372E+06 -.1275E+07   .9997441  .0095434 -.0205103
T  293  2 .3723034E+07   1700000E+02 -.6971E+06 -.5584E+06   .9999924  .0021402 -.0032468
T  294  2 .3743303E+07   1700000E+02  .1114E+07  .2570E+06   .9997521  .0206574  .0083048
T  295  2 .3690711E+07   1700000E+02 -.2492E+07  .8379E+06   .9993363 -.0352829  .0090645
T  296  2 .3691887E+07   1700000E+02  .5118E+06 -.3078E+06   .9997737  .0005410 -.0212648
T  297  2 .3727586E+07   1700000E+02 -.2241E+06  .1185E+07   .9999350 -.0070222  .0089813
T  298  2 .3759072E+07   1700000E+02  .4558E+06 -.3107E+06   .9999202 -.0013395 -.0125619
T  299  2 .3688331E+07   1700000E+02  .7612E+06  .5979E+06   .9998212 -.0043404  .0184026
T  300  2 .3738215E+07   1700000E+02  .1077E+04 -.3856E+04   .9999394  .0032714  .0105116
T  301  2 .3719225E+07   1700000E+02  .6377E+06  .1631E+06   .9999841  .0040093  .0039603
T  302  2 .3689825E+07   1700000E+02  .1169E+07  .2215E+07   .9987418  .0204742  .0457787
T  303  2 .3689830E+07   1700000E+02 -.1015E+07 -.1630E+06   .9999707 -.0035723  .0067770
T  304  2 .3729812E+07   1700000E+02 -.1429E+07  .5896E+04   .9994686 -.0320821  .0057620
T  305  2 .3723146E+07   1700000E+02 -.1451E+07 -.6206E+06   .9998204 -.0107540 -.0156029
T  306  2 .3732344E+07   1700000E+02 -.1087E+07 -.1974E+06   .9999646 -.0083871 -.0006342
T  307  2 .3689282E+07   1700000E+02  .9134E+05  .8917E+05   .9999048 -.0090080  .0104482
T  308  2 .3730393E+07   1700000E+02  .4850E+06  .5960E+06   .9999383  .0077453  .0079610
T  309  2 .3743438E+07   1700000E+02  .5592E+06 -.8159E+05   .9998879  .0144810 -.0037987
T  310  2 .3756323E+07   1700000E+02 -.1865E+07 -.2055E+07   .9997091 -.0176402 -.0164462
T  311  2 .3755020E+07   1700000E+02  .8414E+06 -.1908E+07   .9997938  .0102650 -.0175190
T  312  2 .3702440E+07   1700000E+02 -.1078E+07  .5931E+06   .9999577 -.0068366  .0061560
T  313  2 .3689929E+07   1700000E+02  .1171E+07 -.1061E+07   .9998974  .0050404 -.0134119
T  314  2 .3726972E+07   1700000E+02 -.2269E+07 -.3260E+06   .9998480 -.0170704  .0035468
T  315  2 .3763013E+07   1700000E+02  .1590E+06 -.2964E+06   .9999649 -.0014089 -.0082587
T  316  2 .3716908E+07   1700000E+02  .4885E+06 -.3494E+06   .9999650  .0080476 -.0023012
T  317  2 .3692908E+07   1700000E+02 -.1987E+07  .1956E+07   .9994042 -.0202854  .0279251
T  318  2 .3704975E+07   1700000E+02  .1934E+07  .9500E+05   .9997089  .0240172  .0022817
T  319  2 .3671343E+07   1700000E+02 -.9358E+07  .1836E+08   .9909874 -.0649464  .1171576
T  320  2 .3696115E+07   1700000E+02  .5213E+06 -.2447E+07   .9999469 -.0036691 -.0096329
T  321  2 .3690537E+07   1700000E+02  .5659E+06  .1887E+07   .9999230  .0054798  .0111333
T  322  2 .3668722E+07   1700000E+02 -.6040E+06  .4477E+06   .9998539 -.0145430  .0089834
T  323  2 .3715564E+07   1700000E+02  .2469E+07  .6832E+06   .9994450  .0286542  .0169916
T  324  2 .3737458E+07   1700000E+02 -.1497E+07 -.2314E+07   .9998647 -.0042921 -.0158825
T  325  2 .3712156E+07   1700000E+02  .8825E+05 -.7742E+06   .9999391  .0075064 -.0080936
T  326  2 .3706858E+07   1700000E+02 -.5577E+05  .6234E+06   .9998698  .0155459 -.0043172
T  327  2 .3693643E+07   1700000E+02  .1487E+07  .3769E+07   .9993900  .0108250  .0332037
T  328  2 .3748991E+07   1700000E+02  .4565E+06 -.5968E+06   .9992187 -.0223300 -.0326104
T  329  2 .3713301E+07   1700000E+02 -.1898E+05  .1198E+06   .9999474 -.0041557  .0093727
T  330  2 .3708679E+07   1700000E+02 -.5399E+06  .6334E+06   .9999803 -.0045678  .0042942
T  331  2 .3736546E+07   1700000E+02 -.6474E+06  .5900E+06   .9999841 -.0043778 -.0035504
T  332  2 .3688439E+07   1700000E+02  .1127E+07 -.4339E+06   .9995834  .0125258 -.0260026
T  333  2 .3699986E+07   1700000E+02 -.2251E+07 -.4281E+06   .9998163 -.0189114 -.0031158
T  334  2 .3711956E+07   1700000E+02  .1084E+07  .5844E+06   .9999182  .0103311  .0075384
T  335  2 .3752070E+07   1700000E+02 -.8182E+06 -.1013E+07   .9997675 -.0047519 -.0210324
T  336  2 .3660671E+07   1700000E+02  .5249E+06  .4466E+06   .9999851  .0041121  .0035768
T  337  2 .3640420E+07   1700000E+02  .1650E+05  .6050E+06   .9999946  .0008901  .0031738
T  338  2 .3735587E+07   1700000E+02 -.6015E+06  .8245E+06   .9999838 -.0024008  .0051638
T  339  2 .3682787E+07   1700000E+02  .7750E+04  .9992E+06   .9999888  .0041322  .0022916
T  340  2 .3752799E+07   1700000E+02  .1015E+07 -.1120E+07   .9998032  .0082077 -.0180618
T  341  2 .3743284E+07   1700000E+02 -.3360E+06 -.2933E+07   .9991005  .0022233 -.0423460
T  342  2 .3679172E+07   1700000E+02 -.5879E+06 -.6973E+06   .9998563 -.0064703 -.0156698
T  343  2 .3642433E+07   1700000E+02 -.5667E+06 -.2787E+06   .9998498 -.0171601  .0024343
T  344  2 .3722185E+07   1700000E+02 -.5636E+06  .1668E+06   .9999734 -.0069970  .0020786
T  345  2 .3740703E+07   1700000E+02  .2397E+06 -.9780E+06   .9998839  .0038241 -.0147498
T  346  2 .3769709E+07   1700000E+02  .1380E+05  .8529E+06   .9998782  .0013598  .0155453
T  347  2 .3732693E+07   1700000E+02 -.5573E+06 -.4107E+06   .9999193 -.0112712  .0058601
T  348  2 .3657135E+07   1700000E+02 -.8017E+06  .1859E+06   .9999188  .0051359  .0116605
T  349  2 .3687981E+07   1700000E+02 -.3641E+07  .5372E+07   .9991819 -.0168798  .0367511
T  350  2 .3731956E+07   1700000E+02 -.6634E+07 -.4629E+07   .9983859 -.0402630 -.0400560
T  351  2 .3697269E+07   1700000E+02  .9848E+05 -.3386E+06   .9999921 -.0018351 -.0035293
T  352  2 .3719989E+07   1700000E+02 -.1556E+06 -.6244E+05   .9999609  .0084683 -.0025408
T  353  2 .3721462E+07   1700000E+02 -.3962E+06 -.8458E+06   .9999626 -.0050449 -.0070197
T  354  2 .3661365E+07   1700000E+02  .2097E+06  .6998E+06   .9997923  .0101911  .0176476
T  355  2 .3700159E+07   1700000E+02 -.1286E+07 -.5093E+05   .9994347 -.0200685  .0269733
T  356  2 .3718135E+07   1700000E+02  .1069E+07  .1230E+07   .9996536  .0139570  .0223133
T  357  2 .3709783E+07   1700000E+02 -.9850E+06 -.1051E+07   .9999375  .0029590 -.0107807
T  358  2 .3711131E+07   1700000E+02 -.5555E+06 -.6776E+06   .9999601  .0088952 -.0008243
T  359  2 .3763674E+07   1700000E+02  .1331E+07 -.4424E+06   .9996577  .0217659 -.0145156
T  360  2 .3697699E+07   1700000E+02  .3296E+06  .7936E+06   .9999346  .0075941  .0085527
T  361  2 .3735816E+07   1700000E+02  .2011E+07 -.4704E+06   .9993716  .0348983  .0062024
T  362  2 .3711458E+07   1700000E+02 -.4009E+06 -.5532E+05   .9998406 -.0178489 -.0004868
T  363  2 .3721698E+07   1700000E+02 -.2906E+06  .3611E+06   .9999966  .0007192 -.0025151
T  364  2 .3695698E+07   1700000E+02  .5888E+06 -.2144E+07   .9997538  .0075202 -.0208778
T  365  2 .3716828E+07   1700000E+02  .5634E+06 -.1711E+06   .9999983 -.0017734  .0005627
T  366  2 .3681623E+07   1700000E+02  .1041E+07 -.7963E+05   .9999602  .0082528 -.0033799
T  367  2 .3718695E+07   1700000E+02  .2165E+07  .3606E+06   .9997587  .0219050  .0016570
T  368  2 .3688000E+07   1700000E+02 -.2769E+06  .3077E+06   .9999965  .0010696  .0024112
T  369  2 .3711829E+07   1700000E+02  .4812E+06  .1329E+06   .9999046  .0070919  .0118501
T  370  2 .3760557E+07   1700000E+02  .1171E+06  .2055E+05   .9999694 -.0028864 -.0072648
T  371  2 .3758351E+07   1700000E+02  .6637E+06  .9182E+06   .9999357  .0067025  .0091425
T  372  2 .3666442E+07   1700000E+02 -.8190E+06 -.1383E+06   .9999596 -.0047448  .0076392
T  373  2 .3763444E+07   1700000E+02  .1504E+07 -.7817E+06   .9999889  .0019854 -.0042692
T  374  2 .3743346E+07   1700000E+02  .2129E+05  .1093E+06   .9999951 -.0010830  .0029312
T  375  2 .3679964E+07   1700000E+02  .2918E+06 -.7348E+07   .9990674 -.0053874 -.0428415
T  376  2 .3718069E+07   1700000E+02  .1012E+07 -.9495E+06   .9998250  .0169888 -.0078369
T  377  2 .3666648E+07   1700000E+02 -.1884E+07 -.6761E+06   .9997740 -.0175420 -.0120063
T  378  2 .3710031E+07   1700000E+02 -.5453E+06 -.1076E+07   .9999662 -.0027462 -.0077461
T  379  2 .3738391E+07   1700000E+02 -.1319E+07 -.3774E+06   .9996149 -.0204669 -.0187379
T  380  2 .3724282E+07   1700000E+02  .2110E+07 -.2466E+07   .9996496 -.0016489 -.0264196
T  381  2 .3739985E+07   1700000E+02 -.1877E+07 -.1976E+07   .9996066 -.0184869 -.0210900
T  382  2 .3686153E+07   1700000E+02  .3688E+06  .1965E+05   .9999123  .0117655  .0060744
T  383  2 .3678975E+07   1700000E+02 -.1470E+07 -.7007E+06   .9998371 -.0165334 -.0072359
T  384  2 .3709208E+07   1700000E+02 -.2306E+07  .8313E+06   .9997621 -.0208948  .0062581
T  385  2 .3722692E+07   1700000E+02  .3239E+07  .3709E+07   .9990976  .0226298  .0359426
T  386  2 .3727232E+07   1700000E+02  .7247E+06 -.1373E+06   .9999878  .0046183  .0017773
T  387  2 .3705423E+07   1700000E+02 -.3259E+05 -.7112E+06   .9999364 -.0110146 -.0024097
T  388  2 .3730024E+07   1700000E+02  .6209E+06  .2383E+05   .9997534  .0181757 -.0127613
T  389  2 .3709575E+07   1700000E+02 -.1533E+06  .2784E+07   .9998745 -.0050651  .0150140
T  390  2 .3720928E+07   1700000E+02 -.2594E+06  .5337E+06   .9999586 -.0030341  .0085791
T  391  2 .3689482E+07   1700000E+02 -.7717E+07 -.1747E+08   .9924272 -.0479273 -.1130981
T  392  2 .3686240E+07   1700000E+02  .1819E+05 -.1436E+05   .9999700  .0051813  .0057538
T  393  2 .3738167E+07   1700000E+02 -.1710E+07  .2938E+06   .9997162 -.0232951  .0049827
T  394  2 .3722329E+07   1700000E+02 -.1143E+07 -.1788E+07   .9998674 -.0068784 -.0147606
T  395  2 .3751364E+07   1700000E+02 -.1965E+06 -.1712E+06   .9999427 -.0054927 -.0091888
T  396  2 .3699365E+07   1700000E+02 -.4480E+06 -.3722E+06   .9999884  .0014282  .0046040
T  397  2 .3700469E+07   1700000E+02  .1341E+05  .3678E+06   .9999834  .0045873 -.0034955
T  398  2 .3696631E+07   1700000E+02 -.3285E+06 -.1184E+07   .9999749  .0042999 -.0056318
T  399  2 .3707084E+07   1700000E+02  .1123E+05 -.3252E+06   .9999107 -.0014633 -.0132841
T  400  2 .3721214E+07   1700000E+02  .1924E+06 -.1702E+07   .9997530 -.0022494 -.0221124
T  401  2 .3756663E+07   1700000E+02 -.6634E+04  .2200E+06   .9999813  .0033050  .0051404
T  402  2 .3695883E+07   1700000E+02 -.1729E+06  .4342E+06   .9999771  .0011444  .0066683
T  403  2 .3735253E+07   1700000E+02  .5265E+04  .6280E+06   .9999283 -.0063082  .0101814
T  404  2 .3698278E+07   1700000E+02 -.8458E+06 -.3733E+06   .9997351 -.0228916  .0023683
T  405  2 .3701196E+07   1700000E+02 -.5008E+06 -.1020E+07   .9999579 -.0075502 -.0052126
T  406  2 .3711859E+07   1700000E+02 -.5510E+06 -.2558E+07   .9990425 -.0318704 -.0299731
T  407  2 .3685316E+07   1700000E+02 -.1087E+07  .1520E+06   .9998584 -.0128411 -.0108762
T  408  2 .3685064E+07   1700000E+02  .7555E+06  .4756E+06   .9999594  .0086494  .0025247
T  409  2 .3705460E+07   1700000E+02  .2537E+06 -.5718E+06   .9999332  .0109380 -.0037480
T  410  2 .3750349E+07   1700000E+02 -.1182E+07 -.1144E+07   .9995846 -.0225291 -.0179734
T  411  2 .3765942E+07   1700000E+02  .9002E+06 -.9408E+06   .9997775  .0039890 -.0207130
T  412  2 .3729382E+07   1700000E+02 -.8527E+06 -.3966E+06   .9998416 -.0124351 -.0127314
T  413  2 .3743766E+07   1700000E+02  .6623E+06  .6293E+06   .9999798  .0014187  .0061941
T  414  2 .3677052E+07   1700000E+02 -.5314E+06  .1023E+07   .9999300 -.0070255  .0095255
T  415  2 .3751880E+07   1700000E+02  .2220E+07  .1591E+07   .9998360  .0165494  .0073541
T  416  2 .3631231E+07   1700000E+02 -.1095E+07  .1271E+07   .9999114 -.0076732  .0108754
T  417  2 .3710947E+07   1700000E+02 -.2777E+06 -.1694E+07   .9999544 -.0058419 -.0075522
T  418  2 .3729385E+07   1700000E+02 -.2518E+07  .1682E+07   .9995262 -.0226268  .0208664
T  419  2 .3776119E+07   1700000E+02  .1352E+07  .1864E+07   .9997582  .0188283  .0113568
T  420  2 .3733065E+07   1700000E+02 -.1068E+06  .1727E+06   .9999953 -.0030228 -.0005418
T  421  2 .3710247E+07   1700000E+02 -.2885E+07  .9749E+06   .9996929 -.0227373  .0098558
T  422  2 .3694871E+07   1700000E+02  .1512E+07  .1046E+04   .9999490  .0099833 -.0015493
T  423  2 .3665053E+07   1700000E+02  .1716E+07  .3784E+05   .9998367  .0180504  .0008428
T  424  2 .3694873E+07   1700000E+02 -.9503E+06  .1480E+06   .9999172 -.0124947  .0030683
T  425  2 .3716024E+07   1700000E+02  .2099E+05  .8183E+06   .9998186 -.0006507  .0190377
T  426  2 .3730465E+07   1700000E+02  .3906E+05  .1252E+07   .9998439  .0043163  .0171313
T  427  2 .3704486E+07   1700000E+02 -.8608E+06  .1591E+07   .9998869 -.0059670  .0138023
T  428  2 .3700300E+07   1700000E+02 -.6449E+06  .1112E+06   .9999393 -.0096576 -.0052983
T  429  2 .3760830E+07   1700000E+02 -.1582E+07  .3020E+06   .9996266 -.0265917  .0062807
T  430  2 .3711359E+07   1700000E+02  .1091E+07  .1402E+07   .9999467  .0092210  .0046503
T  431  2 .3759077E+07   1700000E+02 -.1724E+07  .3209E+06   .9997516 -.0204959  .0087599
T  432  2 .3694407E+07   1700000E+02  .5252E+06  .9502E+05   .9999985 -.0015395  .0007384
T  433  2 .3736259E+07   1700000E+02 -.5944E+05 -.1457E+07   .9995236  .0148133 -.0270771
T  434  2 .3807842E+07   1700000E+02  .9964E+06  .1411E+07   .9998222  .0096319  .0162116
T  435  2 .3739785E+07   1700000E+02 -.9946E+06  .3601E+06   .9997887 -.0144185  .0146525
T  436  2 .3748541E+07   1700000E+02 -.4687E+06  .2352E+06   .9999403 -.0094788 -.0054416
T  437  2 .3677602E+07   1700000E+02 -.2603E+07 -.1114E+07   .9997335 -.0226293 -.0045546
T  438  2 .3740839E+07   1700000E+02  .5213E+06 -.7437E+05   .9999769  .0049421  .0046564
T  439  2 .3743941E+07   1700000E+02 -.3019E+06 -.1109E+07   .9998290  .0079716 -.0166869
T  440  2 .3716814E+07   1700000E+02 -.2005E+06  .1101E+06   .9999850  .0038142 -.0039199
T  441  2 .3756061E+07   1700000E+02  .4183E+06  .1404E+06   .9999928  .0032432 -.0019500
T  442  2 .3702002E+07   1700000E+02  .2404E+06  .1736E+07   .9996571  .0068920  .0252610
T  443  2 .3722211E+07   1700000E+02 -.1976E+06 -.8284E+06   .9999647 -.0003095 -.0083971
T  444  2 .3727297E+07   1700000E+02 -.9110E+06 -.8541E+05   .9999782 -.0065912 -.0002453
T  445  2 .3720045E+07   1700000E+02  .3933E+06 -.1646E+07   .9998581 -.0092150 -.0141024
T  446  2 .3730302E+07   1700000E+02 -.1625E+07 -.9138E+06   .9995432 -.0234900 -.0190160
T  447  2 .3693066E+07   1700000E+02  .2205E+06 -.2163E+06   .9999921  .0029197 -.0026993
T  448  2 .3708858E+07   1700000E+02 -.6091E+06  .9869E+06   .9998280 -.0129938  .0132329
T  449  2 .3730841E+07   1700000E+02 -.2540E+06 -.4197E+06   .9999234 -.0091671 -.0083120
T  450  2 .3669038E+07   1700000E+02 -.2311E+05  .7226E+06   .9999619  .0019259 -.0085132
T  451  2 .3700463E+07   1700000E+02 -.9022E+06 -.2969E+06   .9999937 -.0032230 -.0014906
T  452  2 .3701818E+07   1700000E+02  .2335E+07 -.4032E+06   .9997222  .0223350 -.0075332
T  453  2 .3719499E+07   1700000E+02  .1482E+06 -.6683E+06   .9999534 -.0018191 -.0094816
T  454  2 .3701601E+07   1700000E+02  .4314E+06 -.4907E+06   .9999280  .0099967 -.0066402
T  455  2 .3714775E+07   1700000E+02 -.4197E+06  .1282E+07   .9998892 -.0086507  .0121101
T  456  2 .3702658E+07   1700000E+02 -.2896E+06 -.8820E+06   .9999846 -.0020645 -.0051610
T  457  2 .3656479E+07   1700000E+02  .9691E+06 -.1357E+07   .9999182  .0102449 -.0076611
T  458  2 .3665183E+07   1700000E+02 -.3968E+05  .4879E+06   .9994601 -.0198005  .0262184
T  459  2 .3714201E+07   1700000E+02 -.1081E+06  .1610E+06   .9998627  .0160099 -.0042636
T  460  2 .3691348E+07   1700000E+02 -.1384E+07  .1171E+07   .9998401 -.0178728  .0005225
T  461  2 .3707831E+07   1700000E+02  .1591E+07  .2151E+06   .9998488  .0172999 -.0017354
T  462  2 .3676845E+07   1700000E+02 -.1149E+07 -.7517E+06   .9998874 -.0057473 -.0138613
T  463  2 .3715788E+07   1700000E+02  .1704E+06  .1029E+07   .9999005 -.0045843  .0133424
T  464  2 .3640275E+07   1700000E+02 -.8314E+06  .1044E+07   .9998200 -.0189623 -.0005803
T  465  2 .3721756E+07   1700000E+02  .2034E+06 -.1174E+06   .9999641  .0049108 -.0069089
T  466  2 .3716606E+07   1700000E+02  .2142E+06 -.9442E+06   .9999696  .0017825 -.0075950
T  467  2 .3681728E+07   1700000E+02  .1238E+06  .1024E+07   .9998884 -.0006310  .0149276
T  468  2 .3674249E+07   1700000E+02 -.6285E+06  .3531E+06   .9999454 -.0077826 -.0069722
T  469  2 .3715660E+07   1700000E+02  .5174E+06  .1489E+06   .9999997  .0000372  .0007442
T  470  2 .3697648E+07   1700000E+02 -.7531E+06 -.9145E+06   .9999669 -.0039334 -.0071253
T  471  2 .3789662E+07   1700000E+02  .4076E+06  .4465E+06   .9999628  .0014006  .0085114
T  472  2 .3675987E+07   1700000E+02 -.6015E+06  .7092E+06   .9979825 -.0113699  .0624631
T  473  2 .3652789E+07   1700000E+02  .1104E+06 -.8343E+05   .9984948  .0292075 -.0464225
T  474  2 .3696216E+07   1700000E+02 -.4093E+06  .6412E+06   .9999524 -.0041344  .0088426
T  475  2 .3731950E+07   1700000E+02 -.6023E+06 -.6628E+05   .9999987 -.0012758  .0009853
T  476  2 .3716680E+07   1700000E+02  .1458E+07  .2059E+06   .9999112  .0132775  .0011338
T  477  2 .3724505E+07   1700000E+02  .2582E+07  .2736E+07   .9995102  .0222416  .0220132
T  478  2 .3702627E+07   1700000E+02 -.6171E+06 -.2044E+06   .9990731 -.0399609 -.0160005
T  479  2 .3689816E+07   1700000E+02 -.1822E+06  .1456E+07   .9997265  .0053641  .0227641
T  480  2 .3761671E+07   1700000E+02 -.4020E+06  .1875E+07   .9998145  .0080488  .0175004
T  481  2 .3658614E+07   1700000E+02 -.3152E+07  .5175E+07   .9960624 -.0440196  .0769550
T  482  2 .3785908E+07   1700000E+02  .1443E+07 -.2198E+06   .9997013  .0203030  .0136047
T  483  2 .3717790E+07   1700000E+02  .2980E+06 -.7214E+06   .9999570 -.0080942  .0045266
T  484  2 .3716476E+07   1700000E+02  .7749E+06  .1012E+07   .9998678  .0101801  .0126780
T  485  2 .3726122E+07   1700000E+02  .1354E+07 -.6101E+06   .9996834  .0242568  .0066812
T  486  2 .3719138E+07   1700000E+02  .7184E+06  .6692E+06   .9998608  .0096281  .0136254
T  487  2 .3657386E+07   1700000E+02  .1592E+06 -.9344E+06   .9999073  .0032346 -.0132244
T  488  2 .3695827E+07   1700000E+02 -.3232E+06  .1056E+05   .9999425  .0060355  .0088665
T  489  2 .3683440E+07   1700000E+02  .8117E+06  .6756E+06   .9997035 -.0239353  .0044677
T  490  2 .3728311E+07   1700000E+02 -.1791E+07  .2648E+06   .9999270 -.0052498  .0108823
T  491  2 .3698312E+07   1700000E+02 -.6182E+06  .5553E+06   .9995351 -.0276004 -.0129548
T  492  2 .3714413E+07   1700000E+02  .2408E+07 -.5170E+05   .9996040  .0213589  .0183184
T  493  2 .3721914E+07   1700000E+02 -.7774E+06  .3066E+06   .9998729 -.0145277  .0065605
T  494  2 .3725095E+07   1700000E+02  .4817E+06 -.2599E+07   .9999163  .0046464 -.0120737
T  495  2 .3729527E+07   1700000E+02  .1228E+07  .1031E+07   .9994808  .0218359  .0236917
T  496  2 .3748608E+07   1700000E+02 -.9445E+04  .3121E+06   .9998041 -.0086627  .0177982
T  497  2 .3692843E+07   1700000E+02 -.2281E+07 -.3481E+06   .9999649 -.0074102  .0039111
T  498  2 .3731950E+07   1700000E+02 -.5499E+04  .2209E+06   .9999907  .0024045  .0035850
T  499  2 .3711946E+07   1700000E+02 -.9216E+06 -.4698E+06   .9997966  .0047651 -.0195952
T  500  2 .3692023E+07   1700000E+02 -.1878E+06 -.6198E+06   .9999670 -.0081128 -.0004658
T  501  2 .3731011E+07   1700000E+02  .1147E+07 -.5960E+06   .9998006  .0197212 -.0031329
T  502  2 .3744262E+07   1700000E+02  .2605E+06  .6931E+06   .9999554  .0071035  .0062163
T  503  2 .3697479E+07   1700000E+02  .2512E+07  .2957E+07   .9996439  .0133517  .0231060
T  504  2 .3696104E+07   1700000E+02 -.9945E+05 -.4883E+06   .9998491  .0126348 -.0119209
T  505  2 .3798691E+07   1700000E+02  .1316E+06  .3316E+06   .9999932  .0034030 -.0014088
T  506  2 .3747469E+07   1700000E+02 -.1553E+07 -.6512E+06   .9986999 -.0386318 -.0332593
T  507  2 .3730773E+07   1700000E+02  .8778E+04 -.2723E+06   .9999925  .0030566  .0023806
T  508  2 .3705207E+07   1700000E+02 -.4357E+06 -.9917E+06   .9999580  .0003689 -.0091570
T  509  2 .3713821E+07   1700000E+02 -.2192E+07 -.1809E+07   .9997017 -.0156310 -.0187671
T  510  2 .3725715E+07   1700000E+02  .6294E+05  .1379E+07   .9997709  .0092397  .0193092
T  511  2 .3765266E+07   1700000E+02 -.6108E+06  .1241E+07   .9998425 -.0050902  .0170037
T  512  2 .3735459E+07   1700000E+02 -.3563E+06  .1151E+07   .9998963 -.0071966  .0124777
T  513  2 .3669728E+07   1700000E+02 -.3441E+07  .5561E+06   .9914653 -.1228231 -.0437152
T  514  2 .3698018E+07   1700000E+02 -.1200E+06 -.8629E+06   .9999741 -.0013230 -.0070808
T  515  2 .3721958E+07   1700000E+02 -.8668E+06 -.1356E+07   .9998795 -.0101326 -.0117571
T  516  2 .3696236E+07   1700000E+02 -.3102E+06  .5632E+06   .9999577 -.0044242  .0080649
T  517  2 .3734383E+07   1700000E+02 -.9225E+06  .3362E+06   .9999934  .0024920 -.0026395
T  518  2 .3704766E+07   1700000E+02  .1533E+07  .3315E+05   .9998931  .0123760 -.0077879
T  519  2 .3699643E+07   1700000E+02 -.1306E+07  .5071E+06   .9999414 -.0013782 -.0107351
T  520  2 .3707216E+07   1700000E+02  .3251E+06 -.2193E+07   .9997341 -.0001887 -.0230570
T  521  2 .3674493E+07   1700000E+02 -.5985E+06 -.6833E+06   .9999801 -.0056802 -.0027514
T  522  2 .3765701E+07   1700000E+02  .2227E+05  .1142E+07   .9999967  .0006072  .0024954
T  523  2 .3714142E+07   1700000E+02 -.8825E+06 -.1214E+07   .9997606 -.0057330 -.0211165
T  524  2 .3672495E+07   1700000E+02  .1919E+07  .1012E+07   .9996686  .0217337  .0137971
T  525  2 .3761451E+07   1700000E+02 -.3782E+06 -.5550E+06   .9997712 -.0068822 -.0202533
T  526  2 .3679051E+07   1700000E+02 -.1749E+06  .6117E+06   .9999892  .0021710  .0041175
T  527  2 .3670407E+07   1700000E+02 -.4305E+06  .1036E+06   .9999900  .0010945  .0043290
T  528  2 .3684303E+07   1700000E+02  .5591E+06 -.1217E+07   .9998603 -.0132090 -.0102424
T  529  2 .3688555E+07   1700000E+02  .4932E+06  .1531E+07   .9997907  .0180743  .0095840
T  530  2 .3692564E+07   1700000E+02  .1080E+07 -.1021E+07   .9998506  .0007487 -.0172681
T  531  2 .3701330E+07   1700000E+02 -.1245E+07  .4087E+06   .9999144 -.0119865 -.0052388
T  532  2 .3678463E+07   1700000E+02  .2621E+07 -.4359E+06   .9997506  .0222190  .0022378
T  533  2 .3738697E+07   1700000E+02 -.3768E+06 -.2934E+06   .9999550 -.0045019  .0083543
T  534  2 .3661939E+07   1700000E+02  .1077E+07  .6900E+06   .9999305  .0051033  .0106269
T  535  2 .3711283E+07   1700000E+02  .3198E+07  .1811E+07   .9985707  .0421451  .0328691
T  536  2 .3721256E+07   1700000E+02 -.9483E+06  .1731E+07   .9995334 -.0118728  .0281426
T  537  2 .3684659E+07   1700000E+02 -.1578E+07 -.8876E+06   .9995879 -.0112365 -.0264159
T  538  2 .3723344E+07   1700000E+02  .1232E+07  .2955E+06   .9998453  .0156009  .0081265
T  539  2 .3722683E+07   1700000E+02  .7380E+06 -.1587E+07   .9998538 -.0062149 -.0159304
T  540  2 .3734490E+07   1700000E+02  .9407E+06  .9916E+06   .9993632  .0271672  .0231330
T  541  2 .3696354E+07   1700000E+02 -.5618E+06  .8512E+05   .9999989  .0011448 -.0009863
T  542  2 .3772023E+07   1700000E+02  .2712E+06 -.3286E+07   .9997408  .0093335 -.0207678
T  543  2 .3707383E+07   1700000E+02  .1566E+06 -.1618E+07   .9998252 -.0122742 -.0141005
T  544  2 .3700243E+07   1700000E+02 -.1130E+06 -.1589E+07   .9996638  .0074131 -.0248446
T  545  2 .3704372E+07   1700000E+02 -.2119E+07  .4354E+06   .9999405 -.0105346  .0028343
T  546  2 .3742006E+07   1700000E+02  .7313E+05  .1123E+07   .9998460  .0057719  .0165743
T  547  2 .3697691E+07   1700000E+02 -.1473E+06 -.3431E+07   .9995830  .0038641 -.0286154
T  548  2 .3646375E+07   1700000E+02 -.6254E+06  .4100E+06   .9998862 -.0045267 -.0143891
T  549  2 .3707711E+07   1700000E+02  .1987E+07  .6273E+06   .9999267  .0118481  .0024959
T  550  2 .3725875E+07   1700000E+02  .1352E+06  .3312E+06   .9997823 -.0040643 -.0204656
T  551  2 .3777946E+07   1700000E+02 -.6367E+06  .1263E+07   .9998638 -.0084782  .0141599
T  552  2 .3775641E+07   1700000E+02 -.1192E+06  .2916E+06   .9999745  .0044254  .0055966
T  553  2 .3700343E+07   1700000E+02 -.1567E+07 -.1137E+07   .9999191  .0112086 -.0060204
T  554  2 .3703784E+07   1700000E+02 -.1043E+07 -.4189E+06   .9999304 -.0110789 -.0040490
T  555  2 .3699050E+07   1700000E+02  .4835E+06 -.9505E+06   .9999240  .0004485 -.0123175
T  556  2 .3705916E+07   1700000E+02  .3457E+06 -.7466E+06   .9998215  .0136983 -.0130091
T  557  2 .3697144E+07   1700000E+02  .5207E+06 -.1795E+06   .9999864  .0016844 -.0049409
T  558  2 .3712535E+07   1700000E+02 -.1132E+06  .3541E+05   .9998889  .0021256  .0147515
T  559  2 .3707462E+07   1700000E+02 -.7742E+06 -.1718E+07   .9997893 -.0024459 -.0203791
T  560  2 .3753862E+07   1700000E+02 -.6514E+06  .4138E+06   .9999621  .0004128 -.0086977
T  561  2 .3683599E+07   1700000E+02  .1057E+07 -.1849E+07   .9996150  .0041334 -.0274377
T  562  2 .3729506E+07   1700000E+02 -.6024E+05  .1625E+07   .9999112  .0048725  .0124040
T  563  2 .3724471E+07   1700000E+02  .5776E+06 -.1047E+06   .9998664  .0110995  .0119975
T  564  2 .3707379E+07   1700000E+02  .1162E+07 -.4174E+05   .9999022  .0138273 -.0020950
T  565  2 .3676548E+07   1700000E+02  .2261E+07  .2428E+06   .9997723  .0185296  .0105835
T  566  2 .3748687E+07   1700000E+02 -.1071E+05  .2854E+06   .9998915  .0127341  .0074022
T  567  2 .3722375E+07   1700000E+02 -.2514E+06  .5866E+06   .9998579 -.0149653  .0077659
T  568  2 .3715328E+07   1700000E+02  .1140E+07  .1543E+07   .9997358  .0028251  .0228107
T  569  2 .3713712E+07   1700000E+02  .6249E+06  .9627E+06   .9995860  .0064525  .0280381
T  570  2 .3721303E+07   1700000E+02 -.1644E+06 -.5331E+06   .9999444  .0034028 -.0099838
T  571  2 .3722231E+07   1700000E+02 -.2724E+05  .5444E+05   .9999958 -.0003385  .0028621
T  572  2 .3733806E+07   1700000E+02  .2419E+07 -.4685E+06   .9994934  .0288468 -.0134433
T  573  2 .3688105E+07   1700000E+02  .1071E+07  .5782E+06   .9999219  .0090644  .0086056
T  574  2 .3702969E+07   1700000E+02 -.4805E+06 -.1850E+07   .9996602 -.0008758 -.0260512
T  575  2 .3709101E+07   1700000E+02 -.8478E+06 -.1163E+07   .9998908 -.0089393 -.0117634
T  576  2 .3723469E+07   1700000E+02  .2717E+07  .8303E+05   .9995346  .0300895 -.0050274
T  577  2 .3753363E+07   1700000E+02 -.2048E+06 -.2678E+06   .9999921 -.0009976 -.0038598
T  578  2 .3768028E+07   1700000E+02  .1230E+07  .3709E+06   .9998968  .0143624  .0001701
T  579  2 .3665051E+07   1700000E+02 -.1070E+07  .5271E+06   .9999029 -.0050136  .0129987
T  580  2 .3704568E+07   1700000E+02 -.1362E+07 -.1472E+07   .9997723 -.0173417 -.0124314
T  581  2 .3729077E+07   1700000E+02  .5064E+05 -.1749E+07   .9999880  .0013923 -.0046892
T  582  2 .3729476E+07   1700000E+02 -.6259E+06  .3818E+05   .9999186 -.0118570  .0047126
T  583  2 .3740673E+07   1700000E+02  .1724E+07 -.1369E+07   .9997810  .0178758 -.0108831
T  584  2 .3733020E+07   1700000E+02 -.4511E+07 -.2706E+07   .9989097 -.0444769 -.0141835
T  585  2 .3738299E+07   1700000E+02 -.9960E+06 -.1393E+06   .9999510 -.0086029 -.0048920
T  586  2 .3721547E+07   1700000E+02 -.3289E+06 -.7622E+06   .9997979 -.0144348 -.0139927
T  587  2 .3742966E+07   1700000E+02 -.2330E+07  .3300E+06   .9996213 -.0268358 -.0060844
T  588  2 .3719521E+07   1700000E+02 -.4661E+06  .1038E+07   .9997581 -.0053507  .0213327
T  589  2 .3708548E+07   1700000E+02  .3871E+06 -.3676E+06   .9998986 -.0142362 -.0004247
T  590  2 .3658516E+07   1700000E+02  .4561E+05  .5253E+06   .9999669  .0024719  .0077549
T  591  2 .3692395E+07   1700000E+02 -.6439E+06 -.1314E+07   .9998569 -.0135690 -.0100998
T  592  2 .3724475E+07   1700000E+02  .1528E+07  .2427E+06   .9999932  .0030554  .0020639
T  593  2 .3693517E+07   1700000E+02 -.3743E+06 -.2594E+06   .9998652 -.0059406 -.0153050
T  594  2 .3697004E+07   1700000E+02 -.1534E+07  .2933E+06   .9998166 -.0189435  .0028211
T  595  2 .3742726E+07   1700000E+02  .1210E+07  .2035E+07   .9998588 -.0002913  .0167998
T  596  2 .3661759E+07   1700000E+02 -.3385E+06  .2078E+07   .9996366 -.0069745  .0260371
T  597  2 .3715322E+07   1700000E+02  .2407E+07  .2638E+06   .9994567  .0279875  .0174082
T  598  2 .3686539E+07   1700000E+02  .7452E+06  .2816E+07   .9993799  .0108167  .0335083
T  599  2 .3668853E+07   1700000E+02 -.3732E+06 -.1046E+07   .9998880  .0054521 -.0139410
T  600  2 .3707748E+07   1700000E+02  .3792E+07  .1660E+07   .9980268  .0578773  .0243459
T  601  2 .3685550E+07   1700000E+02 -.1142E+07  .1435E+07   .9997736 -.0133624  .0165615
T  602  2 .3743991E+07   1700000E+02 -.2284E+07 -.4582E+06   .9998265 -.0182292 -.0038330
T  603  2 .3692397E+07   1700000E+02  .1517E+07 -.6064E+05   .9998959  .0143776  .0011726
T  604  2 .3696684E+07   1700000E+02  .8522E+06  .1529E+06   .9998522  .0163984  .0051639
T  605  2 .3750761E+07   1700000E+02  .1379E+06 -.1203E+07   .9999143 -.0011134 -.0130424
T  606  2 .3666796E+07   1700000E+02  .2443E+07 -.2844E+06   .9989842  .0450571 -.0006008
T  607  2 .3728413E+07   1700000E+02  .1816E+07 -.1762E+07   .9997327  .0183894 -.0140139
T  608  2 .3697852E+07   1700000E+02 -.4658E+06 -.2511E+06   .9998793 -.0131628 -.0082583
T  609  2 .3734305E+07   1700000E+02  .8653E+04  .2997E+06   .9999316 -.0107596 -.0045841
T  610  2 .3722906E+07   1700000E+02  .1259E+07 -.6877E+06   .9998796  .0134952 -.0076560
T  611  2 .3713369E+07   1700000E+02 -.2918E+07 -.1737E+06   .9992729 -.0377210  .0055534
T  612  2 .3696052E+07   1700000E+02 -.6720E+06  .2565E+05   .9997819  .0065921 -.0198176
T  613  2 .3692519E+07   1700000E+02  .4379E+07  .2342E+06   .9949265  .0957336  .0309254
T  614  2 .3686748E+07   1700000E+02 -.2877E+07 -.5225E+06   .9995252 -.0299606 -.0071927
T  615  2 .3714382E+07   1700000E+02 -.8292E+06 -.6595E+06   .9999200 -.0122323 -.0032196
T  616  2 .3693944E+07   1700000E+02 -.2838E+07 -.2640E+07   .9991064 -.0302129 -.0295572
T  617  2 .3697761E+07   1700000E+02 -.4690E+06 -.2920E+06   .9999871  .0039471 -.0032014
T  618  2 .3688276E+07   1700000E+02 -.7989E+06  .9281E+05   .9999206 -.0061461  .0110038
T  619  2 .3701883E+07   1700000E+02 -.1965E+07  .8992E+07   .9964621 -.0165828  .0823914
T  620  2 .3701893E+07   1700000E+02 -.4812E+06  .1396E+07   .9999302 -.0011264  .0117617
T  621  2 .3689336E+07   1700000E+02 -.7294E+06  .1966E+07   .9995831 -.0190537  .0216944
T  622  2 .3634758E+07   1700000E+02 -.2233E+07 -.1266E+06   .9999223 -.0101960 -.0071786
T  623  2 .3745516E+07   1700000E+02 -.7656E+06 -.9427E+06   .9998576 -.0133418 -.0103362
T  624  2 .3699124E+07   1700000E+02  .9469E+06 -.2762E+06   .9999282  .0116635 -.0027546
T  625  2 .3737222E+07   1700000E+02  .3237E+06  .9785E+06   .9999240  .0101227  .0070381
T  626  2 .3689647E+07   1700000E+02 -.8148E+06  .6629E+05   .9999545  .0000955  .0095428
T  627  2 .3662217E+07   1700000E+02  .9888E+06 -.6851E+06   .9997157  .0118366 -.0207001
T  628  2 .3723300E+07   1700000E+02  .6893E+06  .1346E+06   .9999726  .0041763  .0061139
T  629  2 .3758307E+07   1700000E+02 -.6755E+06 -.4764E+06   .9999442 -.0104855  .0012805
T  630  2 .3713953E+07   1700000E+02  .2642E+06 -.1230E+07   .9998983  .0135366 -.0044868
T  631  2 .3679090E+07   1700000E+02 -.1095E+07  .1633E+07   .9998266  .0088310  .0163917
T  632  2 .3767489E+07   1700000E+02 -.1450E+07 -.6627E+05   .9999823 -.0039486 -.0044484
T  633  2 .3723444E+07   1700000E+02  .1462E+07  .8680E+06   .9996996  .0189622  .0155266
T  634  2 .3685506E+07   1700000E+02  .6548E+06 -.2127E+06   .9999034  .0083898 -.0110850
T  635  2 .3727984E+07   1700000E+02  .3956E+06 -.6549E+05   .9999147  .0105678 -.0076693
T  636  2 .3710805E+07   1700000E+02  .2334E+06  .1590E+06   .9999982 -.0018935  .0001522
T  637  2 .3724316E+07   1700000E+02  .2625E+07  .9407E+06   .9993563  .0345842  .0095391
T  638  2 .3739513E+07   1700000E+02 -.5330E+06 -.2713E+07   .9998788  .0033905 -.0151934
T  639  2 .3694160E+07   1700000E+02 -.7192E+06 -.3715E+05   .9999032 -.0117370 -.0074752
T  640  2 .3761698E+07   1700000E+02 -.7654E+05  .6904E+06   .9999903  .0043407 -.0007513
T  641  2 .3600199E+07   1700000E+02 -.5871E+07  .4065E+08   .9701791 -.0403790  .2390021
T  642  2 .3722021E+07   1700000E+02  .1245E+07  .9153E+06   .9998472  .0071386  .0159581
T  643  2 .3697304E+07   1700000E+02 -.7159E+06 -.8113E+06   .9999208  .0124186  .0020579
T  644  2 .3706912E+07   1700000E+02 -.2092E+06 -.1227E+07   .9996750 -.0101939 -.0233653
T  645  2 .3754021E+07   1700000E+02 -.1263E+07  .2372E+07   .9999143 -.0115510  .0061633
T  646  2 .3696389E+07   1700000E+02  .2061E+07 -.1119E+07   .9999180  .0128027  .0000838
T  647  2 .3758252E+07   1700000E+02 -.1787E+06 -.8504E+05   .9998401  .0159289 -.0081240
T  648  2 .3726120E+07   1700000E+02  .8151E+06 -.1669E+07   .9995871  .0055243 -.0281977
T  649  2 .3729424E+07   1700000E+02 -.5463E+06  .1026E+07   .9993281 -.0174880  .0322118
T  650  2 .3750012E+07   1700000E+02 -.9506E+06  .1170E+07   .9997263 -.0170179  .0160559
T  651  2 .3743853E+07   1700000E+02 -.4245E+05  .7654E+06   .9999581  .0005983  .0091309
T  652  2 .3707816E+07   1700000E+02  .1492E+06 -.4708E+06   .9995700 -.0175537 -.0234895
T  653  2 .3761729E+07   1700000E+02 -.1830E+07  .2806E+07   .9997627 -.0173667  .0131538
T  654  2 .3656012E+07   1700000E+02  .1433E+07 -.8736E+06   .9998175  .0152867 -.0114568
T  655  2 .3683427E+07   1700000E+02  .2797E+06  .4537E+06   .9998269  .0025140  .0184328
T  656  2 .3701906E+07   1700000E+02  .7506E+06 -.5111E+06   .9998842 -.0019643 -.0150905
T  657  2 .3699215E+07   1700000E+02 -.2106E+06  .1188E+07   .9997503 -.0114347  .0191964
T  658  2 .3711193E+07   1700000E+02  .2576E+06  .3225E+06   .9999938  .0035071  .0000255
T  659  2 .3704574E+07   1700000E+02  .5480E+07 -.2586E+07   .9991075  .0400903 -.0133041
T  660  2 .3711682E+07   1700000E+02  .1587E+06  .1192E+07   .9999027  .0074739  .0117779
T  661  2 .3692468E+07   1700000E+02  .1394E+07 -.3976E+06   .9998204  .0184784 -.0042067
T  662  2 .3793227E+07   1700000E+02 -.1222E+07  .3624E+06   .9998191 -.0189814  .0012417
T  663  2 .3725403E+07   1700000E+02  .3934E+06 -.2836E+06   .9999687  .0018579 -.0076968
T  664  2 .3733782E+07   1700000E+02  .5464E+06 -.2393E+06   .9999840  .0051536 -.0023147
T  665  2 .3673091E+07   1700000E+02  .2998E+06 -.4031E+06   .9999385 -.0030359 -.0106668
T  666  2 .3677604E+07   1700000E+02 -.3211E+06  .5413E+05   .9998921 -.0143481 -.0031374
T  667  2 .3753898E+07   1700000E+02 -.7639E+06 -.1226E+07   .9996161 -.0251835 -.0115524
T  668  2 .3702965E+07   1700000E+02 -.6583E+06 -.2966E+06   .9999409  .0035745 -.0102627
T  669  2 .3728587E+07   1700000E+02 -.1998E+06 -.9638E+06   .9998424 -.0106695 -.0141911
T  670  2 .3715623E+07   1700000E+02 -.6712E+06 -.7281E+06   .9994806 -.0074296 -.0313567
T  671  2 .3706828E+07   1700000E+02  .1831E+06  .1172E+07   .9998600  .0044499  .0161320
T  672  2 .3716716E+07   1700000E+02 -.1591E+07  .2058E+07   .9998941 -.0116801  .0086790
T  673  2 .3710936E+07   1700000E+02  .7239E+06  .5047E+05   .9998863  .0149061 -.0022943
T  674  2 .3712867E+07   1700000E+02 -.5848E+06 -.1634E+07   .9999771  .0015724 -.0065851
T  675  2 .3756870E+07   1700000E+02  .1250E+07  .8628E+06   .9999239  .0122503 -.0014600
T  676  2 .3676237E+07   1700000E+02  .2737E+06 -.5354E+06   .9999763  .0030665  .0061651
T  677  2 .3653878E+07   1700000E+02  .7123E+06 -.6054E+06   .9973454  .0409887 -.0601834
T  678  2 .3744893E+07   1700000E+02  .1805E+07 -.7397E+06   .9997998  .0194415 -.0047277
T  679  2 .3745941E+07   1700000E+02 -.5233E+06 -.1739E+07   .9997264 -.0174578 -.0155664
T  680  2 .3698947E+07   1700000E+02  .3260E+07  .4854E+05   .9992986  .0374462  .0001101
T  681  2 .3672620E+07   1700000E+02 -.5908E+06  .1267E+07   .9998562 -.0124482  .0115147
T  682  2 .3709528E+07   1700000E+02 -.1599E+07  .9049E+06   .9998319 -.0182220  .0020220
T  683  2 .3734936E+07   1700000E+02 -.2293E+06  .1971E+06   .9999429 -.0105234 -.0018328
T  684  2 .3682960E+07   1700000E+02  .7436E+06 -.7631E+06   .9995506 -.0137788 -.0266235
T  685  2 .3770241E+07   1700000E+02 -.8632E+06  .3052E+04   .9999980 -.0009612  .0017391
T  686  2 .3698648E+07   1700000E+02 -.1871E+07  .2574E+06   .9998520 -.0169762  .0027993
T  687  2 .3759919E+07   1700000E+02 -.6021E+06  .1509E+07   .9999699 -.0068697 -.0036198
T  688  2 .3710289E+07   1700000E+02  .5400E+06 -.9896E+05   .9998141  .0191327 -.0023843
T  689  2 .3745018E+07   1700000E+02  .5978E+06  .4503E+06   .9999260  .0033191  .0116996
T  690  2 .3719600E+07   1700000E+02  .3776E+06  .7147E+06   .9997116  .0188581 -.0148682
T  691  2 .3758561E+07   1700000E+02  .7888E+06  .9772E+05   .9998788  .0118959  .0100472
T  692  2 .3703650E+07   1700000E+02  .1648E+07  .7255E+06   .9997816  .0183445  .0100066
T  693  2 .3678773E+07   1700000E+02 -.1837E+07  .6485E+06   .9998744 -.0156381  .0025946
T  694  2 .3683235E+07   1700000E+02 -.1453E+06  .1538E+07   .9998240 -.0111109  .0151177
T  695  2 .3708206E+07   1700000E+02  .8880E+06 -.3055E+07   .9997346  .0126412 -.0192618
T  696  2 .3656903E+07   1700000E+02 -.1136E+07 -.1003E+07   .9997609  .0023615 -.0217407
T  697  2 .3670932E+07   1700000E+02 -.1870E+06 -.5577E+06   .9992968 -.0049109 -.0371722
T  698  2 .3700249E+07   1700000E+02  .1882E+06  .8495E+06   .9999846 -.0023656  .0050238
T  699  2 .3694659E+07   1700000E+02 -.2422E+06 -.4276E+06   .9998385 -.0141991  .0110204
T  700  2 .3755562E+07   1700000E+02 -.1423E+07  .7223E+06   .9999333 -.0104067  .0050046
T  701  2 .3761922E+07   1700000E+02 -.4473E+06  .1007E+07   .9999478  .0079450  .0064169
T  702  2 .3709322E+07   1700000E+02 -.1053E+07  .1285E+07   .9996799 -.0180067  .0177716
T  703  2 .3688450E+07   1700000E+02  .2049E+07 -.1229E+07   .9997190  .0143106 -.0188996
T  704  2 .3735940E+07   1700000E+02 -.1114E+07 -.5341E+06   .9999463 -.0051180 -.0090085
T  705  2 .3691924E+07   1700000E+02 -.1276E+07 -.1397E+06   .9999323 -.0094508  .0067935
T  706  2 .3650874E+07   1700000E+02 -.9020E+06 -.1362E+06   .9999090 -.0129597 -.0037567
T  707  2 .3705776E+07   1700000E+02 -.5599E+05 -.2973E+05   .9999918  .0032236 -.0024673
T  708  2 .3696217E+07   1700000E+02 -.1754E+06 -.1018E+07   .9999688  .0072508 -.0031309
T  709  2 .3718300E+07   1700000E+02  .3757E+06 -.1254E+06   .9999946 -.0032068  .0006618
T  710  2 .3699383E+07   1700000E+02 -.6720E+06  .5090E+06   .9999270 -.0097131  .0071894
T  711  2 .3720220E+07   1700000E+02  .8956E+06  .2507E+06   .9998172 -.0014188  .0190690
T  712  2 .3733063E+07   1700000E+02 -.5681E+06  .5123E+06   .9999681  .0065183  .0046093
T  713  2 .3690934E+07   1700000E+02  .4786E+06  .8699E+06   .9997515  .0010922  .0222657
T  714  2 .3722385E+07   1700000E+02 -.5472E+06  .8787E+06   .9999319 -.0102812  .0055181
T  715  2 .3734828E+07   1700000E+02  .7749E+06  .1313E+07   .9996408  .0104050  .0246994
T  716  2 .3670646E+07   1700000E+02  .1758E+06  .3020E+06   .9999757  .0068554  .0012728
T  717  2 .3760603E+07   1700000E+02  .9208E+06 -.6354E+06   .9999386  .0040335 -.0103242
T  718  2 .3735354E+07   1700000E+02  .1673E+07  .7452E+06   .9998053  .0167254  .0104737
T  719  2 .3723096E+07   1700000E+02 -.5744E+06 -.8633E+06   .9998897 -.0018406 -.0147346
T  720  2 .3674099E+07   1700000E+02  .1224E+06  .7138E+06   .9999567 -.0069190  .0062200
T  721  2 .3692254E+07   1700000E+02  .1900E+07  .3186E+07   .9994034  .0219409  .0266724
T  722  2 .3733104E+07   1700000E+02 -.6953E+06 -.1185E+07   .9999756 -.0060746 -.0034590
T  723  2 .3717763E+07   1700000E+02 -.8849E+06  .2772E+07   .9994125 -.0175324  .0294503
T  724  2 .3696888E+07   1700000E+02  .9152E+06  .1217E+07   .9996969  .0053635  .0240260
T  725  2 .3775836E+07   1700000E+02 -.9576E+06  .1286E+07   .9997808 -.0123751  .0168864
T  726  2 .3756958E+07   1700000E+02 -.6426E+06  .1032E+06   .9999975  .0021778  .0004125
T  727  2 .3664888E+07   1700000E+02  .8780E+04  .5187E+06   .9999568 -.0085105  .0037470
T  728  2 .3725091E+07   1700000E+02  .6087E+06 -.9368E+06   .9998660  .0109469 -.0121725
T  729  2 .3735135E+07   1700000E+02  .1701E+07 -.1064E+07   .9998392  .0166817 -.0065860
T  730  2 .3706913E+07   1700000E+02 -.9761E+06  .3144E+07   .9991358 -.0112416  .0400161
T  731  2 .3739584E+07   1700000E+02 -.8923E+05  .8415E+06   .9999012 -.0116750  .0078296
T  732  2 .3747259E+07   1700000E+02  .2973E+06  .1540E+07   .9998305  .0049427  .0177365
T  733  2 .3706040E+07   1700000E+02 -.3974E+06 -.8361E+06   .9998792 -.0058483 -.0143974
T  734  2 .3708879E+07   1700000E+02 -.5639E+06 -.5308E+05   .9999744 -.0063186 -.0033522
T  735  2 .3757396E+07   1700000E+02 -.1559E+06 -.1791E+06   .9999955  .0027142 -.0013020
T  736  2 .3741396E+07   1700000E+02  .7560E+06 -.1676E+07   .9997434  .0059053 -.0218715
T  737  2 .3718893E+07   1700000E+02 -.9892E+05 -.1309E+07   .9995728  .0144769 -.0253912
T  738  2 .3682906E+07   1700000E+02 -.1188E+07 -.1451E+07   .9999765 -.0061023  .0031296
T  739  2 .3703169E+07   1700000E+02  .2477E+06  .2082E+06   .9999934 -.0010218  .0034775
T  740  2 .3756355E+07   1700000E+02  .5324E+06  .1521E+07   .9998439  .0118558  .0131026
T  741  2 .3700605E+07   1700000E+02  .1590E+07 -.1886E+06   .9999305  .0113648  .0031248
T  742  2 .3698345E+07   1700000E+02  .8281E+06  .1139E+07   .9999130 -.0104282  .0080755
T  743  2 .3774475E+07   1700000E+02  .1524E+07  .2206E+07   .9982154 -.0001634  .0597162
T  744  2 .3720453E+07   1700000E+02 -.3037E+07 -.1838E+07   .9989691 -.0359317 -.0277434
T  745  2 .3648164E+07   1700000E+02 -.1841E+06 -.7397E+05   .9999449  .0066302  .0081388
T  746  2 .3714426E+07   1700000E+02  .1702E+07  .7570E+06   .9998096  .0189284  .0047377
T  747  2 .3691396E+07   1700000E+02 -.1208E+07  .6183E+06   .9998984 -.0119431  .0077835
T  748  2 .3704149E+07   1700000E+02  .7684E+06  .2492E+06   .9998598  .0166276 -.0019685
T  749  2 .3704050E+07   1700000E+02 -.5955E+06  .1620E+07   .9997714  .0146159  .0156061
T  750  2 .3714987E+07   1700000E+02  .1752E+07  .2509E+07   .9996118  .0188415  .0205264
T  751  2 .3693046E+07   1700000E+02  .1770E+07  .2246E+07   .9994966  .0199166  .0246953
T  752  2 .3697142E+07   1700000E+02 -.8336E+06  .3960E+05   .9999396 -.0105947  .0029121
T  753  2 .3702466E+07   1700000E+02  .5528E+05 -.5768E+06   .9998734 -.0030197 -.0156226
T  754  2 .3745519E+07   1700000E+02 -.7999E+06 -.1221E+06   .9999541 -.0095652  .0005624
T  755  2 .3728100E+07   1700000E+02  .4486E+06 -.2281E+06   .9999261  .0121538  .0003186
T  756  2 .3665702E+07   1700000E+02 -.9579E+06  .9189E+06   .9996737 -.0188152  .0172749
T  757  2 .3697100E+07   1700000E+02  .2959E+07  .2977E+07   .9998456 -.0024723  .0173951
T  758  2 .3668513E+07   1700000E+02  .1393E+05 -.2574E+06   .9992980 -.0088233  .0364101
T  759  2 .3683395E+07   1700000E+02  .1071E+06 -.2012E+07   .9995422  .0021341 -.0301815
T  760  2 .3724482E+07   1700000E+02 -.2657E+07 -.7294E+06   .9996038 -.0264431 -.0096438
T  761  2 .3693068E+07   1700000E+02 -.5526E+06  .1052E+07   .9997288 -.0010614  .0232640
T  762  2 .3752655E+07   1700000E+02 -.4584E+06  .2774E+06   .9996792 -.0160864  .0195612
T  763  2 .3723293E+07   1700000E+02 -.1669E+07 -.5138E+06   .9998166 -.0127514 -.0142862
T  764  2 .3701282E+07   1700000E+02 -.3331E+06 -.9986E+06   .9998656 -.0154801  .0054019
T  765  2 .3692209E+07   1700000E+02  .1528E+07 -.3875E+07   .9993237  .0198717 -.0309399
T  766  2 .3718927E+07   1700000E+02 -.1660E+07 -.1778E+07   .9995617 -.0156346 -.0251375
T  767  2 .3677516E+07   1700000E+02  .2538E+06 -.1743E+06   .9999766 -.0052800  .0043469
T  768  2 .3713366E+07   1700000E+02  .7241E+06 -.6767E+06   .9997980  .0131398 -.0152084
T  769  2 .3714749E+07   1700000E+02  .6733E+06  .9329E+06   .9999797  .0036308  .0052306
T  770  2 .3718896E+07   1700000E+02 -.7354E+06  .1294E+07   .9996981 -.0070986  .0235232
T  771  2 .3733819E+07   1700000E+02 -.1853E+07 -.1062E+07   .9994593 -.0302507 -.0128828
T  772  2 .3647825E+07   1700000E+02 -.8902E+06 -.5620E+06   .9999440 -.0079826 -.0069480
T  773  2 .3718166E+07   1700000E+02  .5271E+06 -.2163E+06   .9999957  .0028629  .0006264
T  774  2 .3733442E+07   1700000E+02  .3691E+06  .2221E+07   .9997132  .0048861  .0234442
T  775  2 .3684630E+07   1700000E+02 -.8016E+06  .8454E+06   .9999553 -.0066292  .0067381
T  776  2 .3716041E+07   1700000E+02 -.1725E+07  .3764E+06   .9997144 -.0208614  .0116595
T  777  2 .3737406E+07   1700000E+02 -.1153E+07 -.3911E+06   .9999549 -.0082312 -.0047418
T  778  2 .3691361E+07   1700000E+02 -.8093E+06 -.2070E+07   .9999384 -.0095804 -.0055970
T  779  2 .3673761E+07   1700000E+02 -.8078E+06 -.1921E+07   .9999336 -.0106859 -.0043141
T  780  2 .3723701E+07   1700000E+02  .5164E+06  .4101E+06   .9999637  .0071546 -.0046164
T  781  2 .3718601E+07   1700000E+02 -.5084E+07  .6222E+07   .9936999 -.0733344  .0847500
T  782  2 .3697781E+07   1700000E+02 -.3256E+06 -.8911E+06   .9998064 -.0073108 -.0182676
T  783  2 .3756584E+07   1700000E+02  .1023E+07 -.7030E+06   .9998910  .0147593 -.0004466
T  784  2 .3694980E+07   1700000E+02  .1229E+07 -.1079E+06   .9999359  .0086189 -.0073450
T  785  2 .3678783E+07   1700000E+02 -.1830E+07  .6425E+05   .9998724 -.0112334 -.0113619
T  786  2 .3728633E+07   1700000E+02 -.1382E+07 -.5054E+06   .9997002 -.0233713 -.0072952
T  787  2 .3663635E+07   1700000E+02 -.1150E+06 -.5533E+06   .9999932  .0002429  .0036746
T  788  2 .3776421E+07   1700000E+02 -.6295E+06 -.4540E+06   .9999364 -.0109301  .0027713
T  789  2 .3721327E+07   1700000E+02  .8742E+06 -.3011E+06   .9998443  .0154352 -.0085488
T  790  2 .3692941E+07   1700000E+02  .1882E+07  .5051E+06   .9999269  .0120500 -.0010354
T  791  2 .3716223E+07   1700000E+02  .3802E+06  .2018E+07   .9998859  .0060783  .0138306
T  792  2 .3731775E+07   1700000E+02 -.7601E+06  .6198E+06   .9999534 -.0082180  .0050704
T  793  2 .3700841E+07   1700000E+02  .9544E+06  .1734E+07   .9997721  .0095562  .0190899
T  794  2 .3715519E+07   1700000E+02  .1419E+07 -.8113E+06   .9999029  .0130721 -.0048357
T  795  2 .3677693E+07   1700000E+02  .6062E+06 -.5936E+06   .9998811  .0077895 -.0133054
T  796  2 .3718215E+07   1700000E+02  .1651E+06  .5850E+06   .9999889 -.0025068  .0039950
T  797  2 .3715141E+07   1700000E+02  .2576E+06 -.9204E+05   .9999883  .0033801 -.0034604
T  798  2 .3726540E+07   1700000E+02 -.4287E+06 -.3920E+05   .9999846 -.0045609  .0031555
T  799  2 .3736508E+07   1700000E+02 -.3656E+06 -.2089E+07   .9997418  .0000947 -.0227246
T  800  2 .3695137E+07   1700000E+02 -.3183E+06  .1763E+07   .9997798  .0025798  .0208234
T  801  2 .3687531E+07   1700000E+02 -.2120E+07 -.2881E+07   .9987636 -.0282654 -.0408945
T  802  2 .3700345E+07   1700000E+02 -.7684E+07 -.2149E+07   .9966991 -.0769223 -.0259596
T  803  2 .3727881E+07   1700000E+02 -.1003E+06 -.1445E+06   .9999600  .0065419 -.0060980
T  804  2 .3760111E+07   1700000E+02 -.4624E+06  .6662E+06   .9998292 -.0030139  .0182335
T  805  2 .3695990E+07   1700000E+02 -.2927E+07  .1409E+07   .9997897 -.0152132 -.0137548
T  806  2 .3682981E+07   1700000E+02  .7301E+06  .4245E+06   .9998588  .0142414  .0089143
T  807  2 .3701853E+07   1700000E+02  .1156E+07 -.6961E+06   .9999602  .0061199 -.0064925
T  808  2 .3738891E+07   1700000E+02  .1101E+07 -.7931E+06   .9998668  .0077536 -.0143599
T  809  2 .3727496E+07   1700000E+02  .6783E+06 -.1962E+06   .9999878  .0041576 -.0026555
T  810  2 .3713300E+07   1700000E+02  .5274E+06 -.2862E+06   .9999779  .0054457  .0038157
T  811  2 .3684590E+07   1700000E+02  .5269E+06 -.7202E+04   .9998986  .0080058  .0117786
T  812  2 .3707797E+07   1700000E+02 -.1697E+07  .2235E+06   .9998948 -.0145033 -.0003515
T  813  2 .3725214E+07   1700000E+02 -.1370E+06 -.1330E+07   .9999093 -.0042157 -.0127947
T  814  2 .3734030E+07   1700000E+02  .6866E+06  .4971E+06   .9999354  .0050482  .0101840
T  815  2 .3639697E+07   1700000E+02 -.1910E+07  .1514E+07   .9991531 -.0280146  .0301360
T  816  2 .3714813E+07   1700000E+02 -.5252E+06 -.4958E+06   .9999621 -.0061412 -.0061697
T  817  2 .3697066E+07   1700000E+02  .7939E+05 -.7863E+06   .9999380 -.0020749 -.0109384
T  818  2 .3719760E+07   1700000E+02 -.1857E+07 -.3051E+06   .9997623 -.0207712  .0066252
T  819  2 .3763295E+07   1700000E+02  .6303E+07  .1562E+07   .9987561  .0461269  .0189337
T  820  2 .3717301E+07   1700000E+02  .1512E+06  .5491E+06   .9998740 -.0056077  .0148534
T  821  2 .3688689E+07   1700000E+02 -.1080E+07 -.1315E+07   .9997081 -.0021120 -.0240679
T  822  2 .3705012E+07   1700000E+02 -.1095E+07  .1244E+07   .9998023 -.0147229  .0133630
T  823  2 .3753523E+07   1700000E+02  .2118E+07 -.1500E+07   .9998008  .0185135 -.0074551
T  824  2 .3750828E+07   1700000E+02 -.2854E+06  .8222E+06   .9998929 -.0106445  .0100482
T  825  2 .3698893E+07   1700000E+02  .2249E+06 -.7404E+06   .9998197 -.0124398 -.0143443
T  826  2 .3672314E+07   1700000E+02  .1166E+07 -.5044E+06   .9996064  .0267243 -.0085407
T  827  2 .3744331E+07   1700000E+02  .3384E+07  .6575E+06   .9997022  .0243819 -.0010093
T  828  2 .3707813E+07   1700000E+02 -.9973E+06 -.1220E+07   .9999755 -.0069417  .0008474
T  829  2 .3739487E+07   1700000E+02 -.3476E+07 -.8694E+07   .9886945 -.0695523 -.1328369
T  830  2 .3682758E+07   1700000E+02  .2349E+07  .1774E+07   .9997038  .0191423  .0150297
T  831  2 .3757270E+07   1700000E+02 -.2248E+07 -.4459E+06   .9997851 -.0121982 -.0167605
T  832  2 .3768639E+07   1700000E+02 -.2093E+07  .1990E+07   .9997588 -.0219336 -.0010984
T  833  2 .3740728E+07   1700000E+02 -.6303E+06 -.1820E+06   .9999738 -.0014585 -.0070926
T  834  2 .3746488E+07   1700000E+02  .9465E+05  .1746E+06   .9999832  .0004262  .0057801
T  835  2 .3692319E+07   1700000E+02  .1714E+06  .3509E+06   .9999773 -.0038931  .0055024
T  836  2 .3737628E+07   1700000E+02  .3253E+05  .1004E+05   .9999143  .0112310  .0067266
T  837  2 .3732256E+07   1700000E+02 -.3824E+06  .6486E+06   .9999831 -.0024021  .0052973
T  838  2 .3625114E+07   1700000E+02  .3446E+07  .3811E+07   .9988889  .0210800  .0421487
T  839  2 .3689217E+07   1700000E+02  .9424E+06  .1608E+07   .9995180  .0159142  .0266538
T  840  2 .3676488E+07   1700000E+02  .3039E+06 -.1786E+06   .9993521  .0343749 -.0106606
T  841  2 .3736514E+07   1700000E+02  .9534E+06 -.4890E+06   .9998689 -.0010886 -.0161566
T  842  2 .3694520E+07   1700000E+02  .1672E+06 -.4111E+06   .9999685  .0013233  .0078311
T  843  2 .3731807E+07   1700000E+02  .3988E+06  .9665E+05   .9999795 -.0063392  .0008722
T  844  2 .3709392E+07   1700000E+02  .2522E+06 -.1283E+06   .9999365  .0093784  .0062414
T  845  2 .3718349E+07   1700000E+02  .8377E+06  .1339E+07   .9997899  .0159482  .0128749
T  846  2 .3725112E+07   1700000E+02  .5276E+06  .8515E+06   .9998814  .0079847  .0131697
T  847  2 .3698198E+07   1700000E+02  .1213E+07 -.3494E+07   .9983713 -.0029984 -.0569710
T  848  2 .3681327E+07   1700000E+02  .1442E+07  .1527E+07   .9998673 -.0155875  .0047370
T  849  2 .3685471E+07   1700000E+02  .6327E+06  .3371E+06   .9998993 -.0067571  .0124802
T  850  2 .3665657E+07   1700000E+02  .7755E+06  .2044E+07   .9997513 -.0090963  .0203615
T  851  2 .3701134E+07   1700000E+02  .1985E+06 -.1432E+07   .9997663 -.0075832 -.0202443
T  852  2 .3668916E+07   1700000E+02 -.8318E+06 -.2247E+06   .9999069 -.0128988  .0044490
T  853  2 .3730210E+07   1700000E+02 -.1530E+06 -.1380E+07   .9998092 -.0099994 -.0167801
T  854  2 .3736001E+07   1700000E+02 -.4946E+06 -.1519E+07   .9997697 -.0097366 -.0191269
T  855  2 .3667269E+07   1700000E+02  .1462E+06  .2164E+06   .9999783 -.0060045  .0027050
T  856  2 .3731415E+07   1700000E+02 -.7170E+06  .4297E+06   .9998855  .0020710  .0149904
T  857  2 .3690064E+07   1700000E+02  .6903E+06 -.7095E+06   .9999836  .0057026  .0004841
T  858  2 .3726306E+07   1700000E+02 -.1340E+07  .2799E+06   .9998747 -.0106162  .0117381
T  859  2 .3691210E+07   1700000E+02  .4585E+07  .4792E+06   .9994121  .0336133  .0067597
T  860  2 .3729422E+07   1700000E+02 -.7751E+06  .3425E+07   .9996315 -.0098864  .0252812
T  861  2 .3686316E+07   1700000E+02 -.1979E+07 -.3870E+06   .9998216 -.0121318 -.0144785
T  862  2 .3726273E+07   1700000E+02  .1291E+07 -.1544E+07   .9998602  .0070909 -.0151412
T  863  2 .3696302E+07   1700000E+02 -.1108E+06  .1088E+07   .9999794  .0045830  .0044882
T  864  2 .3749819E+07   1700000E+02  .4936E+06  .1566E+07   .9989895  .0409055  .0186206
T  865  2 .3712614E+07   1700000E+02  .4187E+06 -.9642E+06   .9998849  .0080784 -.0128426
T  866  2 .3694297E+07   1700000E+02  .2435E+06 -.2680E+06   .9999124  .0019549 -.0130943
T  867  2 .3669097E+07   1700000E+02 -.4358E+06  .2079E+06   .9999865 -.0018985  .0048368
T  868  2 .3717455E+07   1700000E+02 -.1408E+06 -.4497E+06   .9999712 -.0028859  .0070179
T  869  2 .3754713E+07   1700000E+02 -.3388E+06 -.1270E+06   .9998916  .0137455 -.0052740
T  870  2 .3649715E+07   1700000E+02  .5154E+05 -.1262E+07   .9999601  .0049567 -.0074306
T  871  2 .3729267E+07   1700000E+02  .6273E+06  .1132E+06   .9999011 -.0020757  .0139122
T  872  2 .3726198E+07   1700000E+02  .6269E+06 -.2287E+07   .9995651  .0008557 -.0294755
T  873  2 .3698979E+07   1700000E+02 -.7384E+06  .2214E+06   .9999751 -.0068734 -.0016007
T  874  2 .3698513E+07   1700000E+02 -.1241E+07 -.5837E+06   .9999582 -.0090904  .0010230
T  875  2 .3790161E+07   1700000E+02 -.1529E+06 -.1077E+07   .9999046  .0064940 -.0121901
T  876  2 .3743701E+07   1700000E+02  .9158E+06  .3976E+06   .9999175  .0117980  .0050826
T  877  2 .3742056E+07   1700000E+02  .1511E+07  .1426E+07   .9995721  .0134574  .0259716
T  878  2 .3732798E+07   1700000E+02 -.2136E+06 -.6122E+06   .9998955 -.0135344  .0050833
T  879  2 .3723389E+07   1700000E+02  .7856E+05 -.6136E+05   .9999637 -.0078279 -.0033625
T  880  2 .3692634E+07   1700000E+02 -.1777E+07 -.4852E+05   .9998721 -.0154488 -.0041418
T  881  2 .3678109E+07   1700000E+02  .1966E+06 -.1805E+07   .9998121 -.0076305 -.0178182
T  882  2 .3674695E+07   1700000E+02  .3973E+06  .1256E+06   .9998850  .0143138  .0050086
T  883  2 .3687565E+07   1700000E+02  .1572E+07  .1428E+06   .9996928  .0247796 -.0006034
T  884  2 .3717064E+07   1700000E+02 -.3583E+06 -.9587E+06   .9997909  .0008544 -.0204290
T  885  2 .3677104E+07   1700000E+02  .1180E+06 -.1658E+07   .9998941 -.0042283 -.0139236
T  886  2 .3714567E+07   1700000E+02 -.7828E+05 -.1078E+07   .9998740  .0015414 -.0157986
T  887  2 .3739123E+07   1700000E+02  .5159E+06 -.2689E+06   .9999991  .0007296  .0011174
T  888  2 .3706952E+07   1700000E+02  .2366E+07 -.3575E+06   .9997160  .0223705 -.0082104
T  889  2 .3722249E+07   1700000E+02 -.1049E+07  .1196E+06   .9998633 -.0157933  .0048855
T  890  2 .3704677E+07   1700000E+02  .1253E+07  .8114E+06   .9999411  .0094915  .0052669
T  891  2 .3738216E+07   1700000E+02 -.1008E+07 -.6613E+05   .9999451 -.0068485  .0079284
T  892  2 .3728886E+07   1700000E+02 -.1572E+07  .3511E+06   .9997132 -.0239406 -.0005195
T  893  2 .3737571E+07   1700000E+02  .5926E+06  .1530E+07   .9996416  .0106156  .0245742
T  894  2 .3727944E+07   1700000E+02 -.2271E+06  .3280E+05   .9999925  .0022583  .0031536
T  895  2 .3706283E+07   1700000E+02  .3077E+07  .1307E+07   .9994980  .0314780  .0035781
T  896  2 .3748128E+07   1700000E+02 -.9314E+06  .1266E+07   .9998225 -.0110051  .0152951
T  897  2 .3748912E+07   1700000E+02 -.9690E+06 -.7192E+06   .9999947 -.0007935 -.0031633
T  898  2 .3703995E+07   1700000E+02  .6400E+06  .5952E+06   .9999621  .0006010  .0086889
T  899  2 .3696480E+07   1700000E+02 -.6443E+05 -.3840E+06   .9999654 -.0062813  .0054526
T  900  2 .3725336E+07   1700000E+02 -.4915E+06  .3412E+06   .9999874 -.0049297  .0009498
T  901  2 .3701030E+07   1700000E+02 -.6283E+06 -.2012E+07   .9988430 -.0085903 -.0473173
T  902  2 .3717273E+07   1700000E+02 -.9059E+06 -.9357E+05   .9999248 -.0007026  .0122396
T  903  2 .3695900E+07   1700000E+02 -.9027E+06  .1951E+07   .9998245 -.0101660  .0157383
T  904  2 .3742769E+07   1700000E+02 -.2176E+07  .1680E+07   .9997198 -.0201381  .0124371
T  905  2 .3728810E+07   1700000E+02  .2246E+06  .1975E+07   .9999125  .0077984  .0106822
T  906  2 .3708754E+07   1700000E+02 -.1966E+06  .1064E+07   .9995186  .0172492  .0257865
T  907  2 .3681877E+07   1700000E+02 -.7757E+06  .4099E+06   .9999608 -.0009788  .0088032
T  908  2 .3673890E+07   1700000E+02  .1891E+07 -.9821E+05   .9998774  .0154223 -.0027000
T  909  2 .3708562E+07   1700000E+02  .3975E+06 -.1337E+06   .9999878  .0016907 -.0046361
T  910  2 .3694381E+07   1700000E+02  .3543E+06  .1884E+07   .9995501  .0090544  .0285933
T  911  2 .3693444E+07   1700000E+02  .1354E+07 -.2829E+06   .9999867  .0050105  .0012331
T  912  2 .3684911E+07   1700000E+02  .1175E+07  .9113E+06   .9998511  .0137074  .0104797
T  913  2 .3704199E+07   1700000E+02  .1751E+07 -.2523E+07   .9997281  .0199534 -.0120631
T  914  2 .3725061E+07   1700000E+02 -.5350E+06  .5970E+06   .9999830 -.0052490  .0025246
T  915  2 .3789333E+07   1700000E+02 -.1601E+07 -.8419E+06   .9998332 -.0182497 -.0006642
T  916  2 .3693046E+07   1700000E+02 -.1244E+07  .6562E+05   .9999661 -.0047598  .0067204
T  917  2 .3659043E+07   1700000E+02 -.1986E+07 -.2174E+07   .9996204 -.0227312 -.0155686
T  918  2 .3773873E+07   1700000E+02 -.3439E+06 -.3107E+06   .9999650 -.0064137 -.0053794
T  919  2 .3658133E+07   1700000E+02 -.1376E+07  .9393E+06   .9998164 -.0185389  .0048439
T  920  2 .3661662E+07   1700000E+02  .5391E+04  .2109E+06   .9999380  .0030397 -.0107078
T  921  2 .3678341E+07   1700000E+02 -.1132E+06 -.1460E+06   .9999782 -.0058319  .0031099
T  922  2 .3693033E+07   1700000E+02  .1466E+07 -.7427E+06   .9995514  .0110588 -.0278338
T  923  2 .3663823E+07   1700000E+02 -.3468E+07 -.1822E+07   .9998084 -.0097590 -.0169676
T  924  2 .3703357E+07   1700000E+02 -.5755E+06  .4073E+06   .9998078 -.0178505  .0081014
T  925  2 .3692731E+07   1700000E+02 -.2255E+06  .1508E+07   .9995924  .0101622  .0266792
T  926  2 .3729648E+07   1700000E+02 -.1179E+07 -.1359E+07   .9998491 -.0130879 -.0114187
T  927  2 .3687669E+07   1700000E+02 -.3667E+06  .8746E+06   .9999871 -.0040573  .0030408
T  928  2 .3737208E+07   1700000E+02 -.1568E+07 -.3152E+06   .9997627 -.0217772  .0004743
T  929  2 .3702090E+07   1700000E+02  .1519E+07 -.4949E+06   .9996430  .0257830 -.0070115
T  930  2 .3715068E+07   1700000E+02 -.5638E+06  .4896E+06   .9999872  .0014536  .0048381
T  931  2 .3759558E+07   1700000E+02 -.2242E+07  .1186E+07   .9997774 -.0207437  .0038561
T  932  2 .3711386E+07   1700000E+02 -.4069E+07  .6383E+07   .9965025 -.0533126  .0643473
T  933  2 .3665269E+07   1700000E+02  .9154E+06 -.9786E+06   .9996625  .0061251 -.0252443
T  934  2 .3730075E+07   1700000E+02  .5081E+05  .3040E+06   .9999633 -.0065575  .0055116
T  935  2 .3700647E+07   1700000E+02  .1071E+07  .1680E+07   .9996795  .0177673  .0180353
T  936  2 .3733322E+07   1700000E+02  .5296E+06 -.1785E+06   .9999944  .0018882  .0027566
T  937  2 .3755027E+07   1700000E+02  .1837E+07  .1229E+07   .9999134  .0102785  .0082146
T  938  2 .3697414E+07   1700000E+02 -.1032E+07 -.6833E+06   .9998661 -.0155121 -.0052050
T  939  2 .3736324E+07   1700000E+02  .1156E+07  .1723E+06   .9999521  .0097230  .0011071
T  940  2 .3682951E+07   1700000E+02  .6268E+06 -.9498E+06   .9997184  .0078583 -.0223909
T  941  2 .3672156E+07   1700000E+02 -.1761E+06  .8034E+04   .9999695 -.0078078 -.0001710
T  942  2 .3730098E+07   1700000E+02  .1052E+06 -.1159E+07   .9999956  .0023176 -.0018342
T  943  2 .3742360E+07   1700000E+02  .2628E+06  .9881E+06   .9999742 -.0018134  .0069460
T  944  2 .3747529E+07   1700000E+02 -.6068E+06  .6527E+06   .9996714 -.0234130  .0104348
T  945  2 .3717440E+07   1700000E+02 -.3463E+06 -.1176E+06   .9999167 -.0129049  .0002290
T  946  2 .3720561E+07   1700000E+02 -.1427E+07 -.1161E+07   .9999013 -.0140465 -.0002597
T  947  2 .3722407E+07   1700000E+02  .2728E+06  .7398E+05   .9999905 -.0032365 -.0029324
T  948  2 .3734994E+07   1700000E+02  .4668E+06  .2561E+06   .9998110  .0140474  .0134399
T  949  2 .3743407E+07   1700000E+02  .2641E+06 -.1897E+07   .9998136  .0026610 -.0191214
T  950  2 .3665781E+07   1700000E+02 -.9179E+06  .8833E+06   .9998609 -.0152235  .0068087
T  951  2 .3699095E+07   1700000E+02  .1608E+06 -.3135E+06   .9999962 -.0027468 -.0000746
T  952  2 .3686162E+07   1700000E+02  .1324E+07 -.6752E+06   .9999804  .0051325 -.0035966
T  953  2 .3704327E+07   1700000E+02  .2845E+07 -.1210E+07   .9997076  .0230958 -.0071565
T  954  2 .3732846E+07   1700000E+02 -.9358E+06  .3153E+07   .9993499 -.0024868  .0359655
T  955  2 .3665251E+07   1700000E+02  .1107E+07  .9300E+06   .9999137  .0018778  .0129991
T  956  2 .3729557E+07   1700000E+02 -.1020E+07  .7747E+06   .9999503 -.0081681  .0057222
T  957  2 .3714537E+07   1700000E+02 -.4950E+06  .1225E+07   .9996508 -.0104566  .0242674
T  958  2 .3726264E+07   1700000E+02  .4771E+06  .1209E+05   .9999832  .0055616 -.0016467
T  959  2 .3714541E+07   1700000E+02 -.5749E+05 -.8363E+06   .9998062 -.0121905 -.0154561
T  960  2 .3695439E+07   1700000E+02  .1725E+07  .9056E+06   .9997717  .0201364  .0071397
T  961  2 .3713802E+07   1700000E+02  .1272E+07  .3907E+06   .9999047  .0101616 -.0093412
T  962  2 .3684711E+07   1700000E+02  .1728E+07 -.1398E+07   .9999111  .0118757 -.0060569
T  963  2 .3728974E+07   1700000E+02 -.1966E+07 -.1582E+07   .9998971 -.0109949 -.0092115
T  964  2 .3737936E+07   1700000E+02  .5766E+06  .1205E+07   .9994475  .0013439  .0332086
T  965  2 .3716416E+07   1700000E+02  .4680E+04  .3200E+06   .9999894  .0023991  .0039360
T  966  2 .3695022E+07   1700000E+02  .9743E+06 -.2258E+06   .9999269  .0090906 -.0079664
T  967  2 .3736749E+07   1700000E+02 -.6384E+07  .2643E+07   .9982779 -.0534115  .0242598
T  968  2 .3708873E+07   1700000E+02 -.7597E+05  .1084E+07   .9999724  .0004303  .0074233
T  969  2 .3714972E+07   1700000E+02  .2519E+05  .2129E+07   .9997637  .0120864  .0180666
T  970  2 .3713325E+07   1700000E+02 -.3335E+06  .1285E+07   .9999499 -.0097852 -.0021170
T  971  2 .3742333E+07   1700000E+02 -.1910E+07 -.2237E+07   .9998093 -.0061398 -.0185364
T  972  2 .3719966E+07   1700000E+02  .9871E+06  .5803E+06   .9999595  .0089884  .0004443
T  973  2 .3745743E+07   1700000E+02  .3892E+06 -.4330E+05   .9999816 -.0055260  .0025033
T  974  2 .3759669E+07   1700000E+02 -.1116E+07 -.1583E+07   .9998741 -.0114523 -.0109794
T  975  2 .3716207E+07   1700000E+02  .1452E+07  .2600E+06   .9999734  .0071958 -.0012323
T  976  2 .3701308E+07   1700000E+02  .1490E+07  .7599E+06   .9999209  .0064958 -.0107669
T  977  2 .3670663E+07   1700000E+02 -.1433E+05  .1662E+06   .9999812  .0007161 -.0060875
T  978  2 .3718870E+07   1700000E+02 -.5550E+06 -.9565E+06   .9997004  .0136523 -.0203139
T  979  2 .3728820E+07   1700000E+02 -.1707E+07  .3406E+05   .9996055 -.0252282 -.0123450
T  980  2 .3768765E+07   1700000E+02 -.2115E+06  .6397E+06   .9999959  .0028553  .0000376
T  981  2 .3702976E+07   1700000E+02  .8573E+06 -.8011E+06   .9998811  .0148976  .0039786
T  982  2 .3754568E+07   1700000E+02  .5305E+06 -.5429E+06   .9999944  .0031450  .0011203
T  983  2 .3704766E+07   1700000E+02  .3226E+07 -.3541E+07   .9981374  .0434218 -.0428511
T  984  2 .3694089E+07   1700000E+02  .3555E+06  .4840E+06   .9998891  .0147680 -.0019336
T  985  2 .3680186E+07   1700000E+02 -.2334E+06 -.1424E+07   .9999605 -.0049602 -.0073688
T  986  2 .3756517E+07   1700000E+02 -.8801E+06  .2768E+07   .9995571 -.0166863  .0246427
T  987  2 .3705103E+07   1700000E+02  .2011E+06 -.1081E+07   .9999421  .0090711 -.0057883
T  988  2 .3745100E+07   1700000E+02  .1333E+07 -.6062E+05   .9999442  .0084055  .0063910
T  989  2 .3782751E+07   1700000E+02 -.9463E+06 -.9413E+06   .9999733 -.0052494 -.0050837
T  990  2 .3742378E+07   1700000E+02  .8655E+06 -.1001E+07   .9995836  .0063979 -.0281378
T  991  2 .3747240E+07   1700000E+02  .1751E+07  .2272E+07   .9996842  .0158349  .0195152
T  992  2 .3752266E+07   1700000E+02  .1108E+07 -.4503E+06   .9999424  .0076712  .0075006
T  993  2 .3683470E+07   1700000E+02  .5383E+06 -.4286E+06   .9999586  .0080758 -.0041959
T  994  2 .3667471E+07   1700000E+02  .1945E+06  .1824E+06   .9999621 -.0013245  .0086002
T  995  2 .3683503E+07   1700000E+02  .2660E+07 -.7196E+06   .9997535  .0218382 -.0040000
T  996  2 .3708896E+07   1700000E+02  .7582E+06  .1121E+07   .9999947  .0031110  .0009743
T  997  2 .3705982E+07   1700000E+02 -.7802E+0