============================== SRIM-2008.04 ==============================
==============================================================================
===== TRIMOUT.txt: File of Transmitted / Backscattered / Sputtered Atoms =====
=  This file tabulates the kinetics of ions or atoms leaving the target.     =
=  Column #1: S= Sputtered Atom, B= Backscattered Ion, T= Transmitted Ion.   =
=  Col.#2: Ion Number, Col.#3: Z of atom leaving, Col.#4: Atom energy (eV).  =
=  Col.#5-7: Last location:  X= Depth into target, Y,Z= Transverse axes.     =
=  Col.#8-10: Cosines of final trajectory.                                   =
= *** This data file is in the same format as TRIM.DAT (see manual for uses).=
====== TRIM Calc.= He(5.48 MeV) ==> Layer 1(  12 um) =========================
 Ion  Atom   Energy        Depth       Lateral-Position        Atom Direction      
 Numb Numb    (eV)          X(A)        Y(A)       Z(A)      Cos(X)  Cos(Y) Cos(Z) 
T    1  2 .3392011E+07   1200007E-01 -.1094E+04 -.9430E+03   .9995983 -.0196202 -.0204501
T    2  2 .3471034E+07   1200025E-01  .6092E+03 -.5475E+02   .9999358  .0112920 -.0009230
T    3  2 .3336269E+07   1200019E-01  .1069E+04  .2285E+03   .9998921  .0112838 -.0094004
T    4  2 .3388552E+07   1200002E-01  .6988E+03 -.3808E+02   .9997226  .0211781  .0103075
T    5  2 .3323421E+07   1200022E-01 -.1321E+04 -.2115E+02   .9997960 -.0118958  .0163257
T    6  2 .3440743E+07   1200008E-01  .2673E+04 -.1730E+04   .9986462  .0357826 -.0377553
T    7  2 .3459556E+07   1200011E-01  .9648E+03  .6343E+03   .9996293  .0249897 -.0108083
T    8  2 .3381044E+07   1200007E-01  .3041E+03  .6065E+03   .9996051  .0136138  .0245811
T    9  2 .3442595E+07   1200016E-01 -.2228E+03 -.5638E+03   .9999481 -.0057480 -.0084108
T   10  2 .3453550E+07   1200006E-01  .6936E+03 -.9700E+03   .9997879 -.0056639 -.0197996
T   11  2 .3410472E+07   1200025E-01  .1069E+04 -.1877E+03   .9998969  .0087637  .0113744
T   12  2 .3448204E+07   1200013E-01 -.1093E+04  .4580E+03   .9998665 -.0132561 -.0095500
T   13  2 .3437625E+07   1200017E-01 -.2146E+03  .1180E+04   .9997902 -.0120290  .0165771
T   14  2 .3441947E+07   1200001E-01 -.2252E+04  .2214E+03   .9993682 -.0345414 -.0083752
T   15  2 .3381840E+07   1200024E-01  .2039E+04  .1587E+04   .9994318  .0236390  .0240267
T   16  2 .3349939E+07   1200003E-01 -.3823E+04  .2797E+04   .9939707 -.0841907  .0702439
T   17  2 .3400808E+07   1200004E-01 -.9810E+02  .1663E+04   .9997028 -.0048909  .0238834
T   18  2 .3419901E+07   1200019E-01 -.2986E+03  .8336E+03   .9999116  .0084934  .0102349
T   19  2 .3403325E+07   1200025E-01  .1645E+04 -.9502E+03   .9986966  .0405879 -.0309460
T   20  2 .3386078E+07   1200018E-01  .2261E+04 -.1570E+04   .9994305  .0198759 -.0272706
T   21  2 .3363562E+07   1200020E-01  .5422E+02 -.2705E+03   .9999948  .0000419  .0032135
T   22  2 .3422970E+07   1200000E-01 -.1139E+04 -.1592E+04   .9998392 -.0107934 -.0143227
T   23  2 .3383829E+07   1200001E-01  .1442E+02 -.9176E+03   .9999531 -.0016934 -.0095386
T   24  2 .3452573E+07   1200017E-01 -.2532E+04 -.3026E+04   .9976989 -.0571565 -.0364699
T   25  2 .3355284E+07   1200025E-01  .1242E+04 -.7793E+03   .9997793  .0066346 -.0199354
T   26  2 .3415480E+07   1200003E-01 -.1891E+03  .9111E+03   .9997840  .0074590  .0193980
T   27  2 .3360576E+07   1200002E-01  .1934E+04  .2969E+03   .9991842  .0305585  .0264038
T   28  2 .3324150E+07   1200011E-01 -.4040E+04  .3540E+03   .9992944 -.0345077  .0148276
T   29  2 .3392521E+07   1200013E-01 -.8666E+03  .5042E+03   .9998640 -.0001168  .0164887
T   30  2 .3397228E+07   1200002E-01  .5155E+03 -.2160E+03   .9998977  .0111539  .0089573
T   31  2 .3405575E+07   1200005E-01 -.5374E+03  .5161E+03   .9994809 -.0228280  .0227323
T   32  2 .3412155E+07   1200021E-01 -.1974E+04  .2153E+03   .9998734 -.0158407  .0014967
T   33  2 .3370569E+07   1200001E-01 -.3819E+03 -.3426E+03   .9998691 -.0096603  .0129797
T   34  2 .3365432E+07   1200024E-01  .3481E+04 -.4237E+03   .9984894  .0549134 -.0018684
T   35  2 .3407797E+07   1200024E-01  .2042E+04 -.2192E+03   .9995028  .0312842 -.0039290
T   36  2 .3397174E+07   1200014E-01  .2868E+04  .6706E+03   .9974088  .0680057  .0234699
T   37  2 .3432676E+07   1200022E-01 -.3253E+04 -.1125E+04   .9996483 -.0264631 -.0017031
T   38  2 .3402951E+07   1200025E-01  .2189E+03 -.9125E+03   .9999583  .0070369 -.0058275
T   39  2 .3421969E+07   1200021E-01 -.1367E+04  .5693E+03   .9996857 -.0209696  .0137394
T   40  2 .3427638E+07   1200019E-01  .5155E+03  .7331E+02   .9999076 -.0120708 -.0062491
T   41  2 .3430924E+07   1200025E-01 -.9111E+03  .1789E+04   .9996291 -.0213965  .0168461
T   42  2 .3444871E+07   1200024E-01 -.8512E+03  .4022E+04   .9977868 -.0242800  .0619038
T   43  2 .3415989E+07   1200019E-01  .4846E+03  .4893E+03   .9999933 -.0027338 -.0024179
T   44  2 .3395859E+07   1200012E-01  .2194E+03 -.2107E+04   .9992229  .0324038 -.0224414
T   45  2 .3394062E+07   1200003E-01 -.1938E+04  .5337E+03   .9995974 -.0208384  .0192568
T   46  2 .3401729E+07   1200019E-01 -.1020E+04  .6681E+02   .9999203 -.0041072 -.0119408
T   47  2 .3337825E+07   1200012E-01  .1590E+04 -.9273E+03   .9989186  .0436059 -.0161267
T   48  2 .3390095E+07   1200024E-01  .6013E+03 -.1003E+04   .9999395  .0095458 -.0054699
T   49  2 .3361810E+07   1200011E-01  .4558E+03  .1071E+04   .9998033  .0070990  .0185207
T   50  2 .3316088E+07   1200010E-01 -.1233E+04  .2191E+04   .9993252 -.0110652  .0350256
T   51  2 .3424480E+07   1200008E-01 -.2513E+04  .6582E+03   .9992000 -.0335633  .0217456
T   52  2 .3426782E+07   1200002E-01  .1442E+04  .1565E+04   .9994999  .0247948  .0196236
T   53  2 .3450551E+07   1200018E-01  .1053E+04  .5073E+03   .9997719  .0181572  .0112477
T   54  2 .3352944E+07   1200003E-01 -.2157E+04  .3455E+02   .9995649 -.0287270 -.0066884
T   55  2 .3407401E+07   1200024E-01 -.1057E+03  .9121E+03   .9999519 -.0077615  .0059922
T   56  2 .3308968E+07   1200008E-01  .2113E+04 -.8522E+03   .9996843  .0165298 -.0189227
T   57  2 .3371613E+07   1200017E-01  .9882E+04  .2532E+04   .9906119  .1358123  .0155944
T   58  2 .3388809E+07   1200014E-01 -.8220E+03 -.7943E+03   .9997764  .0162644  .0135141
T   59  2 .3391637E+07   1200022E-01 -.3953E+03 -.1057E+03   .9999358 -.0056169 -.0098441
T   60  2 .3473736E+07   1200000E-01 -.3951E+03 -.2779E+04   .9993675  .0002852 -.0355599
T   61  2 .3425798E+07   1200019E-01 -.1734E+04  .5880E+03   .9993247 -.0357710 -.0083984
T   62  2 .3418027E+07   1200025E-01  .5330E+03 -.7343E+03   .9998075  .0139835 -.0137627
T   63  2 .3399711E+07   1200019E-01 -.7641E+03 -.6293E+03   .9997591 -.0203417  .0082464
T   64  2 .3345175E+07   1200022E-01 -.2219E+04  .2120E+04   .9989093 -.0354886  .0303432
T   65  2 .3349195E+07   1200001E-01  .8134E+03 -.4260E+02   .9999401  .0103224 -.0036287
T   66  2 .3430399E+07   1200018E-01 -.3541E+03  .4432E+03   .9995208 -.0013310  .0309248
T   67  2 .3456897E+07   1200023E-01  .8149E+03 -.1178E+04   .9996647  .0180348 -.0185781
T   68  2 .3346565E+07   1200025E-01 -.1205E+04 -.1161E+04   .9998958  .0013165 -.0143760
T   69  2 .3392065E+07   1200000E-01  .9827E+02  .1168E+04   .9996440  .0218349  .0153320
T   70  2 .3488221E+07   1200002E-01  .1700E+04 -.2195E+04   .9989090  .0371134 -.0283438
T   71  2 .3423082E+07   1200020E-01 -.4933E+03  .2077E+02   .9998302 -.0173612  .0061837
T   72  2 .3398306E+07   1200001E-01  .8393E+03 -.2710E+02   .9994168  .0341403 -.0006546
T   73  2 .3425960E+07   1200014E-01 -.8950E+03  .3130E+03   .9999862 -.0001142 -.0052494
T   74  2 .3347941E+07   1200019E-01  .7401E+03  .8815E+03   .9999219 -.0124291  .0013118
T   75  2 .3368590E+07   1200003E-01  .1338E+04  .3707E+03   .9994059  .0341381  .0047292
T   76  2 .3435999E+07   1200003E-01 -.6533E+03 -.1323E+04   .9999365 -.0055897 -.0097844
T   77  2 .3382300E+07   1200012E-01 -.7944E+03 -.2403E+04   .9989688 -.0174563 -.0419121
T   78  2 .3380243E+07   1200001E-01  .1859E+02  .1220E+04   .9998569 -.0168713  .0012400
T   79  2 .3437403E+07   1200006E-01 -.2775E+03 -.1309E+04   .9999281  .0076883 -.0092036
T   80  2 .3340977E+07   1200025E-01 -.8545E+03  .1567E+04   .9998108 -.0094043  .0170298
T   81  2 .3424443E+07   1200022E-01  .8635E+02  .3264E+04   .9989031  .0268526  .0383597
T   82  2 .3345474E+07   1200004E-01  .1079E+04  .2109E+04   .9994838 -.0112305  .0301007
T   83  2 .3432353E+07   1200015E-01  .1449E+04 -.3377E+03   .9998495  .0090885 -.0147783
T   84  2 .3414979E+07   1200004E-01 -.1728E+04 -.8810E+03   .9998992 -.0141109 -.0015729
T   85  2 .3413021E+07   1200003E-01 -.1761E+04  .1432E+04   .9986101 -.0496776  .0176049
T   86  2 .3405558E+07   1200002E-01  .3884E+03 -.1920E+04   .9996571 -.0029121 -.0260234
T   87  2 .3429159E+07   1200004E-01  .8638E+02 -.4322E+03   .9999044 -.0069634 -.0119452
T   88  2 .3443609E+07   1200017E-01  .6671E+03  .2440E+03   .9999296  .0109724  .0045106
T   89  2 .3390081E+07   1200016E-01  .1393E+03  .1372E+04   .9996224  .0130191  .0241967
T   90  2 .3400760E+07   1200019E-01  .5957E+03 -.4056E+03   .9999796 -.0042668  .0047553
T   91  2 .3379411E+07   1200016E-01 -.6984E+04 -.5632E+03   .9978873 -.0632680 -.0147698
T   92  2 .3394445E+07   1200007E-01 -.1251E+04 -.4069E+03   .9997805 -.0191350 -.0085290
T   93  2 .3470575E+07   1200004E-01  .2965E+03 -.1341E+04   .9999077  .0033121 -.0131794
T   94  2 .3400924E+07   1200021E-01  .1275E+04 -.9396E+03   .9998778  .0156194 -.0007059
T   95  2 .3467160E+07   1200022E-01 -.5083E+03  .8090E+03   .9997524 -.0067594  .0212008
T   96  2 .3392833E+07   1200023E-01  .2236E+04 -.1673E+04   .9996698  .0256835  .0008538
T   97  2 .3356362E+07   1200004E-01  .1480E+04  .6970E+03   .9995092  .0304464 -.0073696
T   98  2 .3425725E+07   1200012E-01 -.1262E+04 -.1117E+04   .9991790 -.0321311 -.0246782
T   99  2 .3353659E+07   1200020E-01 -.1157E+04  .1395E+04   .9996444 -.0159879  .0213428
T  100  2 .3402684E+07   1200020E-01  .4604E+03 -.6986E+03   .9993169  .0096807 -.0356664
T  101  2 .3423377E+07   1200006E-01  .4322E+03  .7487E+03   .9997617  .0144053  .0164018
T  102  2 .3402905E+07   1200016E-01  .4702E+03  .6736E+03   .9999398  .0108520 -.0016042
T  103  2 .3351118E+07   1200010E-01 -.1636E+04 -.3719E+03   .9993984 -.0338337 -.0076278
T  104  2 .3368129E+07   1200015E-01  .2997E+04  .1571E+04   .9998735 -.0054733  .0149352
T  105  2 .3416164E+07   1200010E-01  .1442E+04  .1393E+04   .9999309  .0097053  .0066371
T  106  2 .3390944E+07   1200002E-01  .1241E+04 -.6463E+03   .9999169  .0128791  .0005428
T  107  2 .3381149E+07   1200025E-01  .2600E+04  .4647E+04   .9984659  .0342346  .0435172
T  108  2 .3379581E+07   1200013E-01  .4510E+03 -.2161E+04   .9996886 -.0037205 -.0246758
T  109  2 .3364941E+07   1200011E-01  .1170E+04 -.5510E+03   .9998122  .0065178  .0182503
T  110  2 .3348148E+07   1200006E-01 -.1334E+04 -.1389E+04   .9993717 -.0288231 -.0206276
T  111  2 .3426823E+07   1200024E-01 -.1540E+04 -.8079E+03   .9993842 -.0350278 -.0020815
T  112  2 .3350246E+07   1200014E-01  .1215E+04 -.2039E+04   .9997269  .0063205 -.0224970
T  113  2 .3392080E+07   1200015E-01  .1220E+04 -.7625E+03   .9999538  .0090430  .0032555
T  114  2 .3410293E+07   1200016E-01 -.6250E+03 -.1765E+04   .9995554 -.0104546 -.0279230
T  115  2 .3419775E+07   1200020E-01  .3411E+03  .2201E+04   .9984451  .0028723  .0556693
T  116  2 .3356361E+07   1200018E-01  .1677E+03 -.1786E+04   .9995757 -.0071292 -.0282427
T  117  2 .3417468E+07   1200016E-01  .2737E+04 -.1875E+03   .9986104  .0499907 -.0166820
T  118  2 .3412580E+07   1200020E-01 -.1274E+04 -.1360E+04   .9997289 -.0231636 -.0023558
T  119  2 .3410625E+07   1200024E-01  .1023E+04 -.3192E+04   .9992205 -.0039416 -.0392800
T  120  2 .3379309E+07   1200013E-01  .1427E+03 -.2472E+04   .9981645  .0565559 -.0216558
T  121  2 .3358807E+07   1200010E-01  .1051E+04 -.1156E+04   .9994304  .0277066 -.0192684
T  122  2 .3427610E+07   1200025E-01  .7601E+03  .2585E+03   .9991883  .0247681  .0317697
T  123  2 .3401127E+07   1200009E-01  .1626E+04 -.1024E+04   .9988464  .0327705 -.0350999
T  124  2 .3426337E+07   1200004E-01  .3778E+01 -.8830E+03   .9999993  .0001430  .0011464
T  125  2 .3352932E+07   1200015E-01  .2321E+04  .1145E+04   .9995743  .0035404  .0289583
T  126  2 .3411042E+07   1200011E-01  .6840E+03  .4926E+03   .9998944  .0144775 -.0012952
T  127  2 .3377465E+07   1200007E-01 -.4824E+03 -.3356E+03   .9997272 -.0218983 -.0081229
T  128  2 .3411733E+07   1200014E-01  .2149E+04  .5878E+03   .9990807  .0373820  .0209855
T  129  2 .3360051E+07   1200024E-01  .2281E+04 -.1674E+04   .9989583  .0310261 -.0334614
T  130  2 .3328213E+07   1200022E-01  .4557E+03 -.2670E+04   .9994973  .0041477 -.0314303
T  131  2 .3447149E+07   1200024E-01  .1144E+04  .1559E+03   .9996719  .0239003  .0092175
T  132  2 .3339211E+07   1200011E-01 -.1341E+04 -.1066E+04   .9999386 -.0080536 -.0076118
T  133  2 .3355768E+07   1200012E-01  .2309E+03 -.4863E+03   .9999171  .0056718 -.0115566
T  134  2 .3431257E+07   1200010E-01  .1849E+04  .2328E+03   .9997955  .0197392  .0043858
T  135  2 .3407607E+07   1200003E-01 -.3153E+03 -.4388E+03   .9998090  .0013639 -.0194943
T  136  2 .3440244E+07   1200023E-01 -.2063E+03  .3050E+04   .9968985 -.0242028  .0748845
T  137  2 .3429192E+07   1200020E-01  .3552E+03 -.1125E+04   .9997376  .0045986 -.0224392
T  138  2 .3405478E+07   1200013E-01 -.1987E+04  .2745E+03   .9995680 -.0263810 -.0129524
T  139  2 .3351821E+07   1200021E-01 -.2560E+03  .1776E+03   .9999399  .0032048  .0104802
T  140  2 .3363355E+07   1200003E-01  .2289E+03 -.8597E+03   .9998021 -.0056585 -.0190698
T  141  2 .3441340E+07   1200020E-01  .4173E+03  .1050E+04   .9999822 -.0058626  .0011187
T  142  2 .3449136E+07   1200021E-01 -.2663E+04 -.1681E+03   .9986722 -.0454580 -.0242378
T  143  2 .3393362E+07   1200018E-01  .1324E+04  .1082E+04   .9997751  .0124874  .0171393
T  144  2 .3363919E+07   1200013E-01  .1010E+04 -.7168E+03   .9998642  .0162706 -.0026255
T  145  2 .3487794E+07   1200020E-01  .1035E+03  .7263E+03   .9996007  .0000114  .0282557
T  146  2 .3425831E+07   1200002E-01 -.3856E+04 -.1429E+04   .9984226 -.0561151 -.0018223
T  147  2 .3435594E+07   1200000E-01  .2328E+04 -.2288E+04   .9999231  .0110528 -.0056234
T  148  2 .3356224E+07   1200018E-01  .7045E+02  .1053E+03   .9996374  .0261450  .0064389
T  149  2 .3311602E+07   1200018E-01 -.1847E+04 -.2550E+03   .9993333 -.0348057  .0110264
T  150  2 .3371621E+07   1200025E-01 -.1542E+03  .8000E+03   .9999059  .0022773  .0135285
T  151  2 .3369030E+07   1200020E-01  .4025E+04  .1725E+04   .9987249  .0450782  .0227274
T  152  2 .3362369E+07   1200004E-01  .1883E+03  .9470E+01   .9999840  .0047988 -.0030085
T  153  2 .3351678E+07   1200017E-01 -.1324E+04 -.9053E+03   .9978871 -.0210602 -.0614633
T  154  2 .3396643E+07   1200015E-01  .6861E+02  .2299E+04   .9992448 -.0105705  .0373911
T  155  2 .3388301E+07   1200017E-01  .4087E+03 -.1722E+04   .9998068 -.0146814 -.0130677
T  156  2 .3369810E+07   1200017E-01 -.4162E+03 -.1023E+04   .9989625 -.0276229 -.0362056
T  157  2 .3404118E+07   1200023E-01  .1530E+04 -.1765E+04   .9989585  .0352737 -.0289414
T  158  2 .3430104E+07   1200002E-01  .1693E+03 -.5544E+03   .9999641 -.0084186 -.0010043
T  159  2 .3389297E+07   1200014E-01  .3173E+03 -.5390E+03   .9997578 -.0050528  .0214185
T  160  2 .3374038E+07   1200018E-01 -.2698E+03  .1077E+04   .9998521  .0095069  .0143351
T  161  2 .3388379E+07   1200020E-01 -.8856E+03  .4780E+03   .9999584 -.0071923  .0056077
T  162  2 .3407725E+07   1200021E-01 -.6107E+03  .7869E+03   .9999361  .0032283  .0108313
T  163  2 .3395250E+07   1200017E-01 -.6188E+03  .6868E+03   .9996274 -.0260583  .0081313
T  164  2 .3322061E+07   1200002E-01 -.1385E+04  .1858E+04   .9997375 -.0187146  .0132202
T  165  2 .3391553E+07   1200017E-01 -.5982E+03  .8844E+03   .9999687  .0078730 -.0007414
T  166  2 .3412461E+07   1200012E-01  .3529E+04  .2338E+03   .9994308  .0328195 -.0078135
T  167  2 .3487980E+07   1200024E-01 -.1117E+03 -.8316E+03   .9999383  .0055812 -.0096047
T  168  2 .3404370E+07   1200025E-01  .1182E+03  .9155E+03   .9999166  .0057238  .0115748
T  169  2 .3432227E+07   1200007E-01 -.1987E+04  .2914E+04   .9996100 -.0042339  .0276013
T  170  2 .3397131E+07   1200023E-01  .8170E+03 -.1088E+04   .9997760  .0055679 -.0204184
T  171  2 .3436645E+07   1200024E-01  .3473E+03  .6659E+03   .9998455  .0114175  .0133618
T  172  2 .3465944E+07   1200022E-01  .4764E+03  .1271E+04   .9994366  .0041290  .0333070
T  173  2 .3413434E+07   1200001E-01  .5114E+03  .1835E+04   .9988433  .0022370  .0480323
T  174  2 .3384889E+07   1200007E-01  .6995E+03  .3616E+03   .9988551  .0432689 -.0204026
T  175  2 .3288714E+07   1200008E-01 -.1894E+04  .1130E+04   .9996153 -.0271884  .0054774
T  176  2 .3396323E+07   1200000E-01  .8721E+03 -.6015E+03   .9996817  .0001906 -.0252270
T  177  2 .3366138E+07   1200023E-01 -.3238E+03  .8049E+03   .9999594 -.0029384 -.0085181
T  178  2 .3450784E+07   1200005E-01  .1091E+03  .3337E+03   .9999700  .0025116  .0073255
T  179  2 .3389484E+07   1200014E-01  .1092E+04 -.3559E+03   .9991155  .0349451  .0233885
T  180  2 .3428717E+07   1200016E-01  .6079E+03  .1043E+04   .9997141  .0216383  .0101710
T  181  2 .3386090E+07   1200008E-01 -.2403E+03  .3205E+03   .9999495 -.0098482 -.0019942
T  182  2 .3422982E+07   1200020E-01  .1193E+03 -.1883E+04   .9985625  .0088585 -.0528621
T  183  2 .3363615E+07   1200013E-01 -.1305E+03  .2148E+03   .9999503  .0063845  .0076592
T  184  2 .3398742E+07   1200021E-01  .2826E+04 -.3513E+03   .9992335  .0380321 -.0092745
T  185  2 .3405735E+07   1200021E-01 -.1094E+04  .1166E+03   .9996462 -.0265202 -.0020476
T  186  2 .3375259E+07   1200017E-01  .1026E+04 -.3116E+04   .9994031  .0165251 -.0303381
T  187  2 .3371292E+07   1200003E-01 -.3355E+03 -.9366E+03   .9999454 -.0063646 -.0082824
T  188  2 .3391525E+07   1200006E-01 -.1450E+04  .3723E+04   .9980416 -.0174958  .0600573
T  189  2 .3354215E+07   1200019E-01  .1673E+04 -.2488E+02   .9996501  .0259929 -.0049001
T  190  2 .3383686E+07   1200012E-01  .1317E+03 -.6529E+03   .9999323  .0114862  .0018470
T  191  2 .3437579E+07   1200025E-01 -.4584E+02 -.1360E+04   .9993967 -.0020853 -.0346677
T  192  2 .3374607E+07   1200024E-01  .1720E+04 -.6625E+03   .9993116  .0367422 -.0051315
T  193  2 .3398825E+07   1200001E-01 -.1528E+04  .1782E+04   .9998828 -.0153033 -.0004292
T  194  2 .3424525E+07   1200019E-01 -.2895E+03 -.6988E+02   .9999540 -.0053465 -.0079580
T  195  2 .3448076E+07   1200024E-01  .2014E+04 -.3445E+02   .9993063  .0360760  .0092480
T  196  2 .3337837E+07   1200001E-01 -.1614E+04 -.6110E+03   .9997879 -.0134726 -.0155767
T  197  2 .3368677E+07   1200010E-01 -.1237E+04 -.1336E+04   .9994957 -.0316466 -.0026337
T  198  2 .3349975E+07   1200003E-01  .9418E+02  .1473E+04   .9998021 -.0127441  .0152758
T  199  2 .3436538E+07   1200016E-01  .1290E+04 -.2900E+02   .9995177  .0181775 -.0251786
T  200  2 .3333253E+07   1200005E-01  .1708E+02  .4853E+03   .9999453  .0104479  .0004583
T  201  2 .3409922E+07   1200004E-01 -.1529E+03  .2333E+04   .9994241 -.0080299  .0329681
T  202  2 .3307144E+07   1200017E-01  .2012E+03  .4678E+03   .9998898 -.0114465  .0094556
T  203  2 .3427087E+07   1200015E-01  .1056E+04 -.4765E+03   .9997005  .0241645 -.0038730
T  204  2 .3360309E+07   1200018E-01 -.1249E+04 -.6679E+03   .9987833 -.0471253 -.0145320
T  205  2 .3363972E+07   1200010E-01  .1131E+03  .6165E+03   .9999683  .0052345  .0060002
T  206  2 .3372146E+07   1200024E-01  .1761E+04 -.4335E+04   .9990476  .0400060 -.0174179
T  207  2 .3357574E+07   1200023E-01  .1596E+04 -.1274E+04   .9995104  .0186583 -.0251179
T  208  2 .3444235E+07   1200021E-01  .8803E+03 -.9407E+01   .9993887  .0331458  .0111126
T  209  2 .3448643E+07   1200014E-01  .2078E+04  .5475E+02   .9997834  .0207709 -.0013496
T  210  2 .3435856E+07   1200018E-01  .2030E+04  .3038E+04   .9983439  .0573187  .0049052
T  211  2 .3356048E+07   1200018E-01 -.4780E+03  .6909E+03   .9995068 -.0208186  .0235085
T  212  2 .3410439E+07   1200016E-01  .9226E+03  .3830E+03   .9994888  .0288988  .0136762
T  213  2 .3410066E+07   1200011E-01  .2885E+03 -.1449E+04   .9985842  .0195317 -.0494785
T  214  2 .3452469E+07   1200006E-01 -.6587E+04 -.3351E+03   .9955355 -.0943719  .0017515
T  215  2 .3363491E+07   1200007E-01 -.1567E+04  .8037E+03   .9972566 -.0317309  .0668765
T  216  2 .3349156E+07   1200009E-01 -.3020E+04  .7193E+04   .9874552 -.0750675  .1389140
T  217  2 .3450173E+07   1200017E-01  .1264E+04 -.1058E+04   .9996029  .0210249 -.0187617
T  218  2 .3371225E+07   1200020E-01  .1749E+04  .1116E+04   .9991819  .0383604  .0128078
T  219  2 .3355037E+07   1200023E-01  .1200E+03 -.1770E+04   .9994646  .0037791 -.0325004
T  220  2 .3385988E+07   1200021E-01 -.8183E+03  .7435E+03   .9992291 -.0296723  .0257061
T  221  2 .3411197E+07   1200025E-01 -.1189E+04 -.8661E+03   .9999189  .0069443 -.0106796
T  222  2 .3428928E+07   1200016E-01  .1028E+04  .9677E+03   .9998942  .0026027  .0143098
T  223  2 .3389660E+07   1200013E-01 -.1005E+04  .1685E+04   .9990371 -.0430867  .0082756
T  224  2 .3344977E+07   1200017E-01  .1721E+04  .1285E+04   .9997276  .0229274  .0043645
T  225  2 .3448829E+07   1200020E-01 -.6086E+02 -.1359E+04   .9997579 -.0000477 -.0220027
T  226  2 .3398978E+07   1200021E-01  .9208E+03 -.1207E+04   .9998069  .0131186 -.0146331
T  227  2 .3380290E+07   1200018E-01 -.1400E+04 -.8641E+03   .9996120 -.0269892  .0068823
T  228  2 .3448572E+07   1200014E-01 -.1144E+04 -.9430E+03   .9985262 -.0083669 -.0536224
T  229  2 .3368514E+07   1200004E-01 -.7109E+02  .5360E+03   .9993973 -.0298471  .0177239
T  230  2 .3406782E+07   1200018E-01  .1117E+04  .8662E+03   .9983132  .0573006  .0093485
T  231  2 .3363332E+07   1200019E-01 -.3574E+03  .6697E+03   .9998457 -.0116124  .0131837
T  232  2 .3472266E+07   1200023E-01 -.9736E+03  .2223E+04   .9997432  .0205368  .0095810
T  233  2 .3398463E+07   1200015E-01  .9605E+03  .2233E+03   .9999629  .0075145  .0042194
T  234  2 .3413621E+07   1200013E-01 -.1375E+03  .9311E+02   .9999855  .0018985 -.0050377
T  235  2 .3405508E+07   1200000E-01  .1162E+04 -.5439E+03   .9997715  .0206595 -.0054898
T  236  2 .3398341E+07   1200010E-01 -.5680E+02 -.1118E+04   .9999673  .0039614 -.0070561
T  237  2 .3405098E+07   1200000E-01  .2351E+04 -.2124E+04   .9995215  .0264879 -.0159767
T  238  2 .3341330E+07   1200010E-01 -.9947E+03 -.4885E+03   .9996194 -.0260530 -.0090705
T  239  2 .3394895E+07   1200020E-01 -.2122E+04 -.8030E+03   .9990356 -.0420045 -.0127895
T  240  2 .3324673E+07   1200004E-01 -.2385E+04 -.6581E+03   .9993099 -.0361729  .0084359
T  241  2 .3353211E+07   1200024E-01 -.2389E+04  .1702E+04   .9991237 -.0412263  .0072263
T  242  2 .3377000E+07   1200018E-01  .2472E+03 -.1114E+04   .9996009  .0232752 -.0160122
T  243  2 .3419436E+07   1200010E-01 -.2880E+04  .2960E+04   .9991155 -.0060806  .0416075
T  244  2 .3367909E+07   1200013E-01  .1301E+04 -.2269E+03   .9996970  .0213475 -.0122589
T  245  2 .3458588E+07   1200010E-01 -.1177E+04  .9496E+03   .9998515 -.0157415  .0070160
T  246  2 .3406476E+07   1200023E-01  .5232E+03  .1211E+04   .9999677  .0059738  .0053799
T  247  2 .3350872E+07   1200016E-01 -.1241E+04 -.1526E+04   .9998911 -.0139212  .0048949
T  248  2 .3422357E+07   1200020E-01  .7825E+03  .4933E+03   .9997420  .0196437  .0114010
T  249  2 .3382211E+07   1200025E-01  .1130E+04 -.2246E+04   .9984978  .0189344 -.0514159
T  250  2 .3323684E+07   1200019E-01  .9743E+03 -.3585E+03   .9998939  .0145140 -.0012559
T  251  2 .3348420E+07   1200019E-01  .4132E+02  .1359E+04   .9999386  .0071298  .0084870
T  252  2 .3400820E+07   1200023E-01  .2199E+03  .1398E+04   .9995349  .0247237  .0178503
T  253  2 .3398628E+07   1200021E-01  .1416E+04 -.4356E+03   .9992833  .0373715 -.0060220
T  254  2 .3460901E+07   1200010E-01  .2323E+04  .4602E+03   .9997664  .0211333  .0045240
T  255  2 .3373597E+07   1200009E-01  .1041E+04 -.4099E+03   .9998197  .0174945 -.0073843
T  256  2 .3423681E+07   1200004E-01 -.1381E+04  .4289E+03   .9990976 -.0344601 -.0248283
T  257  2 .3385491E+07   1200009E-01  .7348E+03  .1123E+04   .9994022 -.0034482  .0343995
T  258  2 .3398797E+07   1200005E-01 -.5986E+04  .5429E+04   .9947449 -.0692508  .0754121
T  259  2 .3364385E+07   1200024E-01  .2020E+03 -.2523E+04   .9990144  .0115875 -.0428477
T  260  2 .3387669E+07   1200001E-01 -.7106E+03 -.9765E+03   .9995520 -.0178534 -.0240222
T  261  2 .3451249E+07   1200017E-01  .5204E+03 -.4044E+03   .9999982  .0016176 -.0009695
T  262  2 .3424970E+07   1200017E-01 -.1870E+04 -.5360E+03   .9983538 -.0494614 -.0290405
T  263  2 .3436980E+07   1200022E-01 -.9869E+03  .2535E+04   .9993137 -.0060920  .0365382
T  264  2 .3356451E+07   1200004E-01 -.2008E+01  .6733E+03   .9999851  .0026210  .0047794
T  265  2 .3366890E+07   1200013E-01 -.4808E+03  .9885E+03   .9999550  .0014958  .0093689
T  266  2 .3475723E+07   1200023E-01 -.9306E+03  .6715E+03   .9997101 -.0122158  .0207482
T  267  2 .3326115E+07   1200022E-01 -.2661E+03  .5058E+03   .9998063 -.0097697  .0170884
T  268  2 .3449311E+07   1200002E-01 -.6484E+03  .2869E+03   .9999790  .0021224 -.0061247
T  269  2 .3440198E+07   1200015E-01 -.1267E+03 -.2575E+03   .9996329  .0256745 -.0086574
T  270  2 .3447412E+07   1200021E-01 -.8432E+03  .2463E+02   .9999889 -.0046812  .0004395
T  271  2 .3397374E+07   1200018E-01  .4021E+02  .2240E+04   .9987179 -.0184760  .0471305
T  272  2 .3418771E+07   1200021E-01 -.1403E+03  .1522E+03   .9998493 -.0152624  .0082678
T  273  2 .3438229E+07   1200024E-01 -.6926E+03 -.9286E+03   .9997868 -.0117571 -.0169742
T  274  2 .3414980E+07   1200012E-01  .2569E+04 -.1106E+04   .9997529  .0136813 -.0175207
T  275  2 .3423246E+07   1200025E-01 -.4965E+02  .1036E+03   .9999237 -.0004093 -.0123462
T  276  2 .3400547E+07   1200010E-01 -.4265E+03 -.5775E+03   .9999617  .0018567 -.0085472
T  277  2 .3356681E+07   1200012E-01  .1775E+03 -.1614E+03   .9999804 -.0001964 -.0062603
T  278  2 .3329596E+07   1200005E-01  .1373E+04  .1563E+04   .9997131  .0133936  .0198572
T  279  2 .3432345E+07   1200017E-01 -.4404E+03  .3323E+04   .9968631 -.0255878  .0748944
T  280  2 .3390485E+07   1200009E-01  .1048E+04 -.1814E+04   .9998569  .0071933 -.0153115
T  281  2 .3478032E+07   1200000E-01  .1536E+04 -.5191E+01   .9997545  .0220052 -.0025908
T  282  2 .3462593E+07   1200022E-01 -.2133E+04  .1106E+04   .9997731 -.0170242  .0128013
T  283  2 .3375982E+07   1200011E-01 -.1177E+04  .1423E+04   .9997276 -.0068081  .0223255
T  284  2 .3401819E+07   1200008E-01 -.3255E+04 -.4172E+04   .9986148 -.0337021 -.0404050
T  285  2 .3399988E+07   1200011E-01  .6053E+03 -.7696E+02   .9998747 -.0019138 -.0157162
T  286  2 .3398889E+07   1200016E-01  .2036E+04 -.1774E+04   .9994959  .0222134 -.0226823
T  287  2 .3388178E+07   1200013E-01 -.2994E+03 -.6410E+03   .9999676 -.0080448  .0001577
T  288  2 .3406575E+07   1200008E-01 -.2703E+04  .9726E+03   .9992493 -.0328288  .0205696
T  289  2 .3431403E+07   1200024E-01  .1011E+04 -.2897E+04   .9994957 -.0061869 -.0311448
T  290  2 .3378743E+07   1200025E-01  .1379E+04  .6575E+03   .9994511  .0175350  .0281059
T  291  2 .3349614E+07   1200000E-01  .1193E+04 -.3293E+03   .9997408 -.0015749  .0227117
T  292  2 .3472043E+07   1200010E-01 -.1153E+03  .2330E+04   .9991939 -.0041750  .0399262
T  293  2 .3382433E+07   1200002E-01 -.1262E+04  .3589E+03   .9999515 -.0081589  .0055080
T  294  2 .3346513E+07   1200019E-01  .8652E+03 -.9198E+03   .9999709  .0040591 -.0064547
T  295  2 .3357194E+07   1200025E-01  .4939E+03  .6749E+03   .9999403  .0009137  .0108840
T  296  2 .3400140E+07   1200009E-01 -.1525E+02  .1154E+04   .9996454  .0230039  .0134104
T  297  2 .3373656E+07   1200009E-01 -.7833E+03 -.1278E+04   .9997833 -.0186161 -.0093215
T  298  2 .3391105E+07   1200022E-01  .1425E+04  .1891E+04   .9995132  .0176889  .0256996
T  299  2 .3371691E+07   1200004E-01  .2034E+02 -.1429E+03   .9999288 -.0042035 -.0111685
T  300  2 .3426222E+07   1200025E-01 -.2181E+04 -.6119E+03   .9987128 -.0442044 -.0248742
T  301  2 .3320573E+07   1200025E-01 -.1232E+04 -.2958E+04   .9973262 -.0191444 -.0705263
T  302  2 .3434524E+07   1200008E-01 -.2287E+03 -.1707E+04   .9998647 -.0002604 -.0164464
T  303  2 .3454948E+07   1200002E-01  .1840E+04 -.1578E+04   .9997289  .0115086 -.0202398
T  304  2 .3370437E+07   1200012E-01  .1494E+04 -.2181E+03   .9994299  .0316953 -.0116321
T  305  2 .3415759E+07   1200023E-01  .6831E+02  .2946E+03   .9997280  .0122991  .0198170
T  306  2 .3393379E+07   1200023E-01  .1602E+04 -.1946E+04   .9986914  .0180319 -.0478578
T  307  2 .3381581E+07   1200018E-01 -.3063E+03  .4115E+03   .9999705 -.0047853  .0060035
T  308  2 .3350713E+07   1200023E-01  .3235E+03  .6585E+03   .9999767  .0067389  .0010537
T  309  2 .3408416E+07   1200019E-01  .9178E+03 -.1790E+04   .9998600  .0103999 -.0131091
T  310  2 .3418652E+07   1200013E-01  .9033E+03  .6528E+03   .9999247  .0082152  .0091120
T  311  2 .3465285E+07   1200024E-01  .2066E+03 -.1247E+04   .9998928 -.0146426  .0000987
T  312  2 .3453471E+07   1200025E-01 -.1861E+04 -.5180E+03   .9996723 -.0246646 -.0068518
T  313  2 .3372331E+07   1200023E-01 -.2235E+04  .2151E+04   .9987786 -.0413779  .0270038
T  314  2 .3401955E+07   1200011E-01 -.5652E+03 -.1995E+04   .9997099  .0143223 -.0193628
T  315  2 .3418436E+07   1200009E-01  .1250E+04 -.1314E+03   .9999678  .0045849 -.0065864
T  316  2 .3403146E+07   1200006E-01  .1596E+03  .9395E+02   .9999876  .0043485  .0024459
T  317  2 .3373155E+07   1200011E-01  .5924E+03  .8856E+02   .9996784  .0173594  .0184856
T  318  2 .3439264E+07   1200025E-01 -.2181E+04  .4686E+03   .9985548 -.0532147  .0075161
T  319  2 .3419354E+07   1200022E-01 -.1582E+04 -.8050E+03   .9996345 -.0192704 -.0189585
T  320  2 .3384754E+07   1200004E-01  .4487E+03 -.1132E+04   .9999292 -.0097112 -.0068741
T  321  2 .3420830E+07   1200012E-01 -.1220E+04  .1899E+02   .9998687 -.0032843  .0158681
T  322  2 .3397163E+07   1200025E-01  .1686E+04  .1825E+04   .9999980 -.0006527 -.0018734
T  323  2 .3432464E+07   1200002E-01  .1221E+04  .1493E+04   .9995172  .0189384  .0246306
T  324  2 .3387361E+07   1200022E-01 -.6575E+03 -.2180E+04   .9997693  .0032767 -.0212276
T  325  2 .3424197E+07   1200009E-01 -.1791E+04 -.1354E+04   .9993564 -.0344305 -.0100677
T  326  2 .3404178E+07   1200006E-01 -.2156E+04 -.1984E+04   .9992410 -.0246581 -.0301552
T  327  2 .3414751E+07   1200025E-01  .2720E+03  .1187E+04   .9998277 -.0107912 -.0151065
T  328  2 .3305099E+07   1200012E-01  .1134E+02  .1402E+04   .9991794  .0345784  .0210931
T  329  2 .3411347E+07   1200022E-01 -.6334E+02 -.9530E+03   .9997765 -.0040347 -.0207519
T  330  2 .3418153E+07   1200020E-01 -.1842E+03 -.6023E+03   .9996490 -.0239295 -.0113710
T  331  2 .3423416E+07   1200019E-01 -.1410E+04 -.4299E+03   .9995246 -.0238885 -.0194926
T  332  2 .3420206E+07   1200025E-01 -.7418E+03 -.4287E+03   .9999448  .0088655  .0056412
T  333  2 .3388383E+07   1200000E-01  .8842E+03 -.3992E+03   .9997404  .0172822 -.0148469
T  334  2 .3328620E+07   1200017E-01 -.1551E+02  .1853E+04   .9996599  .0204380 -.0161998
T  335  2 .3370932E+07   1200008E-01 -.1151E+04  .1709E+04   .9996249 -.0189034  .0198163
T  336  2 .3368912E+07   1200019E-01  .1973E+04 -.7273E+03   .9997383  .0220581 -.0060683
T  337  2 .3407271E+07   1200015E-01  .5284E+03 -.2953E+04   .9997603  .0089062 -.0200002
T  338  2 .3423681E+07   1200005E-01 -.1540E+03 -.3902E+03   .9993541 -.0356714 -.0043596
T  339  2 .3426040E+07   1200006E-01 -.4050E+03 -.7208E+03   .9999983 -.0013084 -.0013104
T  340  2 .3346179E+07   1200007E-01  .7431E+03 -.2925E+03   .9999984 -.0006873  .0016787
T  341  2 .3417746E+07   1200023E-01 -.4899E+04  .8045E+04   .9957422 -.0298147  .0872268
T  342  2 .3375925E+07   1200021E-01  .1992E+04  .2106E+04   .9995762  .0136220  .0257271
T  343  2 .3377055E+07   1200000E-01 -.1097E+04 -.3685E+03   .9999029 -.0104961 -.0091713
T  344  2 .3358380E+07   1200017E-01  .4380E+03 -.1656E+04   .9994218 -.0087685 -.0328508
T  345  2 .3393590E+07   1200012E-01  .6912E+03 -.1448E+03   .9998879  .0091557 -.0118497
T  346  2 .3405897E+07   1200023E-01  .8280E+03 -.7894E+03   .9993362  .0335898 -.0141041
T  347  2 .3358502E+07   1200011E-01 -.4614E+03  .9705E+03   .9988814 -.0381758  .0279021
T  348  2 .3349661E+07   1200004E-01 -.4008E+04 -.2315E+04   .9957958 -.0707932 -.0581300
T  349  2 .3334545E+07   1200017E-01 -.3152E+03 -.7107E+02   .9997599  .0198467  .0092885
T  350  2 .3390148E+07   1200015E-01 -.1255E+04  .3309E+04   .9987261 -.0195742  .0465082
T  351  2 .3478078E+07   1200013E-01  .1118E+03 -.5783E+03   .9999778  .0049108 -.0044977
T  352  2 .3402770E+07   1200013E-01  .1223E+04 -.1161E+04   .9992213  .0256763 -.0299584
T  353  2 .3431419E+07   1200003E-01  .1238E+04 -.2162E+04   .9991997  .0153412 -.0369393
T  354  2 .3364046E+07   1200015E-01 -.4359E+04  .2059E+04   .9777115 -.2073145  .0331815
T  355  2 .3432334E+07   1200022E-01 -.4940E+02  .1648E+04   .9999505 -.0047954  .0087167
T  356  2 .3397272E+07   1200017E-01  .4428E+04 -.4789E+04   .9821620  .0932437 -.1632895
T  357  2 .3346310E+07   1200020E-01  .2737E+04  .3055E+04   .9989348  .0266391  .0376783
T  358  2 .3419990E+07   1200018E-01  .1163E+03 -.1523E+03   .9998898 -.0124097  .0081514
T  359  2 .3393302E+07   1200024E-01 -.2044E+04 -.2764E+04   .9996748 -.0224507 -.0120911
T  360  2 .3477063E+07   1200015E-01  .1437E+04 -.9929E+03   .9994512  .0265526 -.0198076
T  361  2 .3347911E+07   1200008E-01  .2712E+03  .1251E+04   .9997807 -.0193863  .0079218
T  362  2 .3378599E+07   1200024E-01  .1428E+04  .4898E+03   .9993015  .0337680  .0160052
T  363  2 .3413522E+07   1200020E-01 -.1768E+04 -.2042E+03   .9999822 -.0051711 -.0029722
T  364  2 .3361999E+07   1200014E-01  .6096E+03  .2620E+03   .9980050  .0628845 -.0056100
T  365  2 .3318290E+07   1200002E-01  .2540E+03 -.6417E+03   .9997666  .0084566 -.0198784
T  366  2 .3446391E+07   1200005E-01  .5450E+03  .7213E+02   .9999723 -.0029068 -.0068481
T  367  2 .3377670E+07   1200013E-01 -.4167E+02 -.1105E+04   .9998349  .0105454 -.0147989
T  368  2 .3431477E+07   1200015E-01 -.2703E+03 -.2170E+03   .9999925  .0008133  .0037837
T  369  2 .3377229E+07   1200014E-01  .2807E+04 -.1315E+04   .9985027  .0507594 -.0203937
T  370  2 .3413918E+07   1200014E-01 -.6311E+03  .3618E+03   .9998481  .0143680  .0098669
T  371  2 .3326754E+07   1200011E-01  .1234E+04  .1622E+04   .9993893  .0349439  .0000537
T  372  2 .3427952E+07   1200018E-01 -.1608E+04  .5949E+03   .9994960 -.0304398  .0090121
T  373  2 .3378980E+07   1200020E-01  .8045E+03  .3006E+03   .9951281  .0545514  .0821231
T  374  2 .3428240E+07   1200024E-01 -.2368E+04  .7807E+03   .9997332 -.0230942 -.0004639
T  375  2 .3417060E+07   1200017E-01  .1171E+03  .6164E+03   .9997190  .0133827  .0195639
T  376  2 .3394799E+07   1200021E-01 -.9856E+03 -.5491E+03   .9998144 -.0146402  .0125246
T  377  2 .3382613E+07   1200008E-01  .7223E+03  .1191E+04   .9998903  .0079939  .0124661
T  378  2 .3409350E+07   1200011E-01 -.6088E+03 -.9143E+03   .9996181 -.0251410 -.0114739
T  379  2 .3355553E+07   1200016E-01  .4658E+03  .2032E+04   .9996625  .0068582  .0250582
T  380  2 .3361215E+07   1200012E-01 -.8268E+04  .3382E+04   .9926559 -.1075185  .0554433
T  381  2 .3439084E+07   1200015E-01  .1802E+04 -.5445E+03   .9994382  .0290773 -.0166686
T  382  2 .3342800E+07   1200021E-01 -.4071E+04 -.1568E+04   .9994038 -.0335024 -.0083431
T  383  2 .3397232E+07   1200006E-01  .7038E+03 -.2269E+04   .9986261  .0133499 -.0506719
T  384  2 .3366071E+07   1200000E-01 -.2874E+04 -.2455E+03   .9992369 -.0343435  .0186045
T  385  2 .3379670E+07   1200021E-01  .6545E+03  .8473E+03   .9996310 -.0018677  .0270990
T  386  2 .3361021E+07   1200006E-01  .1195E+04 -.1364E+04   .9992356  .0221482 -.0322144
T  387  2 .3377952E+07   1200019E-01 -.1355E+04 -.2938E+03   .9999707  .0019978  .0073936
T  388  2 .3362851E+07   1200007E-01 -.6168E+03  .1118E+04   .9998406 -.0090176  .0154106
T  389  2 .3382299E+07   1200020E-01  .1289E+04  .3288E+03   .9999458  .0103924 -.0006287
T  390  2 .3379240E+07   1200005E-01 -.1050E+04  .5129E+03   .9998373 -.0180112 -.0009681
T  391  2 .3317423E+07   1200016E-01 -.6794E+03 -.4363E+03   .9997583 -.0017154  .0219188
T  392  2 .3447791E+07   1200024E-01 -.2988E+03  .6886E+03   .9999027 -.0131080  .0047807
T  393  2 .3333526E+07   1200003E-01 -.1333E+04 -.3619E+03   .9997987 -.0189281 -.0066478
T  394  2 .3446604E+07   1200008E-01 -.8280E+03 -.4796E+04   .9970823 -.0160594 -.0746262
T  395  2 .3404985E+07   1200021E-01 -.1947E+04 -.2497E+04   .9983226 -.0403385 -.0415306
T  396  2 .3348576E+07   1200007E-01  .1946E+04  .5426E+03   .9880389  .1024497 -.1152523
T  397  2 .3398788E+07   1200009E-01 -.5614E+03  .1969E+04   .9980087  .0014158  .0630598
T  398  2 .3379420E+07   1200016E-01 -.1731E+04  .1165E+04   .9992678 -.0276688  .0264239
T  399  2 .3392713E+07   1200025E-01 -.1360E+04  .2545E+03   .9999219 -.0096506  .0079362
T  400  2 .3358311E+07   1200004E-01  .7991E+03 -.1988E+04   .9995124  .0160029 -.0268129
T  401  2 .3408492E+07   1200003E-01  .1190E+03 -.4075E+03   .9999304  .0036898 -.0112061
T  402  2 .3368695E+07   1200001E-01 -.5679E+03  .2349E+03   .9994549 -.0297850 -.0142405
T  403  2 .3369963E+07   1200023E-01  .1202E+04 -.2073E+03   .9998994  .0095293  .0105084
T  404  2 .3364139E+07   1200002E-01  .2316E+03  .3648E+03   .9994916  .0273339  .0164161
T  405  2 .3399937E+07   1200023E-01  .1108E+03  .6642E+02   .9999939 -.0011821  .0032819
T  406  2 .3419138E+07   1200020E-01 -.8533E+03  .2139E+04   .9989072  .0154762  .0441020
T  407  2 .3432774E+07   1200024E-01  .5993E+03  .8933E+02   .9999861 -.0004234 -.0052511
T  408  2 .3389830E+07   1200024E-01  .2164E+03  .8123E+03   .9997785 -.0178536  .0111469
T  409  2 .3427283E+07   1200022E-01 -.1404E+04  .1662E+04   .9990436  .0205464  .0385958
T  410  2 .3394735E+07   1200005E-01 -.8973E+03  .5868E+03   .9999723 -.0053353 -.0051931
T  411  2 .3411676E+07   1200016E-01 -.2140E+04  .2009E+03   .9998782 -.0130754  .0085180
T  412  2 .3312797E+07   1200007E-01 -.7147E+03 -.7228E+02   .9997185 -.0190767 -.0141073
T  413  2 .3437950E+07   1200019E-01 -.1461E+04 -.3019E+02   .9995992 -.0272125  .0078023
T  414  2 .3436933E+07   1200011E-01 -.6765E+03  .7870E+03   .9997210 -.0054029  .0229960
T  415  2 .3471632E+07   1200022E-01 -.1005E+04  .1200E+04   .9999403 -.0041844  .0100951
T  416  2 .3362656E+07   1200012E-01 -.9161E+03  .9289E+03   .9999795 -.0042502 -.0047948
T  417  2 .3439827E+07   1200022E-01  .1227E+04 -.4153E+03   .9999654  .0082233  .0012348
T  418  2 .3435387E+07   1200021E-01 -.2391E+04 -.2604E+04   .9989271 -.0329587 -.0325341
T  419  2 .3421497E+07   1200005E-01  .8828E+03  .2891E+03   .9997768  .0020781  .0210244
T  420  2 .3322346E+07   1200015E-01 -.2531E+03  .6763E+03   .9998581 -.0105585  .0131245
T  421  2 .3473621E+07   1200018E-01  .2205E+04 -.9065E+02   .9995384  .0303627  .0010281
T  422  2 .3468857E+07   1200021E-01 -.4492E+03 -.1206E+03   .9998056 -.0194911  .0029777
T  423  2 .3386195E+07   1200001E-01 -.5125E+02 -.5957E+03   .9998873 -.0140749 -.0052282
T  424  2 .3353305E+07   1200000E-01 -.2508E+02 -.1777E+02   .9999207  .0118228 -.0043427
T  425  2 .3338001E+07   1200016E-01  .6097E+04  .4438E+04   .9977760  .0358237  .0562114
T  426  2 .3361652E+07   1200015E-01  .5327E+04  .1026E+04   .9978437  .0609365  .0243871
T  427  2 .3433104E+07   1200018E-01  .1004E+04 -.1986E+03   .9992129  .0365823  .0153390
T  428  2 .3436460E+07   1200022E-01  .1344E+04  .7754E+03   .9980207  .0582042 -.0238119
T  429  2 .3357162E+07   1200017E-01  .2796E+04 -.3205E+02   .9995352  .0260579  .0158225
T  430  2 .3379947E+07   1200023E-01  .2029E+04  .5602E+03   .9997209  .0110318  .0208918
T  431  2 .3391855E+07   1200011E-01 -.7007E+02  .6084E+03   .9999266 -.0063719  .0103010
T  432  2 .3424851E+07   1200022E-01 -.1749E+04  .5580E+04   .9944774 -.0226975  .1024672
T  433  2 .3364697E+07   1200007E-01 -.4788E+03 -.1055E+04   .9999315 -.0101576 -.0058087
T  434  2 .3383065E+07   1200004E-01 -.1664E+04  .1513E+04   .9999853  .0053506  .0008707
T  435  2 .3368355E+07   1200009E-01  .3538E+03 -.9601E+03   .9998036  .0153453 -.0125420
T  436  2 .3334455E+07   1200021E-01  .1014E+04  .1964E+04   .9986070  .0250078  .0464623
T  437  2 .3354657E+07   1200010E-01  .1107E+03 -.2016E+03   .9998908  .0033814 -.0143890
T  438  2 .3418587E+07   1200009E-01  .1233E+04  .1274E+04   .9995235  .0189859  .0243372
T  439  2 .3431223E+07   1200007E-01 -.2784E+04  .2041E+04   .9959147 -.0623552  .0653127
T  440  2 .3401314E+07   1200011E-01  .1042E+04 -.2243E+04   .9996285  .0195568 -.0189854
T  441  2 .3438304E+07   1200015E-01  .1017E+03 -.7298E+03   .9999758 -.0021602 -.0066162
T  442  2 .3408413E+07   1200004E-01 -.1453E+04  .7194E+03   .9994846 -.0299663  .0115145
T  443  2 .3426346E+07   1200025E-01 -.2069E+03  .2798E+04   .9996751 -.0174904  .0185438
T  444  2 .3380984E+07   1200007E-01 -.8581E+03 -.8383E+03   .9998648 -.0083589  .0141593
T  445  2 .3345568E+07   1200018E-01  .2590E+04 -.9802E+03   .9992541  .0370236 -.0109753
T  446  2 .3353937E+07   1200005E-01 -.9294E+02 -.2278E+03   .9998843 -.0116699  .0097573
T  447  2 .3400642E+07   1200009E-01  .1303E+04  .2301E+04   .9995887  .0115550  .0262478
T  448  2 .3353786E+07   1200003E-01  .1700E+04 -.1360E+04   .9992387  .0363406 -.0141885
T  449  2 .3425337E+07   1200011E-01  .9127E+02  .3874E+03   .9998940  .0102520  .0103411
T  450  2 .3427746E+07   1200010E-01 -.1980E+03  .5074E+03   .9999117 -.0132492 -.0010319
T  451  2 .3376345E+07   1200012E-01 -.2487E+04 -.1190E+04   .9995873 -.0246204 -.0148001
T  452  2 .3387471E+07   1200024E-01  .1887E+03 -.1102E+04   .9998787  .0021955 -.0154182
T  453  2 .3412589E+07   1200002E-01 -.6591E+03  .1074E+04   .9997009 -.0160350  .0184663
T  454  2 .3409308E+07   1200001E-01  .1165E+04  .1323E+03   .9997857  .0205809 -.0022275
T  455  2 .3396631E+07   1200023E-01  .1823E+04  .1846E+03   .9992493  .0344673 -.0176870
T  456  2 .3444559E+07   1200013E-01 -.5363E+03 -.9928E+03   .9997946 -.0165602 -.0116841
T  457  2 .3352482E+07   1200025E-01  .3153E+02  .3148E+03   .9999231 -.0005460  .0123922
T  458  2 .3386013E+07   1200008E-01 -.3496E+03  .9746E+03   .9995620  .0031680  .0294225
T  459  2 .3365414E+07   1200025E-01 -.3085E+03  .3488E+03   .9999783  .0051960  .0040489
T  460  2 .3405132E+07   1200006E-01 -.1842E+03 -.6047E+03   .9990829 -.0159055 -.0397540
T  461  2 .3400608E+07   1200019E-01  .7714E+03  .5160E+03   .9998982  .0141935  .0014466
T  462  2 .3438602E+07   1200004E-01  .2672E+03  .2453E+03   .9998504  .0172574  .0011813
T  463  2 .3382932E+07   1200021E-01 -.4744E+03 -.3425E+03   .9998843  .0047442  .0144504
T  464  2 .3404173E+07   1200006E-01 -.1065E+04  .2696E+04   .9992405 -.0120664  .0370523
T  465  2 .3456057E+07   1200016E-01  .1682E+04  .8037E+03   .9997127  .0194206  .0140466
T  466  2 .3400152E+07   1200020E-01  .6554E+03 -.5200E+04   .9968093 -.0017966 -.0797995
T  467  2 .3394184E+07   1200023E-01 -.3841E+04 -.3273E+04   .9941746 -.0810362 -.0710627
T  468  2 .3446583E+07   1200023E-01  .1289E+04 -.5807E+02   .9999115  .0131416  .0020570
T  469  2 .3346381E+07   1200020E-01 -.2731E+04 -.4338E+03   .9992688 -.0377709  .0059322
T  470  2 .3358708E+07   1200008E-01  .3253E+04  .8713E+03   .9976313  .0665173  .0175260
T  471  2 .3416750E+07   1200011E-01  .2703E+03 -.8609E+03   .9999047  .0108859 -.0084960
T  472  2 .3425520E+07   1200001E-01 -.4242E+02 -.2831E+03   .9999363  .0089768  .0068349
T  473  2 .3388341E+07   1200025E-01 -.2685E+04  .6831E+03   .9989961 -.0422497  .0148886
T  474  2 .3396345E+07   1200010E-01 -.1223E+04 -.1191E+04   .9996441 -.0218795 -.0152660
T  475  2 .3348405E+07   1200003E-01 -.3552E+03  .1333E+04   .9994015  .0067535  .0339271
T  476  2 .3476285E+07   1200012E-01 -.2715E+04 -.1463E+04   .9997048 -.0232652 -.0070024
T  477  2 .3378452E+07   1200015E-01  .3513E+02 -.1478E+04   .9996808 -.0016057 -.0252135
T  478  2 .3390059E+07   1200002E-01  .2206E+04 -.1835E+04   .9908145 -.1050648  .0851350
T  479  2 .3301526E+07   1200024E-01 -.6938E+03 -.2359E+05   .9614061  .0114558 -.2748948
T  480  2 .3413616E+07   1200014E-01 -.2162E+03 -.7516E+03   .9998660  .0071357 -.0147309
T  481  2 .3378700E+07   1200023E-01  .8455E+03  .6540E+03   .9999319 -.0107764 -.0044818
T  482  2 .3428939E+07   1200018E-01  .4664E+03  .1023E+04   .9998571  .0038044  .0164697
T  483  2 .3441698E+07   1200018E-01 -.1498E+04 -.3502E+02   .9999543 -.0002628  .0095603
T  484  2 .3389278E+07   1200014E-01  .1262E+03 -.4743E+03   .9999883  .0010441 -.0047253
T  485  2 .3400097E+07   1200020E-01  .3405E+04 -.6579E+04   .9951862  .0527112 -.0826195
T  486  2 .3380020E+07   1200023E-01 -.9575E+02 -.2022E+04   .9995595  .0115707 -.0273293
T  487  2 .3381903E+07   1200001E-01 -.6460E+03 -.5264E+04   .9969838 -.0251932 -.0734075
T  488  2 .3429102E+07   1200011E-01 -.4674E+03 -.4336E+03   .9994769 -.0265668 -.0184413
T  489  2 .3409789E+07   1200016E-01 -.9021E+03 -.5591E+03   .9998388 -.0156700 -.0087658
T  490  2 .3336342E+07   1200002E-01  .1168E+04  .1473E+04   .9998085 -.0020250  .0194661
T  491  2 .3354078E+07   1200018E-01 -.1151E+04 -.3158E+04   .9991683 -.0209245 -.0349974
T  492  2 .3380340E+07   1200013E-01  .2015E+04 -.3710E+04   .9909753  .0642544 -.1176410
T  493  2 .3418749E+07   1200010E-01  .3715E+03  .1554E+04   .9988954 -.0020661  .0469444
T  494  2 .3385164E+07   1200017E-01 -.8684E+03  .7183E+03   .9981145  .0234098  .0567396
T  495  2 .3438271E+07   1200008E-01 -.4083E+03  .2100E+03   .9999228 -.0110892  .0055993
T  496  2 .3373849E+07   1200005E-01  .7646E+03 -.4433E+02   .9996652  .0244889 -.0083582
T  497  2 .3410286E+07   1200007E-01 -.4280E+03 -.1116E+04   .9999321 -.0116290  .0007486
T  498  2 .3397691E+07   1200008E-01 -.9098E+01 -.3139E+03   .9998510 -.0078842 -.0153578
T  499  2 .3382811E+07   1200006E-01 -.5987E+03 -.1201E+04   .9996101 -.0254337 -.0115244
T  500  2 .3357412E+07   1200024E-01 -.3715E+02  .4472E+03   .9998103  .0067780  .0182594
T  501  2 .3329157E+07   1200013E-01 -.1110E+04  .5118E+03   .9997964 -.0165930  .0114787
T  502  2 .3386819E+07   1200014E-01 -.6214E+02  .2490E+03   .9999641  .0047702  .0070025
T  503  2 .3402305E+07   1200015E-01  .1602E+04  .6393E+03   .9987060  .0506838  .0041884
T  504  2 .3398903E+07   1200022E-01 -.1057E+04 -.4854E+03   .9990150 -.0424073 -.0130623
T  505  2 .3346704E+07   1200023E-01 -.2795E+03 -.1529E+04   .9995705 -.0268307 -.0117869
T  506  2 .3330597E+07   1200023E-01  .2553E+04 -.5535E+02   .9967919  .0796508 -.0078494
T  507  2 .3268021E+07   1200010E-01  .2492E+05  .6022E+04   .9740347  .2203431  .0520133
T  508  2 .3391302E+07   1200015E-01  .7736E+03 -.1767E+03   .9998556  .0165694  .0037803
T  509  2 .3377600E+07   1200016E-01  .1452E+04  .3651E+03   .9995319  .0127243  .0278205
T  510  2 .3379580E+07   1200022E-01 -.3133E+02  .7014E+03   .9998589 -.0034519  .0164376
T  511  2 .3362862E+07   1200001E-01 -.3699E+03 -.3697E+03   .9998419 -.0176868  .0018157
T  512  2 .3367180E+07   1200004E-01  .8062E+03  .3323E+04   .9989124  .0032009  .0465158
T  513  2 .3353425E+07   1200020E-01 -.1189E+04 -.5991E+03   .9999361 -.0084112 -.0075575
T  514  2 .3450233E+07   1200021E-01 -.1141E+04  .1507E+04   .9993678 -.0280843  .0218030
T  515  2 .3315146E+07   1200020E-01  .8387E+03  .4935E+03   .9994886  .0177427  .0266041
T  516  2 .3440230E+07   1200003E-01  .3748E+03  .2231E+04   .9992560  .0226082  .0312475
T  517  2 .3398886E+07   1200010E-01 -.1444E+04 -.3320E+03   .9999066 -.0128376  .0046858
T  518  2 .3359735E+07   1200002E-01 -.1356E+04  .1664E+04   .9991781 -.0183836  .0361262
T  519  2 .3391950E+07   1200011E-01 -.5628E+01 -.7752E+03   .9992761  .0369936 -.0088715
T  520  2 .3429106E+07   1200014E-01 -.1602E+04 -.2406E+03   .9999610  .0031985 -.0082265
T  521  2 .3340455E+07   1200009E-01  .4320E+03 -.1127E+04   .9998360  .0152497 -.0097654
T  522  2 .3348906E+07   1200000E-01  .5114E+04  .3190E+04   .9990899  .0318859  .0283326
T  523  2 .3448005E+07   1200002E-01  .6570E+03 -.7342E+02   .9998006  .0180423 -.0085546
T  524  2 .3406569E+07   1200006E-01  .1346E+04  .3945E+04   .9960852  .0455921  .0757338
T  525  2 .3382133E+07   1200015E-01  .8444E+02 -.1284E+04   .9989433  .0348988 -.0299043
T  526  2 .3408557E+07   1200003E-01 -.8408E+02 -.2011E+04   .9995297 -.0055058 -.0301688
T  527  2 .3393643E+07   1200011E-01 -.7628E+03  .1287E+03   .9999350 -.0057764 -.0098303
T  528  2 .3375818E+07   1200025E-01  .9529E+03 -.4056E+03   .9986934  .0400687 -.0317176
T  529  2 .3419115E+07   1200016E-01  .1724E+04  .4376E+03   .9991384  .0406321  .0084518
T  530  2 .3401215E+07   1200023E-01  .2894E+03 -.1703E+03   .9998737 -.0157462 -.0021384
T  531  2 .3373224E+07   1200016E-01 -.1081E+03  .7861E+03   .9999282 -.0050552  .0108680
T  532  2 .3374228E+07   1200020E-01 -.4560E+03 -.6110E+03   .9998380 -.0144842 -.0106903
T  533  2 .3419539E+07   1200008E-01  .5880E+03  .1483E+04   .9998142 -.0087329  .0171855
T  534  2 .3406893E+07   1200018E-01  .6851E+03  .5731E+03   .9999606 -.0021880  .0085980
T  535  2 .3401389E+07   1200004E-01 -.6017E+03 -.5946E+03   .9999334 -.0115418  .0000691
T  536  2 .3407965E+07   1200000E-01  .6257E+02  .1432E+02   .9997682  .0172202  .0129195
T  537  2 .3391507E+07   1200013E-01 -.1119E+04 -.6456E+03   .9996214 -.0267163 -.0065746
T  538  2 .3306525E+07   1200002E-01 -.2719E+04 -.1203E+04   .9991568 -.0344318 -.0223650
T  539  2 .3415927E+07   1200023E-01 -.1469E+04 -.4064E+03   .9996105 -.0158987 -.0229384
T  540  2 .3407555E+07   1200014E-01  .1425E+04  .1222E+04   .9995057  .0313969 -.0015859
T  541  2 .3317475E+07   1200025E-01  .1919E+04 -.2852E+04   .9964001  .0532950 -.0659280
T  542  2 .3363575E+07   1200017E-01 -.1251E+04 -.1732E+04   .9996372 -.0227505 -.0144178
T  543  2 .3309145E+07   1200002E-01  .2818E+03  .1049E+04   .9995971 -.0117126  .0258563
T  544  2 .3516014E+07   1200019E-01 -.8666E+03  .2926E+04   .9991650 -.0190406  .0361484
T  545  2 .3387218E+07   1200006E-01 -.9096E+02 -.1807E+04   .9996912  .0016517 -.0247937
T  546  2 .3446857E+07   1200009E-01  .9569E+03 -.1294E+03   .9998527  .0169165 -.0029099
T  547  2 .3371078E+07   1200021E-01 -.4826E+03  .1497E+04   .9997156 -.0095853  .0218359
T  548  2 .3420080E+07   1200019E-01 -.3671E+03  .5020E+03   .9999780 -.0008862  .0065701
T  549  2 .3387546E+07   1200014E-01  .1007E+04 -.4847E+03   .9998947  .0069567 -.0127376
T  550  2 .3353646E+07   1200006E-01 -.2295E+03 -.5641E+03   .9997453 -.0088722 -.0207516
T  551  2 .3434815E+07   1200022E-01 -.9916E+03 -.1470E+04   .9996725 -.0138787 -.0214983
T  552  2 .3365053E+07   1200025E-01  .7391E+03  .2218E+03   .9998809  .0152025 -.0026685
T  553  2 .3362755E+07   1200014E-01 -.2471E+03 -.6056E+03   .9999221 -.0028811 -.0121470
T  554  2 .3426097E+07   1200020E-01 -.8380E+03 -.1115E+04   .9996580 -.0148919 -.0214948
T  555  2 .3421711E+07   1200025E-01 -.3752E+03  .3980E+03   .9998527 -.0171537 -.0006247
T  556  2 .3426493E+07   1200000E-01  .6262E+03 -.8505E+03   .9998026  .0149701 -.0130628
T  557  2 .3413582E+07   1200016E-01  .2435E+04  .1917E+03   .9998937  .0134389 -.0056563
T  558  2 .3449657E+07   1200021E-01  .2178E+03 -.6688E+03   .9999573  .0063861 -.0066738
T  559  2 .3414658E+07   1200020E-01  .1107E+04 -.1987E+04   .9999898  .0044460 -.0007617
T  560  2 .3322092E+07   1200008E-01  .7575E+03  .5877E+03   .9998978  .0129252 -.0061085
T  561  2 .3350796E+07   1200024E-01  .7565E+03 -.2161E+04   .9996229  .0031197 -.0272819
T  562  2 .3407456E+07   1200008E-01  .6110E+03  .2068E+03   .9998945  .0144823  .0011252
T  563  2 .3373610E+07   1200012E-01  .3776E+03 -.8228E+03   .9998236  .0079559 -.0170119
T  564  2 .3408073E+07   1200001E-01 -.4164E+03  .1025E+04   .9997833  .0007951  .0208025
T  565  2 .3399028E+07   1200010E-01 -.1334E+04  .4091E+04   .9994325  .0012549  .0336622
T  566  2 .3325522E+07   1200010E-01 -.3969E+03 -.1049E+04   .9996931 -.0040780 -.0244354
T  567  2 .3346190E+07   1200004E-01  .1428E+04  .6760E+03   .9998001  .0164363  .0113841
T  568  2 .3433404E+07   1200009E-01 -.1731E+04 -.1355E+04   .9989251 -.0357071 -.0295562
T  569  2 .3393120E+07   1200010E-01  .3323E+04  .2450E+03   .9988490  .0479498 -.0012322
T  570  2 .3365932E+07   1200024E-01 -.7441E+03 -.1620E+03   .9999994  .0002396  .0010584
T  571  2 .3245709E+07   1200013E-01  .1642E+05  .4287E+04   .9526037  .2888144  .0955633
T  572  2 .3414168E+07   1200012E-01  .3894E+04  .2627E+04   .9977336  .0526274  .0419296
T  573  2 .3397685E+07   1200018E-01  .5457E+03  .2474E+04   .9990585  .0082061  .0425994
T  574  2 .3379523E+07   1200025E-01 -.9994E+03 -.6800E+03   .9998840  .0140168 -.0059513
T  575  2 .3375569E+07   1200015E-01  .1384E+04  .3552E+04   .9987306  .0311679  .0395690
T  576  2 .3419369E+07   1200023E-01 -.2073E+03 -.7909E+03   .9999667 -.0009645 -.0081013
T  577  2 .3391734E+07   1200012E-01  .2437E+04 -.6449E+03   .9997067  .0233653  .0063745
T  578  2 .3457941E+07   1200019E-01  .1381E+04  .6506E+03   .9999095  .0094415  .0095821
T  579  2 .3391938E+07   1200009E-01 -.1456E+04 -.1666E+04   .9986720 -.0398925 -.0325996
T  580  2 .3371102E+07   1200000E-01  .1896E+04  .4655E+03   .9991593  .0406361  .0054290
T  581  2 .3421296E+07   1200019E-01  .4212E+03 -.4395E+03   .9999461  .0018110  .0102261
T  582  2 .3417403E+07   1200025E-01 -.6425E+03  .2540E+04   .9995238  .0003877  .0308554
T  583  2 .3408631E+07   1200014E-01  .9071E+02  .1284E+04   .9996685 -.0015802  .0256985
T  584  2 .3473304E+07   1200014E-01 -.1730E+04  .6917E+03   .9997004 -.0238435  .0055315
T  585  2 .3343481E+07   1200023E-01 -.1710E+04 -.1575E+04   .9996291 -.0178209 -.0205942
T  586  2 .3341358E+07   1200014E-01 -.7730E+03  .1780E+04   .9995420  .0000463  .0302622
T  587  2 .3365590E+07   1200006E-01 -.1240E+03 -.3323E+03   .9998266  .0161988  .0091858
T  588  2 .3373916E+07   1200004E-01  .5069E+04  .2613E+04   .9981481  .0434918  .0425314
T  589  2 .3419262E+07   1200011E-01 -.3464E+03 -.8114E+03   .9998438 -.0172552 -.0038156
T  590  2 .3381232E+07   1200024E-01 -.4795E+03  .1561E+04   .9999701  .0070906  .0030839
T  591  2 .3340084E+07   1200006E-01 -.1412E+04 -.9253E+03   .9996434 -.0187459 -.0190181
T  592  2 .3371288E+07   1200006E-01 -.1055E+04  .5492E+03   .9998084 -.0191513 -.0040438
T  593  2 .3387097E+07   1200019E-01  .2005E+04  .1146E+04   .9999710  .0065745  .0038393
T  594  2 .3382397E+07   1200025E-01  .1547E+04  .7496E+03   .9999266  .0083817  .0087493
T  595  2 .3320647E+07   1200024E-01 -.9332E+04 -.3005E+03   .9932616 -.1156118 -.0080758
T  596  2 .3422245E+07   1200001E-01  .9744E+03  .1797E+04   .9999878 -.0008085  .0048709
T  597  2 .3387107E+07   1200021E-01 -.1652E+04  .1068E+04   .9987884 -.0401705  .0284267
T  598  2 .3448205E+07   1200020E-01 -.9032E+03 -.3756E+03   .9998802  .0023471 -.0152965
T  599  2 .3492417E+07   1200025E-01 -.1854E+04  .1520E+04   .9992903 -.0353160  .0131063
T  600  2 .3451320E+07   1200010E-01 -.1261E+04  .1881E+03   .9999364 -.0089405  .0068750
T  601  2 .3402621E+07   1200014E-01  .1158E+04  .2776E+03   .9995635  .0258083  .0143795
T  602  2 .3384294E+07   1200012E-01  .7789E+01 -.2195E+03   .9999454 -.0103586 -.0013557
T  603  2 .3354551E+07   1200005E-01  .4397E+03  .1173E+04   .9997731  .0147200 -.0153960
T  604  2 .3424709E+07   1200002E-01  .1561E+04  .5333E+03   .9998904  .0147985 -.0005246
T  605  2 .3321810E+07   1200023E-01 -.2682E+03 -.1301E+04   .9992695 -.0069996 -.0375702
T  606  2 .3370544E+07   1200001E-01  .2043E+04  .9184E+03   .9992275  .0358171  .0161737
T  607  2 .3386011E+07   1200014E-01 -.1226E+04 -.3413E+03   .9997896 -.0097692 -.0180346
T  608  2 .3472768E+07   1200007E-01  .2534E+03  .7293E+03   .9993245  .0212808  .0299598
T  609  2 .3362193E+07   1200020E-01  .9138E+03 -.2269E+04   .9995609  .0130196 -.0266168
T  610  2 .3412841E+07   1200005E-01  .1283E+03 -.7971E+03   .9999654 -.0069812  .0045319
T  611  2 .3393287E+07   1200013E-01  .4657E+03  .4665E+03   .9999950  .0023073  .0021741
T  612  2 .3447794E+07   1200022E-01  .1621E+04  .7784E+02   .9994676  .0324010 -.0038432
T  613  2 .3422081E+07   1200005E-01 -.1672E+04  .1044E+04   .9994951 -.0311820  .0061014
T  614  2 .3423995E+07   1200010E-01  .4972E+03  .7752E+03   .9995082  .0309984 -.0047444
T  615  2 .3383597E+07   1200005E-01  .7438E+03 -.9739E+03   .9999850  .0028471 -.0046689
T  616  2 .3384782E+07   1200011E-01 -.7160E+03  .2967E+04   .9990948 -.0098259  .0413879
T  617  2 .3471474E+07   1200014E-01  .3191E+04  .6125E+01   .9989227  .0463907  .0011889
T  618  2 .3350725E+07   1200019E-01  .2636E+04 -.1634E+04   .9990966  .0296299 -.0304646
T  619  2 .3369843E+07   1200005E-01  .3405E+04  .6631E+03   .9986280  .0501062  .0152145
T  620  2 .3364251E+07   1200009E-01 -.4790E+03 -.1429E+04   .9999517 -.0025328 -.0094997
T  621  2 .3385894E+07   1200010E-01 -.1338E+04 -.8998E+03   .9996637 -.0191049 -.0175346
T  622  2 .3426736E+07   1200021E-01 -.1689E+04 -.1128E+04   .9997255 -.0233032 -.0024342
T  623  2 .3394572E+07   1200009E-01  .1154E+03  .3588E+03   .9995402  .0184406  .0240684
T  624  2 .3390792E+07   1200017E-01 -.3988E+04 -.3173E+04   .9970507 -.0668575 -.0376837
T  625  2 .3375616E+07   1200008E-01  .1716E+04  .1170E+04   .9986883  .0370021  .0353910
T  626  2 .3408392E+07   1200023E-01 -.8944E+03 -.8205E+03   .9998706 -.0159644 -.0019917
T  627  2 .3449996E+07   1200016E-01  .2049E+03  .6297E+03   .9998127  .0086192  .0173293
T  628  2 .3409652E+07   1200002E-01 -.1086E+04  .1726E+03   .9999297 -.0118452 -.0004945
T  629  2 .3387716E+07   1200011E-01  .1105E+04 -.8648E+03   .9991687 -.0294351  .0282056
T  630  2 .3380092E+07   1200013E-01 -.2538E+03 -.7957E+03   .9998583 -.0095236 -.0138782
T  631  2 .3404630E+07   1200009E-01  .6088E+03 -.2613E+04   .9991830  .0226497 -.0334699
T  632  2 .3383303E+07   1200023E-01  .1216E+04  .1588E+04   .9995529  .0194105  .0227433
T  633  2 .3405037E+07   1200013E-01 -.1115E+04 -.1036E+04   .9997431 -.0187462 -.0127439
T  634  2 .3354960E+07   1200020E-01  .2587E+04  .9268E+03   .9996615  .0254668 -.0053182
T  635  2 .3371955E+07   1200014E-01  .1292E+04  .2263E+03   .9998846  .0134692  .0070311
T  636  2 .3468609E+07   1200015E-01 -.3351E+03  .3383E+03   .9999959  .0024634  .0014797
T  637  2 .3439776E+07   1200023E-01 -.2522E+03 -.1854E+04   .9985307  .0080079 -.0535946
T  638  2 .3346341E+07   1200007E-01 -.8073E+03  .4177E+02   .9999468 -.0077686  .0067811
T  639  2 .3364674E+07   1200005E-01 -.1158E+04  .3087E+04   .9994909 -.0103089  .0301949
T  640  2 .3357678E+07   1200024E-01 -.6072E+03 -.1523E+04   .9996063 -.0113698 -.0256511
T  641  2 .3343941E+07   1200014E-01  .9845E+03 -.9379E+03   .9995221  .0308883 -.0012304
T  642  2 .3394448E+07   1200017E-01 -.4231E+03 -.1918E+04   .9990447 -.0124196 -.0418991
T  643  2 .3395523E+07   1200008E-01  .6387E+03  .1334E+04   .9989728  .0312378  .0328267
T  644  2 .3354081E+07   1200019E-01  .3082E+02  .1994E+04   .9995782  .0028165  .0289052
T  645  2 .3366134E+07   1200024E-01 -.5492E+03  .7091E+03   .9998506  .0098545  .0141988
T  646  2 .3425900E+07   1200018E-01 -.1994E+04 -.3801E+02   .9994971 -.0312011  .0056547
T  647  2 .3413843E+07   1200013E-01 -.5823E+03 -.3057E+02   .9997126 -.0229086  .0070691
T  648  2 .3458327E+07   1200024E-01  .1278E+04  .1395E+04   .9995649  .0293872  .0025467
T  649  2 .3300675E+07   1200021E-01  .2094E+04  .2901E+04   .9991860  .0374578  .0149750
T  650  2 .3377726E+07   1200025E-01 -.1468E+04  .8148E+03   .9997387 -.0201150  .0108628
T  651  2 .3308138E+07   1200016E-01  .1656E+04  .6417E+03   .9999569  .0069693 -.0061376
T  652  2 .3360282E+07   1200001E-01  .3350E+04 -.1264E+02   .9994886  .0294553 -.0124494
T  653  2 .3389725E+07   1200006E-01 -.2519E+04 -.6557E+02   .9984153 -.0550065  .0118781
T  654  2 .3349869E+07   1200021E-01  .1048E+04  .1925E+03   .9997533  .0207279 -.0079764
T  655  2 .3434213E+07   1200013E-01 -.4439E+04  .2264E+04   .9978820 -.0574875  .0304407
T  656  2 .3424783E+07   1200025E-01 -.1017E+04 -.4948E+03   .9992224 -.0389415 -.0061778
T  657  2 .3384734E+07   1200011E-01  .1072E+04 -.1552E+04   .9976720  .0502861 -.0460636
T  658  2 .3437016E+07   1200016E-01 -.1610E+03 -.5914E+03   .9998659 -.0079984  .0142876
T  659  2 .3394909E+07   1200010E-01  .2490E+04 -.2579E+04   .9988719  .0391358 -.0268931
T  660  2 .3385415E+07   1200023E-01  .1059E+04 -.1698E+04   .9996004  .0168204 -.0227198
T  661  2 .3353832E+07   1200022E-01  .3185E+03 -.4036E+04   .9995466 -.0004249 -.0301055
T  662  2 .3407281E+07   1200020E-01 -.1140E+04 -.1181E+04   .9984973 -.0395595 -.0379239
T  663  2 .3415839E+07   1200008E-01  .1843E+04  .9115E+02   .9997570  .0180120 -.0127124
T  664  2 .3396234E+07   1200000E-01 -.4250E+03  .1016E+04   .9999001 -.0135138  .0041315
T  665  2 .3336759E+07   1200020E-01 -.5826E+03 -.2629E+04   .9992125 -.0078747 -.0388895
T  666  2 .3398751E+07   1200017E-01  .3657E+04  .2642E+04   .9981110  .0488802  .0372173
T  667  2 .3432860E+07   1200023E-01 -.9639E+03 -.7435E+03   .9996983 -.0144910 -.0198333
T  668  2 .3421201E+07   1200015E-01 -.1608E+04  .6441E+03   .9990971 -.0240153  .0350458
T  669  2 .3426899E+07   1200024E-01  .3250E+03 -.1436E+04   .9994953  .0079170 -.0307632
T  670  2 .3448290E+07   1200020E-01 -.7536E+03 -.5724E+02   .9994181 -.0326146  .0099893
T  671  2 .3383856E+07   1200024E-01 -.2602E+04 -.6182E+02   .9996714 -.0180488 -.0182027
T  672  2 .3374514E+07   1200016E-01 -.3861E+03 -.1347E+04   .9996877  .0009951 -.0249713
T  673  2 .3378840E+07   1200008E-01 -.1497E+04 -.1344E+04   .9994550 -.0320895 -.0077502
T  674  2 .3444370E+07   1200000E-01  .5201E+03 -.1132E+03   .9999994 -.0008843  .0005783
T  675  2 .3472977E+07   1200006E-01 -.7878E+03 -.2048E+04   .9998026 -.0178423 -.0087388
T  676  2 .3402804E+07   1200013E-01  .4512E+03  .6978E+03   .9996925  .0198488  .0148626
T  677  2 .3447265E+07   1200019E-01  .2320E+03  .1649E+03   .9998958 -.0133299  .0055442
T  678  2 .3415623E+07   1200010E-01  .1206E+04  .1626E+04   .9998610  .0025264  .0164773
T  679  2 .3324333E+07   1200016E-01 -.2665E+03  .1072E+04   .9992573  .0041793  .0383070
T  680  2 .3437325E+07   1200014E-01 -.5583E+02  .1380E+04   .9994222  .0032929  .0338303
T  681  2 .3287395E+07   1200023E-01 -.4806E+03  .1094E+04   .9997974 -.0195448  .0048108
T  682  2 .3354584E+07   1200016E-01  .5456E+04  .2143E+04   .9867191  .1488928  .0649334
T  683  2 .3420108E+07   1200007E-01  .2458E+03  .1005E+03   .9999277  .0086123  .0083943
T  684  2 .3399815E+07   1200000E-01  .4406E+03  .7539E+03   .9997302  .0149757  .0177531
T  685  2 .3484335E+07   1200000E-01 -.2028E+03 -.6635E+03   .9997210 -.0215559 -.0096587
T  686  2 .3389865E+07   1200011E-01 -.5379E+03 -.1438E+04   .9988290 -.0314116 -.0367971
T  687  2 .3418399E+07   1200008E-01  .4841E+03  .4117E+03   .9995334  .0195532  .0234645
T  688  2 .3432210E+07   1200011E-01 -.4237E+04  .1279E+04   .9983354 -.0554140  .0159917
T  689  2 .3403693E+07   1200017E-01  .6689E+03 -.1066E+04   .9996874  .0245697 -.0046344
T  690  2 .3361424E+07   1200011E-01 -.1556E+03 -.7986E+02   .9999433 -.0100739 -.0034415
T  691  2 .3403156E+07   1200025E-01  .7827E+03 -.1249E+04   .9999452  .0075505 -.0072498
T  692  2 .3407967E+07   1200016E-01  .4176E+03  .1461E+04   .9997223  .0120121  .0202739
T  693  2 .3410627E+07   1200015E-01  .1109E+04 -.5644E+03   .9990848  .0409367 -.0124023
T  694  2 .3367771E+07   1200006E-01 -.2014E+04 -.3794E+04   .9977980 -.0228966 -.0622489
T  695  2 .3386931E+07   1200024E-01  .1048E+03  .9249E+03   .9996793  .0246969  .0056015
T  696  2 .3371509E+07   1200009E-01  .1582E+04 -.2345E+04   .9998835  .0133098 -.0074720
T  697  2 .3355614E+07   1200016E-01 -.1138E+04  .9138E+03   .9997784 -.0085138  .0192551
T  698  2 .3393528E+07   1200017E-01  .4471E+03 -.9142E+03   .9984401  .0416682 -.0371644
T  699  2 .3382661E+07   1200016E-01  .5995E+03 -.8233E+03   .9996899 -.0077917  .0236526
T  700  2 .3428767E+07   1200020E-01 -.6875E+03  .3360E+03   .9999378  .0069033 -.0087634
T  701  2 .3383197E+07   1200020E-01  .5291E+03 -.1364E+04   .9995097 -.0174222 -.0260161
T  702  2 .3440383E+07   1200011E-01  .4142E+03 -.7664E+02   .9997160  .0226943  .0072784
T  703  2 .3450713E+07   1200024E-01  .1191E+04 -.1159E+04   .9999227  .0123607  .0013763
T  704  2 .3349311E+07   1200021E-01 -.3025E+04 -.4558E+03   .9992283 -.0391727 -.0028643
T  705  2 .3389690E+07   1200019E-01  .2270E+03  .1335E+03   .9999012  .0106908 -.0091274
T  706  2 .3397639E+07   1200023E-01  .4770E+03  .6198E+03   .9998081  .0193533  .0030284
T  707  2 .3392528E+07   1200023E-01  .2601E+03 -.9307E+03   .9998720 -.0040490 -.0154784
T  708  2 .3410137E+07   1200013E-01 -.7170E+03  .1326E+04   .9996799 -.0197618  .0157948
T  709  2 .3405178E+07   1200016E-01  .9405E+02  .6355E+03   .9999753  .0069342  .0011570
T  710  2 .3373916E+07   1200006E-01  .1326E+03  .4051E+03   .9999508 -.0041421  .0090118
T  711  2 .3369080E+07   1200023E-01 -.1662E+04 -.2433E+03   .9997455 -.0204440 -.0095346
T  712  2 .3346439E+07   1200020E-01 -.1482E+03  .1375E+04   .9998372  .0003174  .0180430
T  713  2 .3417316E+07   1200001E-01 -.7946E+02  .2814E+03   .9996598  .0247002 -.0083821
T  714  2 .3420227E+07   1200024E-01  .2121E+04  .1823E+04   .9992928  .0323694  .0191369
T  715  2 .3402006E+07   1200022E-01 -.1749E+04 -.4280E+03   .9993364 -.0356018 -.0077008
T  716  2 .3408334E+07   1200017E-01 -.1231E+04  .1806E+04   .9991553 -.0285229  .0295834
T  717  2 .3406215E+07   1200021E-01  .3021E+03  .1374E+04   .9999495  .0027213  .0096751
T  718  2 .3366994E+07   1200010E-01  .3137E+03 -.1235E+04   .9987303 -.0503412 -.0018854
T  719  2 .3455332E+07   1200000E-01 -.1595E+04  .1745E+03   .9995977 -.0231779 -.0163463
T  720  2 .3346955E+07   1200017E-01 -.9747E+03 -.3324E+03   .9998090  .0014110 -.0194946
T  721  2 .3358339E+07   1200012E-01 -.4033E+03 -.5523E+03   .9999987 -.0005562 -.0015403
T  722  2 .3410306E+07   1200009E-01 -.7373E+03  .1523E+04   .9997204  .0076649  .0223674
T  723  2 .3422240E+07   1200014E-01 -.2829E+04 -.6240E+03   .9993574 -.0295060 -.0203529
T  724  2 .3422468E+07   1200010E-01  .3057E+04 -.1594E+04   .9989675  .0405259 -.0205313
T  725  2 .3375631E+07   1200016E-01 -.2293E+04  .6874E+03   .9996844 -.0216383  .0127630
T  726  2 .3380496E+07   1200012E-01 -.1666E+04 -.2574E+02   .9998398 -.0103800 -.0145792
T  727  2 .3362556E+07   1200015E-01  .1017E+03 -.1721E+03   .9999896 -.0031941  .0032682
T  728  2 .3411957E+07   1200013E-01  .2560E+04 -.3752E+03   .9990219  .0432995  .0089625
T  729  2 .3391778E+07   1200011E-01 -.2758E+03  .3374E+04   .9977956 -.0149599  .0646540
T  730  2 .3328271E+07   1200011E-01  .1129E+03 -.7704E+03   .9990926 -.0026299 -.0425088
T  731  2 .3394227E+07   1200004E-01 -.1172E+04 -.1455E+04   .9998162  .0103529 -.0161339
T  732  2 .3422121E+07   1200009E-01  .3504E+03 -.1032E+04   .9994106 -.0244459 -.0241026
T  733  2 .3394029E+07   1200023E-01 -.1250E+04  .6229E+02   .9996493 -.0206154 -.0166196
T  734  2 .3420743E+07   1200018E-01  .2001E+03 -.5763E+03   .9997690 -.0170399  .0130959
T  735  2 .3398062E+07   1200024E-01  .2664E+03 -.1218E+04   .9994056  .0344243 -.0018686
T  736  2 .3431440E+07   1200020E-01 -.1212E+04 -.2752E+04   .9990833 -.0202861 -.0376970
T  737  2 .3371285E+07   1200000E-01 -.1952E+04  .1834E+04   .9982286 -.0526067  .0277889
T  738  2 .3371157E+07   1200013E-01  .1403E+04  .7439E+03   .9999235  .0117328  .0039140
T  739  2 .3357326E+07   1200020E-01  .1109E+04  .7503E+03   .9993725  .0301103  .0186546
T  740  2 .3403454E+07   1200012E-01  .1811E+03 -.4500E+03   .9997929 -.0028108 -.0201573
T  741  2 .3416349E+07   1200016E-01 -.1423E+04  .3108E+03   .9993991 -.0281764  .0201857
T  742  2 .3477191E+07   1200015E-01  .1133E+04  .1644E+04   .9998501  .0049531  .0165878
T  743  2 .3454795E+07   1200001E-01 -.1053E+04 -.1333E+04   .9997902  .0004605 -.0204788
T  744  2 .3383045E+07   1200003E-01  .4409E+03  .3284E+03   .9998718  .0155058  .0039888
T  745  2 .3371924E+07   1200002E-01 -.4387E+03 -.8705E+03   .9998028 -.0120450 -.0157880
T  746  2 .3355057E+07   1200017E-01 -.5224E+03  .2766E+03   .9999536 -.0027002  .0092493
T  747  2 .3351405E+07   1200019E-01  .1370E+04  .8301E+02   .9997297  .0220088 -.0074983
T  748  2 .3351561E+07   1200013E-01  .9034E+03  .1871E+03   .9999023 -.0107587  .0089247
T  749  2 .3350895E+07   1200011E-01 -.2067E+04 -.4539E+02   .9996727 -.0254739 -.0023711
T  750  2 .3406216E+07   1200023E-01  .1237E+04 -.1348E+04   .9996247  .0083894 -.0260784
T  751  2 .3402656E+07   1200022E-01  .5209E+03 -.5652E+03   .9999546  .0089101 -.0033855
T  752  2 .3441276E+07   1200016E-01 -.8574E+03 -.2072E+04   .9994908 -.0225951 -.0225314
T  753  2 .3417956E+07   1200022E-01 -.1972E+04  .1586E+04   .9995028 -.0041211  .0312597
T  754  2 .3406395E+07   1200018E-01 -.1354E+04  .8339E+03   .9996339 -.0241412  .0122160
T  755  2 .3400445E+07   1200008E-01 -.2027E+04 -.1084E+04   .9997540 -.0211241 -.0067625
T  756  2 .3354537E+07   1200009E-01  .5330E+03 -.8546E+03   .9997443  .0222907 -.0038120
T  757  2 .3378596E+07   1200014E-01  .1043E+04  .6447E+02   .9997997 -.0108731  .0168054
T  758  2 .3348897E+07   1200010E-01  .9505E+02  .1449E+04   .9996548  .0007356  .0262611
T  759  2 .3447703E+07   1200015E-01  .7482E+03 -.2154E+04   .9982802  .0334539 -.0481393
T  760  2 .3396209E+07   1200023E-01  .1070E+04 -.1433E+04   .9997545  .0158295 -.0155041
T  761  2 .3395737E+07   1200014E-01 -.2571E+04 -.6485E+04   .9972464 -.0398734 -.0625275
T  762  2 .3337469E+07   1200005E-01  .5062E+03 -.7799E+03   .9999139 -.0021869 -.0129390
T  763  2 .3317155E+07   1200024E-01  .1570E+04  .1042E+04   .9999380  .0092094  .0062626
T  764  2 .3418838E+07   1200024E-01 -.5660E+03  .1178E+03   .9999679  .0016576 -.0078413
T  765  2 .3396289E+07   1200011E-01  .5320E+03 -.8760E+03   .9999576 -.0001077 -.0092053
T  766  2 .3373173E+07   1200020E-01  .1615E+04  .4648E+03   .9999220  .0084263  .0092160
T  767  2 .3444429E+07   1200011E-01 -.6530E+03 -.2963E+04   .9996806 -.0099682 -.0232238
T  768  2 .3378452E+07   1200019E-01 -.1060E+04  .2502E+03   .9994587 -.0296329 -.0142883
T  769  2 .3398947E+07   1200022E-01  .8153E+03  .1391E+03   .9998035  .0166548  .0107529
T  770  2 .3386273E+07   1200024E-01  .4291E+03 -.2616E+04   .9987459  .0111364 -.0488110
T  771  2 .3356065E+07   1200021E-01  .2188E+04  .9413E+03   .9990869  .0375575  .0203665
T  772  2 .3429345E+07   1200017E-01 -.1534E+04 -.1207E+04   .9992085 -.0348428 -.0191930
T  773  2 .3395595E+07   1200019E-01 -.2000E+04 -.6794E+03   .9997406 -.0208412 -.0091869
T  774  2 .3370393E+07   1200021E-01 -.5475E+03 -.1818E+03   .9999047 -.0051836 -.0127952
T  775  2 .3377759E+07   1200014E-01 -.1092E+03  .1196E+04   .9996440 -.0036742  .0264259
T  776  2 .3424812E+07   1200017E-01 -.8296E+03 -.3055E+04   .9983980 -.0192847 -.0531929
T  777  2 .3359764E+07   1200000E-01  .1893E+04  .1456E+02   .9994706  .0239402 -.0220304
T  778  2 .3408347E+07   1200013E-01 -.4409E+03  .9459E+03   .9995515  .0292029  .0066381
T  779  2 .3417285E+07   1200021E-01  .7152E+02 -.8107E+03   .9999650  .0030112 -.0078034
T  780  2 .3401326E+07   1200025E-01  .2993E+04 -.2048E+03   .9994201  .0301035 -.0159129
T  781  2 .3388453E+07   1200016E-01 -.8816E+03  .4167E+03   .9994406 -.0293645 -.0160037
T  782  2 .3364896E+07   1200023E-01  .1223E+04  .6197E+03   .9998918  .0132922 -.0063059
T  783  2 .3415374E+07   1200004E-01  .1186E+04  .7667E+03   .9999624  .0085279 -.0015887
T  784  2 .3479564E+07   1200012E-01 -.6000E+03 -.8413E+03   .9999981  .0017280 -.0008644
T  785  2 .3283412E+07   1200007E-01 -.6696E+03 -.4919E+03   .9998121 -.0189500 -.0040855
T  786  2 .3387821E+07   1200019E-01 -.1694E+03  .9894E+03   .9998245 -.0168763  .0081345
T  787  2 .3356646E+07   1200014E-01 -.2278E+04 -.2032E+04   .9985146 -.0411375 -.0357261
T  788  2 .3390538E+07   1200012E-01 -.5135E+03 -.1103E+04   .9995986 -.0171759 -.0225301
T  789  2 .3440231E+07   1200004E-01  .1449E+04 -.3889E+03   .9997445  .0225957  .0006345
T  790  2 .3410105E+07   1200005E-01 -.6109E+03  .3658E+03   .9998593  .0053901 -.0158867
T  791  2 .3388516E+07   1200015E-01  .4186E+03  .1010E+03   .9999311  .0115118  .0022909
T  792  2 .3382198E+07   1200020E-01  .2946E+04  .3775E+04   .9983465  .0324667  .0474355
T  793  2 .3394008E+07   1200024E-01  .4253E+03 -.7976E+03   .9999189  .0029885 -.0123767
T  794  2 .3388334E+07   1200013E-01 -.6428E+03 -.1762E+04   .9999957 -.0007928  .0028158
T  795  2 .3427291E+07   1200009E-01 -.1203E+03 -.4344E+03   .9998904 -.0054237  .0137757
T  796  2 .3458296E+07   1200012E-01 -.1271E+04 -.1110E+03   .9997095 -.0238081  .0037530
T  797  2 .3394660E+07   1200022E-01 -.1018E+04  .1335E+04   .9996575 -.0118842  .0233163
T  798  2 .3402175E+07   1200006E-01 -.2701E+04  .1390E+04   .9990606 -.0304115  .0308704
T  799  2 .3385005E+07   1200016E-01 -.2001E+04  .1241E+04   .9990882 -.0323410  .0278726
T  800  2 .3398872E+07   1200005E-01  .1027E+04 -.2421E+03   .9996154  .0246476 -.0127064
T  801  2 .3379169E+07   1200019E-01  .4021E+04  .3931E+04   .9983907  .0338887  .0454700
T  802  2 .3457013E+07   1200015E-01  .1023E+04 -.1623E+04   .9991531  .0228588 -.0342140
T  803  2 .3398367E+07   1200009E-01  .5227E+03  .2739E+03   .9999042  .0112115 -.0081138
T  804  2 .3382234E+07   1200022E-01  .4450E+03 -.1634E+04   .9998901  .0133415 -.0064659
T  805  2 .3372701E+07   1200006E-01  .9618E+03 -.1492E+03   .9993531  .0178705  .0312091
T  806  2 .3434473E+07   1200012E-01  .3557E+03 -.3531E+02   .9999470  .0040349  .0094705
T  807  2 .3443451E+07   1200002E-01 -.7171E+03  .2757E+04   .9993062 -.0005528  .0372389
T  808  2 .3439137E+07   1200015E-01  .2058E+04 -.3029E+03   .9989799  .0437586 -.0111495
T  809  2 .3421736E+07   1200025E-01 -.2279E+04  .1489E+03   .9992745 -.0380823 -.0005336
T  810  2 .3388214E+07   1200004E-01  .1364E+04  .1379E+04   .9993500  .0197607  .0301521
T  811  2 .3379626E+07   1200003E-01 -.1861E+03 -.2550E+03   .9999915 -.0028634 -.0029624
T  812  2 .3385461E+07   1200023E-01 -.6185E+03  .1754E+04   .9988238 -.0065751  .0480401
T  813  2 .3343243E+07   1200024E-01 -.1050E+04  .6212E+03   .9995304 -.0291775 -.0093668
T  814  2 .3359008E+07   1200024E-01 -.4702E+03  .4820E+04   .9987660 -.0051757  .0493936
T  815  2 .3405227E+07   1200024E-01  .2220E+04 -.1258E+04   .9997416  .0225380 -.0029562
T  816  2 .3403390E+07   1200015E-01 -.7513E+03 -.4340E+03   .9998138 -.0155334 -.0114506
T  817  2 .3441746E+07   1200002E-01 -.6234E+03  .4526E+03   .9996911 -.0247950  .0017267
T  818  2 .3416060E+07   1200021E-01  .2760E+03  .5334E+03   .9999978  .0020459 -.0004908
T  819  2 .3398761E+07   1200001E-01 -.7368E+03  .1631E+04   .9995032 -.0314803 -.0015532
T  820  2 .3398540E+07   1200023E-01  .2547E+02 -.4125E+04   .9974201 -.0196893 -.0690326
T  821  2 .3381403E+07   1200002E-01 -.1696E+04  .2724E+04   .9991924 -.0227045  .0331518
T  822  2 .3442939E+07   1200015E-01  .5850E+01 -.6274E+03   .9999151 -.0091614 -.0092689
T  823  2 .3379043E+07   1200025E-01 -.2894E+04 -.5187E+03   .9994704 -.0263578 -.0190825
T  824  2 .3434475E+07   1200007E-01  .2632E+03 -.1761E+02   .9996103  .0266072 -.0084474
T  825  2 .3387812E+07   1200015E-01 -.1521E+03 -.1572E+03   .9999930  .0036559  .0008532
T  826  2 .3348158E+07   1200020E-01  .1310E+04  .3089E+01   .9997752  .0211115  .0019760
T  827  2 .3387597E+07   1200025E-01  .2106E+03 -.3245E+03   .9998908 -.0127502 -.0074701
T  828  2 .3435263E+07   1200010E-01 -.5352E+02  .1615E+04   .9998025  .0045921  .0193366
T  829  2 .3348249E+07   1200017E-01 -.2939E+02 -.3772E+03   .9999331 -.0082107 -.0081524
T  830  2 .3377213E+07   1200002E-01 -.1025E+04 -.1125E+04   .9988449 -.0411482 -.0248134
T  831  2 .3426703E+07   1200021E-01  .1986E+04  .5710E+04   .9827213  .0443645  .1796960
T  832  2 .3405820E+07   1200015E-01 -.1010E+04 -.4374E+03   .9995515 -.0276818 -.0114211
T  833  2 .3427310E+07   1200009E-01  .1132E+04 -.1433E+04   .9998401  .0139593 -.0111752
T  834  2 .3390832E+07   1200023E-01 -.4873E+03  .8457E+03   .9997974 -.0090696  .0179713
T  835  2 .3348162E+07   1200007E-01 -.2274E+03  .1481E+04   .9997571 -.0036081  .0217406
T  836  2 .3415817E+07   1200006E-01 -.1199E+04  .2100E+04   .9992727 -.0111642  .0364613
T  837  2 .3448881E+07   1200023E-01 -.3141E+04 -.1048E+04   .9988084 -.0433336 -.0224514
T  838  2 .3365865E+07   1200002E-01  .4731E+03  .3483E+03   .9999425  .0099428  .0040053
T  839  2 .3441824E+07   1200000E-01  .7322E+03  .6194E+03   .9999060  .0080903  .0110718
T  840  2 .3370272E+07   1200003E-01  .2405E+03  .5381E+03   .9999492  .0071135  .0071354
T  841  2 .3458212E+07   1200005E-01  .1708E+04 -.3285E+04   .9983055  .0176761 -.0554413
T  842  2 .3346194E+07   1200011E-01  .1275E+03  .1813E+03   .9997532 -.0015321  .0221650
T  843  2 .3423196E+07   1200015E-01  .2984E+03 -.1028E+04   .9994767 -.0212177 -.0244148
T  844  2 .3379242E+07   1200015E-01  .2122E+04  .1144E+02   .9998363  .0168026  .0067168
T  845  2 .3368252E+07   1200000E-01  .6146E+03  .2148E+04   .9991122  .0051623  .0418104
T  846  2 .3378808E+07   1200003E-01 -.6267E+03  .8796E+03   .9999930 -.0021249  .0030922
T  847  2 .3328635E+07   1200010E-01  .5037E+02 -.6174E+03   .9999352  .0075086 -.0085552
T  848  2 .3412165E+07   1200014E-01 -.1062E+04  .1485E+04   .9997382 -.0107231  .0202121
T  849  2 .3323136E+07   1200015E-01 -.8489E+03  .8350E+03   .9999426  .0023156  .0104574
T  850  2 .3415016E+07   1200003E-01  .2204E+01 -.3545E+03   .9998336  .0177819  .0040689
T  851  2 .3367811E+07   1200015E-01  .2258E+03 -.2764E+03   .9996692  .0242446 -.0085892
T  852  2 .3418319E+07   1200005E-01 -.9673E+03 -.6053E+02   .9997188 -.0211759  .0106728
T  853  2 .3443880E+07   1200013E-01 -.9851E+03 -.3883E+02   .9997381 -.0187521 -.0131200
T  854  2 .3442637E+07   1200013E-01 -.9574E+03 -.2301E+03   .9999541 -.0084744 -.0044698
T  855  2 .3443748E+07   1200001E-01  .4594E+03 -.3300E+03   .9998718  .0097152 -.0127315
T  856  2 .3470132E+07   1200025E-01  .6439E+03 -.9814E+03   .9999334  .0027444 -.0112122
T  857  2 .3387728E+07   1200007E-01  .9970E+03  .1799E+03   .9993915  .0331335  .0109037
T  858  2 .3435158E+07   1200020E-01  .1202E+04  .1238E+04   .9995586  .0205423  .0214610
T  859  2 .3411011E+07   1200023E-01  .1740E+04 -.1751E+04   .9993903  .0279521 -.0209214
T  860  2 .3331094E+07   1200020E-01 -.4740E+03 -.1261E+04   .9999748 -.0052876 -.0047321
T  861  2 .3422162E+07   1200004E-01  .4416E+03 -.1581E+04   .9996630 -.0060769 -.0252363
T  862  2 .3382660E+07   1200015E-01  .1512E+03 -.6162E+03   .9999421 -.0096997 -.0046644
T  863  2 .3370998E+07   1200025E-01  .4259E+03 -.1468E+04   .9994798  .0061603 -.0316566
T  864  2 .3323131E+07   1200022E-01 -.1196E+04 -.9828E+03   .9996708 -.0255868 -.0018998
T  865  2 .3407469E+07   1200020E-01 -.3911E+03  .1381E+04   .9999508  .0099194 -.0002046
T  866  2 .3404996E+07   1200024E-01 -.2947E+03 -.1115E+04   .9993741 -.0187955 -.0299686
T  867  2 .3414259E+07   1200018E-01 -.9619E+03  .2512E+04   .9986497 -.0164510  .0492763
T  868  2 .3359854E+07   1200022E-01  .8783E+03 -.1521E+03   .9997842  .0207198  .0015210
T  869  2 .3385669E+07   1200023E-01 -.1598E+04  .9993E+03   .9994855 -.0245674  .0206189
T  870  2 .3347303E+07   1200000E-01 -.6380E+03  .1696E+04   .9997825 -.0092395  .0186969
T  871  2 .3404504E+07   1200025E-01  .1785E+04  .5406E+03   .9997233  .0118656  .0203129
T  872  2 .3403464E+07   1200011E-01  .2856E+03 -.4071E+02   .9998268  .0117536  .0144269
T  873  2 .3430572E+07   1200025E-01 -.7222E+03  .6425E+02   .9995218 -.0295985  .0089514
T  874  2 .3440003E+07   1200015E-01  .8833E+03 -.1657E+03   .9999612  .0088101  .0000190
T  875  2 .3388794E+07   1200015E-01  .4457E+03  .1394E+04   .9992936  .0093814  .0363909
T  876  2 .3414794E+07   1200019E-01  .3481E+03  .1519E+03   .9998652  .0105027 -.0126193
T  877  2 .3394432E+07   1200016E-01 -.1220E+04 -.6465E+03   .9995823 -.0285840 -.0042555
T  878  2 .3466064E+07   1200001E-01  .3130E+04  .1388E+04   .9979348  .0629027  .0130170
T  879  2 .3423948E+07   1200018E-01 -.1686E+04 -.2415E+04   .9994942 -.0236360 -.0212769
T  880  2 .3336186E+07   1200004E-01 -.7171E+02  .2352E+04   .9998793 -.0100540  .0118427
T  881  2 .3305299E+07   1200005E-01 -.2473E+03 -.4907E+03   .9996404 -.0265671  .0036432
T  882  2 .3390970E+07   1200022E-01 -.6852E+02  .4121E+03   .9998596 -.0017370  .0166657
T  883  2 .3454746E+07   1200022E-01 -.3263E+04 -.8270E+04   .9952438 -.0335627 -.0914509
T  884  2 .3344051E+07   1200014E-01  .4469E+03  .1893E+04   .9993050 -.0032153  .0371363
T  885  2 .3371748E+07   1200016E-01 -.2204E+04  .9286E+03   .9993152 -.0136727  .0343839
T  886  2 .3432107E+07   1200012E-01  .1677E+04  .8173E+03   .9998894  .0140914  .0047490
T  887  2 .3387056E+07   1200020E-01  .1015E+04 -.8798E+03   .9997870  .0196938  .0061735
T  888  2 .3476840E+07   1200021E-01  .2818E+04  .4182E+04   .9984468  .0275803  .0484084
T  889  2 .3391425E+07   1200017E-01  .9062E+02 -.9462E+03   .9999725  .0042682 -.0060718
T  890  2 .3414987E+07   1200015E-01  .5884E+03 -.1079E+04   .9995716  .0069053 -.0284424
T  891  2 .3430677E+07   1200003E-01  .2286E+04 -.9921E+03   .9994779  .0318022 -.0057075
T  892  2 .3391824E+07   1200017E-01 -.1083E+04  .6657E+03   .9999480 -.0011463 -.0101332
T  893  2 .3392500E+07   1200020E-01  .1888E+04  .5768E+04   .9947812  .0330540  .0965291
T  894  2 .3446942E+07   1200006E-01  .5214E+03 -.4174E+02   .9995231  .0308757 -.0005022
T  895  2 .3373742E+07   1200021E-01 -.2476E+04  .3920E+03   .9996221 -.0269386  .0054831
T  896  2 .3374219E+07   1200015E-01 -.2049E+02 -.9360E+02   .9999585 -.0044952  .0079229
T  897  2 .3379515E+07   1200000E-01  .2195E+04  .1023E+04   .9995334  .0305346  .0007344
T  898  2 .3397056E+07   1200023E-01  .2321E+03  .2688E+04   .9995635 -.0210942  .0206849
T  899  2 .3388088E+07   1200004E-01  .1131E+04  .1681E+03   .9999089  .0005087  .0134915
T  900  2 .3464145E+07   1200020E-01  .1584E+04 -.8622E+03   .9996923  .0193185 -.0155602
T  901  2 .3378247E+07   1200023E-01 -.1166E+04 -.2241E+03   .9998763 -.0115004 -.0107271
T  902  2 .3441019E+07   1200024E-01  .1807E+04  .8312E+03   .9997126  .0196462  .0137364
T  903  2 .3419781E+07   1200022E-01 -.1910E+04 -.1419E+03   .9997165 -.0211223  .0109883
T  904  2 .3419697E+07   1200025E-01  .7834E+03  .9163E+03   .9995447  .0268362  .0137915
T  905  2 .3342963E+07   1200020E-01  .1294E+04 -.5173E+03   .9997628  .0184248 -.0116111
T  906  2 .3422164E+07   1200024E-01 -.1120E+04 -.6473E+03   .9996985 -.0037030 -.0242725
T  907  2 .3380431E+07   1200014E-01  .4766E+03 -.1862E+04   .9998807  .0078387  .0133128
T  908  2 .3432509E+07   1200003E-01 -.5724E+03 -.3748E+03   .9999505 -.0097894  .0017750
T  909  2 .3418277E+07   1200020E-01 -.1571E+04  .1078E+03   .9996577 -.0249733  .0077947
T  910  2 .3397847E+07   1200006E-01 -.5553E+03  .1843E+03   .9999520 -.0093074 -.0030597
T  911  2 .3412573E+07   1200022E-01  .7667E+03 -.1071E+04   .9992168  .0283575 -.0275962
T  912  2 .3334779E+07   1200004E-01  .1925E+04 -.1182E+04   .9996157  .0214448 -.0175680
T  913  2 .3477663E+07   1200025E-01 -.9422E+03  .2664E+04   .9985225 -.0095235  .0534996
T  914  2 .3368769E+07   1200008E-01  .1364E+03  .1118E+01   .9999734 -.0020108 -.0070096
T  915  2 .3382324E+07   1200016E-01 -.1953E+04  .4986E+03   .9994280 -.0336812  .0030265
T  916  2 .3346272E+07   1200001E-01 -.1578E+04 -.1290E+04   .9992752  .0002308 -.0380667
T  917  2 .3359871E+07   1200016E-01 -.6945E+03  .1133E+04   .9998206 -.0084177  .0169685
T  918  2 .3369752E+07   1200007E-01  .9360E+03  .2110E+04   .9993688  .0231123  .0269772
T  919  2 .3375982E+07   1200013E-01  .1618E+03 -.2616E+04   .9990755 -.0135895 -.0407849
T  920  2 .3430787E+07   1200000E-01  .1258E+04 -.2413E+04   .9997561  .0158270 -.0154055
T  921  2 .3407106E+07   1200007E-01  .1227E+04  .2441E+03   .9995340  .0300483 -.0053824
T  922  2 .3406604E+07   1200018E-01 -.7813E+03 -.8668E+03   .9993064 -.0304499 -.0214352
T  923  2 .3433487E+07   1200013E-01 -.3077E+04 -.7118E+03   .9988522 -.0419749 -.0230715
T  924  2 .3377262E+07   1200022E-01 -.1405E+03  .1510E+04   .9997954  .0168527  .0111886
T  925  2 .3322471E+07   1200014E-01  .2941E+03 -.2240E+03   .9998998  .0137030  .0035597
T  926  2 .3426924E+07   1200011E-01  .1099E+04 -.4355E+02   .9995465  .0288654 -.0085779
T  927  2 .3427676E+07   1200008E-01  .6609E+03 -.3486E+04   .9996999  .0184454 -.0161218
T  928  2 .3366763E+07   1200014E-01  .3565E+03 -.1017E+04   .9999761  .0055600  .0040974
T  929  2 .3422905E+07   1200004E-01 -.1689E+03  .1725E+04   .9995861  .0033239  .0285760
T  930  2 .3415233E+07   1200021E-01  .2104E+04 -.6384E+03   .9988669  .0446236 -.0165440
T  931  2 .3400173E+07   1200005E-01 -.1496E+04  .6658E+03   .9998338 -.0181938  .0011621
T  932  2 .3380349E+07   1200024E-01 -.3302E+03 -.9363E+03   .9999472  .0075869 -.0069320
T  933  2 .3426043E+07   1200007E-01  .5527E+03  .4240E+04   .9981762 -.0187452  .0573845
T  934  2 .3416915E+07   1200023E-01 -.4004E+03 -.5287E+03   .9999532 -.0025118 -.0093395
T  935  2 .3379252E+07   1200003E-01  .1154E+04 -.1919E+04   .9930339  .0706269 -.0943156
T  936  2 .3410087E+07   1200010E-01 -.4445E+03 -.4121E+03   .9997740 -.0019893 -.0211671
T  937  2 .3346658E+07   1200004E-01 -.3425E+04  .9918E+03   .9866124 -.1500487  .0638862
T  938  2 .3403034E+07   1200022E-01  .3227E+03 -.1633E+03   .9999059  .0098770 -.0095213
T  939  2 .3365797E+07   1200013E-01  .2488E+03 -.1708E+04   .9997710  .0139517 -.0162234
T  940  2 .3356256E+07   1200013E-01 -.1828E+04  .1597E+04   .9994603 -.0256315  .0205472
T  941  2 .3462524E+07   1200012E-01 -.1244E+04 -.1237E+03   .9992446 -.0344956 -.0178944
T  942  2 .3429834E+07   1200007E-01 -.2767E+03  .1698E+04   .9989065  .0124595  .0450627
T  943  2 .3434802E+07   1200020E-01  .2286E+04  .1755E+03   .9991020  .0417467  .0072361
T  944  2 .3337433E+07   1200016E-01  .1634E+04 -.2725E+04   .9995443  .0122097 -.0276082
T  945  2 .3414314E+07   1200021E-01  .8314E+03 -.9585E+03   .9996359  .0197166 -.0184191
T  946  2 .3352058E+07   1200002E-01 -.3046E+04 -.4763E+03   .9981124 -.0589639  .0171748
T  947  2 .3386339E+07   1200020E-01  .2825E+04 -.4385E+03   .9994814  .0314360 -.0069782
T  948  2 .3399179E+07   1200011E-01  .6279E+03  .2063E+03   .9998409 -.0004890 -.0178295
T  949  2 .3402206E+07   1200014E-01  .9102E+03 -.1889E+03   .9999421  .0042816 -.0098724
T  950  2 .3430791E+07   1200011E-01  .2363E+04 -.1853E+03   .9991702  .0405589 -.0037369
T  951  2 .3382054E+07   1200007E-01 -.4456E+04  .7030E+03   .9987295 -.0478974  .0156628
T  952  2 .3347671E+07   1200014E-01  .1579E+04 -.1165E+04   .9979794  .0526272 -.0356027
T  953  2 .3369628E+07   1200001E-01 -.4588E+04 -.1257E+04   .9980326 -.0582180 -.0232738
T  954  2 .3481180E+07   1200013E-01 -.1260E+04 -.1508E+03   .9982997 -.0384106 -.0438440
T  955  2 .3412955E+07   1200005E-01 -.6875E+03 -.3120E+04   .9986853 -.0128639 -.0496204
T  956  2 .3318401E+07   1200020E-01  .2513E+04 -.4951E+03   .9998034  .0189278  .0059036
T  957  2 .3404469E+07   1200001E-01 -.1448E+04 -.3723E+03   .9994617 -.0321769  .0064056
T  958  2 .3427261E+07   1200016E-01 -.2245E+04  .1820E+04   .9995033 -.0298939  .0099729
T  959  2 .3447053E+07   1200005E-01 -.5734E+02 -.4097E+03   .9999873  .0030542 -.0039989
T  960  2 .3417350E+07   1200018E-01  .8984E+03  .1634E+04   .9999130 -.0025613  .0129434
T  961  2 .3417069E+07   1200000E-01 -.2045E+03  .1369E+03   .9999640 -.0084855  .0002858
T  962  2 .3403222E+07   1200022E-01  .9076E+02  .6472E+03   .9999908 -.0023336 -.0036037
T  963  2 .3413501E+07   1200013E-01  .6794E+03  .2117E+04   .9986132  .0384330  .0359813
T  964  2 .3377546E+07   1200020E-01 -.1273E+04 -.1486E+04   .9986240 -.0409281 -.0327872
T  965  2 .3345707E+07   1200013E-01 -.6378E+03  .1113E+03   .9998233 -.0068304  .0175151
T  966  2 .3334869E+07   1200012E-01 -.1150E+04 -.8502E+04   .9941970 -.0065077 -.1073773
T  967  2 .3406380E+07   1200013E-01 -.6832E+03  .1340E+04   .9993099 -.0232231  .0289886
T  968  2 .3412341E+07   1200024E-01 -.1597E+03 -.6827E+03   .9999100 -.0111355 -.0074872
T  969  2 .3370720E+07   1200013E-01  .1647E+03  .3547E+03   .9999911 -.0030097 -.0029453
T  970  2 .3413044E+07   1200014E-01 -.2426E+03  .1785E+04   .9985303  .0168511  .0515103
T  971  2 .3314973E+07   1200025E-01 -.2138E+04 -.3919E+03   .9993294 -.0355250 -.0088777
T  972  2 .3341374E+07   1200004E-01  .2438E+03  .1210E+04   .9999278  .0116326 -.0030220
T  973  2 .3423408E+07   1200003E-01  .9108E+03 -.1819E+04   .9994430  .0268340 -.0198386
T  974  2 .3434000E+07   1200024E-01 -.3080E+03 -.1150E+04   .9999772 -.0020392 -.0064367
T  975  2 .3352952E+07   1200013E-01 -.2775E+03 -.1005E+04   .9998711 -.0080904 -.0138686
T  976  2 .3465480E+07   1200011E-01 -.1530E+04 -.3072E+03   .9998336 -.0158166 -.0090852
T  977  2 .3388197E+07   1200020E-01 -.8333E+03 -.1526E+04   .9998178 -.0080720 -.0172992
T  978  2 .3379964E+07   1200018E-01  .7852E+03 -.1181E+04   .9994743  .0208352 -.0248419
T  979  2 .3394319E+07   1200015E-01 -.2263E+03 -.5043E+03   .9999906 -.0043303  .0003739
T  980  2 .3376447E+07   1200020E-01 -.1172E+04 -.2036E+04   .9972615 -.0416061 -.0611424
T  981  2 .3403831E+07   1200005E-01 -.4981E+03  .2419E+04   .9995686 -.0024004  .0292706
T  982  2 .3430093E+07   1200013E-01 -.1353E+04  .1680E+03   .9996157 -.0265617  .0079348
T  983  2 .3349496E+07   1200020E-01 -.2065E+03 -.5766E+03   .9991163 -.0346386 -.0238065
T  984  2 .3441990E+07   1200010E-01 -.8132E+02  .6970E+03   .9998874 -.0068625 -.0133482
T  985  2 .3416941E+07   1200006E-01  .3842E+04  .2061E+04   .9993000  .0326015  .0183472
T  986  2 .3405502E+07   1200009E-01  .1511E+04  .1078E+04   .9997498  .0189692  .0118577
T  987  2 .3457472E+07   1200018E-01  .1010E+03  .1339E+04   .9998372  .0097088  .0152057
T  988  2 .3376912E+07   1200023E-01  .2718E+02  .2260E+04   .9993347 -.0074312  .0357072
T  989  2 .3472086E+07   1200020E-01  .1230E+03  .7729E+03   .9999198 -.0049441  .0116608
T  990  2 .3389807E+07   1200023E-01  .4679E+03 -.1665E+02   .9998350  .0180468  .0020566
T  991  2 .3359626E+07   1200010E-01 -.4172E+04 -.1710E+04   .9918904 -.1105650 -.0626799
T  992  2 .3377327E+07   1200016E-01 -.1015E+04 -.1817E+04   .9999048 -.0125578 -.0057156
T  993  2 .3339730E+07   1200003E-01 -.1199E+02 -.3891E+03   .9998265 -.0129119 -.0134277
T  994  2 .3409880E+07   1200025E-01  .2187E+04 -.2697E+02   .9993330  .0350310  .0103144
T  995  2 .3421476E+07   1200003E-01  .1989E+03  .5900E+03   .9995837  .0161084  .0239383
T  996  2 .3402578E+07   1200002E-01 -.1015E+04 -.8324E+03   .9998155 -.0001099 -.0192075
T  997  2 .3356470E+07   1200019E-01  .1778E+04  .2065E+04   .9989626  .0254290  .0377762
T  998  2 .3435389E+07   1200012E-01 -.7114E+03  .1230E+04   .9998303 -.0107655  .0149517
T  999  2 .3407507E+07   1200015E-01  .4180E+03 -.1299E+04   .9996201  .0109486 -.0252944
T 1000  2 .3278925E+07   1200024E-01  .3561E+03 -.1852E+04   .9990103 -.0207977 -.0393176
