============================== SRIM-2008.04 ==============================
==============================================================================
===== TRIMOUT.txt: File of Transmitted / Backscattered / Sputtered Atoms =====
=  This file tabulates the kinetics of ions or atoms leaving the target.     =
=  Column #1: S= Sputtered Atom, B= Backscattered Ion, T= Transmitted Ion.   =
=  Col.#2: Ion Number, Col.#3: Z of atom leaving, Col.#4: Atom energy (eV).  =
=  Col.#5-7: Last location:  X= Depth into target, Y,Z= Transverse axes.     =
=  Col.#8-10: Cosines of final trajectory.                                   =
= *** This data file is in the same format as TRIM.DAT (see manual for uses).=
====== TRIM Calc.= He(5.48 MeV) ==> Mylar( 3.59 um) ==========================
 Ion  Atom   Energy        Depth       Lateral-Position        Atom Direction      
 Numb Numb    (eV)          X(A)        Y(A)       Z(A)      Cos(X)  Cos(Y) Cos(Z) 
T    1  2 .5072033E+07   3600029E-02 -.1706E+03 -.4650E+01   .9999778 -.0064922 -.0014948
T    2  2 .5061645E+07   3600174E-02  .1412E+02 -.5270E+02   .9999970  .0011446 -.0021435
T    3  2 .5077755E+07   3600012E-02 -.3491E+02  .5133E+02   .9999944 -.0006148  .0032764
T    4  2 .5081196E+07   3600155E-02 -.3025E+02 -.2598E+02   .9999950 -.0029887 -.0010451
T    5  2 .5054767E+07   3600156E-02 -.2114E+03  .4108E+03   .9999049 -.0049377  .0128774
T    6  2 .5086585E+07   3600164E-02 -.4679E+02  .1842E+03   .9999244 -.0030787  .0119084
T    7  2 .5064403E+07   3600112E-02  .5597E+02  .9102E+02   .9999450  .0048346  .0093042
T    8  2 .5071166E+07   3600047E-02 -.5825E+02  .3372E+02   .9999547 -.0046828  .0082891
T    9  2 .5073526E+07   3600169E-02  .1693E+03  .2368E+03   .9999657  .0040784  .0072075
T   10  2 .5059968E+07   3600199E-02  .9390E+01  .1074E+02   .9999993  .0007383  .0009212
T   11  2 .5093052E+07   3600067E-02 -.3255E+02  .1051E+01   .9999999 -.0003931 -.0002630
T   12  2 .5081443E+07   3600162E-02  .2339E+02  .2327E+02   .9999842 -.0018872  .0053042
T   13  2 .5078646E+07   3600089E-02  .3538E+01  .1584E+01   .9999988 -.0013651  .0007755
T   14  2 .5096940E+07   3600029E-02  .8209E+02  .2890E+02   .9999999  .0004649  .0000692
T   15  2 .5079197E+07   3600192E-02 -.5738E+02 -.5603E+02   .9995735 -.0225465 -.0185574
T   16  2 .5080076E+07   3600087E-02 -.6268E+02  .1704E+03   .9999386 -.0008914  .0110444
T   17  2 .5083199E+07   3600202E-02  .9202E+02 -.1415E+02   .9999970  .0004049 -.0024120
T   18  2 .5078256E+07   3600176E-02  .7549E+02 -.2549E+02   .9999691  .0078452 -.0004477
T   19  2 .5071563E+07   3600188E-02 -.6979E+02  .7263E+02   .9999809 -.0038200  .0048524
T   20  2 .5081155E+07   3600184E-02 -.4435E+02  .4300E+02   .9999886 -.0046865 -.0008609
T   21  2 .5071353E+07   3600090E-02 -.4502E+02  .5459E+02   .9999977 -.0021167 -.0002627
T   22  2 .5073462E+07   3600063E-02  .5379E+01  .3187E+02   .9999925  .0002188  .0038790
T   23  2 .5053466E+07   3600199E-02 -.2294E+02 -.5903E+02   .9999777  .0046200 -.0048213
T   24  2 .5092415E+07   3600104E-02 -.2430E+02 -.2463E+02   .9999967  .0001490 -.0025604
T   25  2 .5069384E+07   3600199E-02 -.7337E+02  .1159E+03   .9999714 -.0062675  .0042315
T   26  2 .5060306E+07   3600049E-02 -.2912E+02  .9065E+02   .9999853 -.0031936  .0043828
T   27  2 .5080449E+07   3600008E-02  .1090E+03  .1487E+02   .9999984  .0015010 -.0009477
T   28  2 .5092512E+07   3600001E-02  .3793E+02  .9475E+02   .9998833  .0151317  .0021214
T   29  2 .5080518E+07   3600187E-02  .3497E+02  .7806E+01   .9999890 -.0009456 -.0045946
T   30  2 .5064024E+07   3600114E-02 -.3886E+02 -.1824E+02   .9999882 -.0046834  .0012834
T   31  2 .5082845E+07   3600090E-02  .9844E+01  .8480E+02   .9999883  .0035863  .0032472
T   32  2 .5080827E+07   3600117E-02  .2710E+02  .3825E+02   .9999813 -.0060935  .0005334
T   33  2 .5078058E+07   3600018E-02  .7012E+02 -.1387E+02   .9999988  .0012423 -.0009244
T   34  2 .5063546E+07   3600065E-02 -.5571E+02 -.6105E+02   .9999925 -.0032046 -.0021807
T   35  2 .5076300E+07   3600024E-02  .1822E+02  .3744E+01   .9999997 -.0002399 -.0006906
T   36  2 .5090538E+07   3600008E-02  .6431E+02  .6824E+02   .9999931  .0011780  .0035291
T   37  2 .5084339E+07   3600066E-02  .2784E+03 -.1765E+03   .9999077  .0116061 -.0070703
T   38  2 .5057792E+07   3600137E-02 -.5006E+02  .1702E+02   .9999971 -.0008177 -.0022766
T   39  2 .5101505E+07   3600175E-02  .1611E+02  .5251E+01   .9999999  .0004281  .0001790
T   40  2 .5070938E+07   3600108E-02  .2594E+02 -.3434E+02   .9999916  .0016553 -.0037390
T   41  2 .5078307E+07   3600194E-02  .2076E+02  .1749E+02   .9999902  .0020732 -.0039178
T   42  2 .5095849E+07   3600217E-02 -.1926E+02 -.2876E+02   .9999962 -.0010156 -.0025803
T   43  2 .5077951E+07   3600007E-02  .6142E+02  .4610E+02   .9999881  .0039823  .0028350
T   44  2 .5091323E+07   3600167E-02 -.1448E+03 -.4793E+02   .9999387 -.0109480 -.0016448
T   45  2 .5099406E+07   3600213E-02  .3750E+02  .2361E+03   .9999302  .0014330  .0117278
T   46  2 .5076494E+07   3600103E-02  .3931E+02 -.4164E+02   .9999843  .0027684 -.0048747
T   47  2 .5087613E+07   3600173E-02 -.3530E+02  .1330E+02   .9999994  .0006247  .0009021
T   48  2 .5074946E+07   3600173E-02  .7480E+02 -.1213E+03   .9999928  .0012973 -.0035756
T   49  2 .5082763E+07   3600190E-02  .1261E+03 -.7076E+02   .9999872  .0036213 -.0035236
T   50  2 .5058157E+07   3600053E-02 -.7329E+02  .7104E+02   .9999819 -.0036214  .0048017
T   51  2 .5093512E+07   3600173E-02  .5359E+02  .2338E+02   .9999766  .0061115  .0030618
T   52  2 .5088615E+07   3600184E-02 -.8088E+02 -.1076E+01   .9999951 -.0013847  .0028132
T   53  2 .5070893E+07   3600073E-02  .5274E+02  .3398E+02   .9999922  .0001977  .0039442
T   54  2 .5075147E+07   3600116E-02 -.8347E+01  .4059E+02   .9999905 -.0000947  .0043669
T   55  2 .5076389E+07   3600141E-02  .6397E+02  .4631E+02   .9999873  .0024660  .0043862
T   56  2 .5066460E+07   3600052E-02  .4382E+03  .7834E+03   .9981435  .0296064  .0532265
T   57  2 .5076395E+07   3600025E-02 -.4314E+01  .1332E+02   .9999980 -.0008620  .0018017
T   58  2 .5094697E+07   3600073E-02  .5370E+01  .8717E+02   .9999041  .0011164  .0138054
T   59  2 .5067618E+07   3600066E-02  .2152E+03  .2016E+03   .9998892  .0114442  .0095177
T   60  2 .5081581E+07   3600051E-02 -.5812E+02  .2023E+03   .9999301 -.0066310  .0097922
T   61  2 .5088572E+07   3600185E-02  .5227E+02 -.6350E+00   .9999823  .0034860  .0048156
T   62  2 .5065757E+07   3600152E-02 -.8515E+02 -.4573E+02   .9999917 -.0028464 -.0029192
T   63  2 .5069969E+07   3600093E-02  .2036E+02 -.1004E+03   .9999911  .0013635 -.0039814
T   64  2 .5079001E+07   3600192E-02  .7916E+02  .3902E+02   .9999929  .0036779  .0008483
T   65  2 .5102962E+07   3600023E-02 -.7657E+02  .1189E+02   .9999938 -.0034577  .0006133
T   66  2 .5083196E+07   3600004E-02  .4259E+02 -.4656E+02   .9999905  .0039644 -.0018377
T   67  2 .5090867E+07   3600045E-02 -.1283E+03  .3188E+02   .9999474 -.0102319  .0007741
T   68  2 .5075431E+07   3600041E-02  .4914E+02  .2149E+02   .9999985  .0016479  .0004520
T   69  2 .5076473E+07   3600119E-02 -.2741E+02  .6827E+02   .9999819 -.0049143  .0034763
T   70  2 .5076891E+07   3600133E-02 -.1373E+03  .7541E+02   .9999546 -.0090498  .0029674
T   71  2 .5064908E+07   3600217E-02  .1008E+03  .1558E+03   .9999890  .0020066  .0042349
T   72  2 .5089949E+07   3600194E-02 -.5562E+02 -.3882E+02   .9999995  .0004442 -.0008579
T   73  2 .5083992E+07   3600187E-02 -.3079E+00  .1247E+02   .9999969 -.0018154  .0017160
T   74  2 .5075760E+07   3600098E-02 -.1987E+02  .7918E+02   .9999957  .0010552  .0027514
T   75  2 .5068119E+07   3600070E-02 -.1125E+02  .8763E+01   .9999963 -.0019200  .0019358
T   76  2 .5086457E+07   3600104E-02 -.2346E+02  .2025E+01   .9999931  .0034299 -.0014242
T   77  2 .5086593E+07   3600168E-02  .4548E+01 -.4455E+02   .9999911 -.0011775 -.0040436
T   78  2 .5084132E+07   3600209E-02 -.5685E+02  .3641E+02   .9999999 -.0002858  .0002879
T   79  2 .5075182E+07   3600002E-02  .2927E+02 -.7530E+02   .9999863  .0020799 -.0047935
T   80  2 .5089262E+07   3600122E-02  .1136E+03 -.2955E+02   .9999602  .0071309 -.0053642
T   81  2 .5041189E+07   3600042E-02  .8869E+02  .8603E+02   .9999854  .0013160  .0052381
T   82  2 .5088030E+07   3600183E-02  .2052E+02  .1231E+02   .9999982 -.0018643  .0004249
T   83  2 .5075223E+07   3600133E-02 -.3689E+02 -.1465E+00   .9999954  .0020138 -.0022765
T   84  2 .5073749E+07   3600179E-02  .4307E+02 -.1996E+02   .9999871  .0050701 -.0000437
T   85  2 .5063437E+07   3600191E-02  .7331E+02  .1085E+03   .9999360  .0088233  .0070864
T   86  2 .5106656E+07   3600015E-02  .2569E+02 -.7207E+02   .9999847  .0017406 -.0052464
T   87  2 .5070595E+07   3600199E-02  .3367E+02 -.1145E+03   .9999669  .0011565 -.0080579
T   88  2 .5091233E+07   3600204E-02 -.7757E+02  .1084E+03   .9999805 -.0021534  .0058567
T   89  2 .5056653E+07   3600157E-02  .2195E+03 -.4100E+02   .9999560  .0091778 -.0019371
T   90  2 .5065216E+07   3600053E-02 -.1361E+03  .3740E+02   .9999708 -.0069547  .0031602
T   91  2 .5065809E+07   3600020E-02  .4715E+02  .7816E+02   .9999852  .0010500  .0053337
T   92  2 .5074273E+07   3600049E-02  .1470E+02 -.1302E+02   .9999976  .0022067  .0001742
T   93  2 .5072570E+07   3600132E-02  .1769E+02  .3598E+03   .9992445  .0021727  .0388031
T   94  2 .5080826E+07   3600199E-02  .1258E+02  .2620E+02   .9999806  .0037538  .0049697
T   95  2 .5094752E+07   3600079E-02 -.9854E+02  .6517E+02   .9999942 -.0031068  .0014056
T   96  2 .5082227E+07   3600016E-02 -.1650E+03  .3539E+02   .9999642 -.0082811  .0017533
T   97  2 .5089153E+07   3600185E-02 -.5276E+02 -.4900E-01   .9999997  .0002648  .0007545
T   98  2 .5083715E+07   3600184E-02  .6429E+02 -.3861E+02   .9999846  .0048660 -.0026689
T   99  2 .5103127E+07   3600114E-02  .5710E+02 -.4411E+02   .9999948  .0012786 -.0029612
T  100  2 .5077634E+07   3600164E-02 -.3475E+02 -.2725E+02   .9999939 -.0011976 -.0032722
T  101  2 .5073332E+07   3600005E-02  .1413E+02 -.5033E+02   .9999548 -.0092943  .0019864
T  102  2 .5062242E+07   3600073E-02  .2628E+02 -.6045E+02   .9999900 -.0010041 -.0043491
T  103  2 .5062114E+07   3600150E-02  .1012E+03  .1635E+02   .9999978  .0013135  .0016485
T  104  2 .5090079E+07   3600041E-02  .8177E+02  .2081E+02   .9999976  .0014071  .0016861
T  105  2 .5075221E+07   3600041E-02 -.5100E+02 -.5084E+02   .9999514 -.0032959 -.0092958
T  106  2 .5049847E+07   3600056E-02 -.2127E+03 -.5280E+03   .9993983 -.0071145 -.0339484
T  107  2 .5078069E+07   3600140E-02 -.1475E+02  .1739E+02   .9999999  .0000576 -.0000200
T  108  2 .5089538E+07   3600174E-02 -.3282E+02  .6791E+02   .9999297 -.0115657  .0026169
T  109  2 .5062536E+07   3600216E-02  .1053E+03  .1453E+02   .9999820  .0059099  .0010677
T  110  2 .5091351E+07   3600163E-02 -.8999E+01 -.4723E+02   .9999994  .0007067 -.0008901
T  111  2 .5083663E+07   3600079E-02  .9082E+02 -.6219E+02   .9999185  .0083408 -.0096622
T  112  2 .5086824E+07   3600063E-02  .9657E+02  .1172E+02   .9999911  .0036438 -.0021165
T  113  2 .5078574E+07   3600211E-02  .4173E+03  .2857E+03   .9997781  .0164370  .0131776
T  114  2 .5083596E+07   3600016E-02 -.8550E+02  .1067E+03   .9999265 -.0072789  .0096957
T  115  2 .5051234E+07   3600034E-02 -.1081E+02  .8557E+02   .9999945 -.0027482  .0018714
T  116  2 .5071949E+07   3600110E-02 -.4758E+02  .4951E+02   .9999949 -.0001493  .0031874
T  117  2 .5063080E+07   3600200E-02 -.9065E+02  .6845E+02   .9999695 -.0062897  .0046402
T  118  2 .5065424E+07   3600000E-02 -.2244E+02  .8262E+02   .9999942 -.0018324  .0028803
T  119  2 .5082037E+07   3600040E-02 -.9258E+02 -.1968E+02   .9999917 -.0038415 -.0013241
T  120  2 .5080225E+07   3600002E-02 -.6328E+02  .5594E+02   .9999716  .0000700  .0075367
T  121  2 .5104316E+07   3600035E-02  .4528E+02 -.3170E+02   .9999992  .0011178  .0005013
T  122  2 .5079726E+07   3600138E-02 -.1641E+03  .2905E+02   .9999747 -.0069099 -.0016986
T  123  2 .5086497E+07   3600022E-02  .6790E+02 -.3085E+02   .9999967  .0025509  .0001209
T  124  2 .5086871E+07   3600217E-02  .4041E+02  .1213E+03   .9999672  .0030786  .0074864
T  125  2 .5072276E+07   3600098E-02  .7846E+01 -.3782E+02   .9999971  .0017906  .0015837
T  126  2 .5081093E+07   3600120E-02  .2757E+02  .5976E+02   .9999816  .0059850 -.0010273
T  127  2 .5081902E+07   3600073E-02 -.5286E+02 -.1427E+02   .9999978 -.0008003  .0019535
T  128  2 .5088763E+07   3600165E-02  .2029E+03 -.2769E+02   .9999750  .0057981 -.0040356
T  129  2 .5086393E+07   3600203E-02  .4227E+02 -.2506E+02   .9999981 -.0015991 -.0011058
T  130  2 .5084875E+07   3600164E-02  .2488E+02 -.1061E+03   .9999794 -.0013358 -.0062716
T  131  2 .5070327E+07   3600116E-02  .2474E+02  .1014E+02   .9999964  .0026800 -.0000373
T  132  2 .5100686E+07   3600036E-02 -.2306E+02  .1084E+03   .9999754  .0003627  .0070045
T  133  2 .5066273E+07   3600072E-02  .4735E+02 -.8855E+02   .9999841  .0031733 -.0046674
T  134  2 .5063851E+07   3600206E-02  .7987E+02 -.3924E+02   .9999970  .0018572 -.0016116
T  135  2 .5105558E+07   3600089E-02 -.1204E+03 -.3720E+02   .9999947 -.0011836 -.0030370
T  136  2 .5069673E+07   3600002E-02 -.6433E+02  .1488E+03   .9999835 -.0026897  .0050669
T  137  2 .5103129E+07   3600036E-02  .7171E+02  .5074E+02   .9999876  .0036513  .0033916
T  138  2 .5083515E+07   3600144E-02 -.2858E+02 -.6177E+02   .9999851 -.0054358 -.0004687
T  139  2 .5089624E+07   3600035E-02 -.5618E+02  .3411E+02   .9999869 -.0049758  .0011981
T  140  2 .5077323E+07   3600214E-02  .1068E+03  .1183E+03   .9999536  .0064348  .0071644
T  141  2 .5080544E+07   3600104E-02  .2482E+03  .1495E+03   .9998766  .0147167  .0055039
T  142  2 .5073746E+07   3600004E-02 -.1577E+03  .7909E+02   .9999485 -.0094340  .0037291
T  143  2 .5075116E+07   3600208E-02  .3051E+01  .1860E+02   .9999844 -.0055603  .0004278
T  144  2 .5060124E+07   3600194E-02 -.1099E+03  .9047E+02   .9999683 -.0039685  .0068973
T  145  2 .5066405E+07   3600111E-02  .1219E+02 -.1045E+03   .9999571 -.0009066 -.0092233
T  146  2 .5095028E+07   3600088E-02 -.1810E+02 -.2136E+02   .9999539 -.0082469 -.0049253
T  147  2 .5064303E+07   3600210E-02 -.4034E+02  .4553E+02   .9999753 -.0069054  .0013120
T  148  2 .5061559E+07   3600154E-02  .2130E+03  .1107E+03   .9999470  .0084004  .0059593
T  149  2 .5072401E+07   3600161E-02 -.1394E+03  .1082E+02   .9999802 -.0060142  .0018683
T  150  2 .5075514E+07   3600216E-02  .8070E+02 -.3399E+02   .9999994  .0008226  .0007175
T  151  2 .5091712E+07   3600113E-02  .1841E+03  .8550E+02   .9999784  .0047478  .0045432
T  152  2 .5078123E+07   3600034E-02 -.4677E+02  .7681E+02   .9999983 -.0002410  .0018381
T  153  2 .5072978E+07   3600097E-02 -.8517E+02 -.1118E+02   .9999913 -.0032343 -.0026472
T  154  2 .5078029E+07   3600177E-02  .1224E+03 -.1861E+02   .9999670  .0060677 -.0053994
T  155  2 .5077284E+07   3600196E-02  .2571E+03 -.7147E+02   .9999800  .0063287  .0001529
T  156  2 .5059618E+07   3600059E-02 -.4560E+02 -.7832E+01   .9999967 -.0024494  .0008072
T  157  2 .5081087E+07   3600069E-02 -.4224E+02 -.6814E+02   .9999896 -.0023224 -.0039151
T  158  2 .5049561E+07   3600106E-02  .3614E+01  .7337E+02   .9999826 -.0023862  .0053961
T  159  2 .5066671E+07   3600164E-02 -.9809E+02 -.8610E+02   .9999809 -.0040242 -.0046977
T  160  2 .5087232E+07   3600002E-02  .4680E+02 -.4674E+02   .9999474  .0058041 -.0084548
T  161  2 .5084371E+07   3600091E-02 -.2987E+01  .1137E+03   .9999407 -.0014866  .0107849
T  162  2 .5097344E+07   3600132E-02 -.3308E+02 -.5798E+02   .9999918 -.0011928 -.0038711
T  163  2 .5109146E+07   3600031E-02  .4759E+02  .4506E+02   .9999717  .0069668 -.0028219
T  164  2 .5077772E+07   3600212E-02 -.1162E+02 -.1098E+02   .9999979  .0011554 -.0016989
T  165  2 .5088522E+07   3600177E-02  .2657E+02 -.9285E+02   .9999714  .0035883 -.0066509
T  166  2 .5081528E+07   3600064E-02 -.1010E+03  .2778E+02   .9999792 -.0060621  .0021817
T  167  2 .5075563E+07   3600211E-02  .5601E+02  .1411E+02   .9999975  .0021480 -.0005353
T  168  2 .5102056E+07   3600070E-02  .7975E+02 -.6932E+02   .9999712  .0059236 -.0047343
T  169  2 .5069154E+07   3600162E-02 -.6072E+02 -.5244E+02   .9999901 -.0035192 -.0027371
T  170  2 .5062745E+07   3600164E-02  .3602E+02 -.1339E+03   .9999661 -.0005013 -.0082151
T  171  2 .5081531E+07   3600142E-02 -.2971E+02  .3297E+01   .9999923 -.0033340 -.0020719
T  172  2 .5081505E+07   3600039E-02 -.1157E+02  .1226E+02   .9999916 -.0028373  .0029642
T  173  2 .5099505E+07   3600124E-02 -.4759E+03  .3913E+03   .9996618 -.0222219  .0135082
T  174  2 .5064548E+07   3600160E-02 -.9535E+01 -.4549E+01   .9999997 -.0005088  .0006436
T  175  2 .5067583E+07   3600172E-02 -.8190E+02  .2007E+03   .9999286 -.0044758  .0110789
T  176  2 .5099854E+07   3600205E-02  .1593E+03 -.1499E+03   .9999686  .0069861 -.0037443
T  177  2 .5066929E+07   3600162E-02 -.3972E+02  .5558E+01   .9999951 -.0031112  .0001610
T  178  2 .5082095E+07   3600197E-02 -.2887E+03  .9878E+02   .9998015 -.0186298  .0070634
T  179  2 .5068902E+07   3600016E-02 -.5316E+02  .3564E+02   .9999979 -.0020460 -.0001604
T  180  2 .5078874E+07   3600006E-02  .3632E+03 -.6178E+02   .9998932  .0143184 -.0029211
T  181  2 .5072721E+07   3600130E-02  .1061E+03  .3219E+02   .9999744  .0070554 -.0011515
T  182  2 .5070170E+07   3600154E-02  .2759E+02 -.9096E+01   .9999941 -.0028093 -.0019530
T  183  2 .5078690E+07   3600086E-02  .9104E+00 -.5165E+01   .9999997  .0000074  .0007636
T  184  2 .5086012E+07   3600044E-02  .9742E+02  .1230E+02   .9999954  .0030263  .0001962
T  185  2 .5076564E+07   3600198E-02 -.1746E+02 -.4740E+02   .9999947  .0003294 -.0032439
T  186  2 .5083869E+07   3600119E-02 -.6706E+02  .1493E+02   .9999933 -.0031578  .0018434
T  187  2 .5083626E+07   3600198E-02  .3211E+03  .4362E+02   .9999294  .0116256  .0024704
T  188  2 .5074822E+07   3600081E-02 -.6562E+01 -.2815E+02   .9999950 -.0012330 -.0029029
T  189  2 .5058049E+07   3600043E-02 -.6174E+02  .3281E+02   .9999905 -.0034012  .0027218
T  190  2 .5070271E+07   3600216E-02 -.8692E+01 -.1776E+01   .9999983 -.0000713 -.0018303
T  191  2 .5062683E+07   3600094E-02 -.4798E+01  .1305E+02   .9999986  .0016308 -.0003265
T  192  2 .5054449E+07   3600024E-02  .1980E+03 -.8473E+02   .9999544  .0095159 -.0008309
T  193  2 .5085124E+07   3600216E-02 -.1823E+02  .4171E+02   .9999660  .0026385  .0078105
T  194  2 .5069661E+07   3600198E-02 -.7044E+02 -.3384E+02   .9999867 -.0050482 -.0010969
T  195  2 .5084867E+07   3600140E-02  .5654E+02  .8648E+02   .9999924  .0014940  .0036013
T  196  2 .5062549E+07   3600204E-02  .3020E+02 -.6867E+02   .9999847 -.0005656 -.0054953
T  197  2 .5079143E+07   3600171E-02  .5494E+02 -.5124E+02   .9999995 -.0000384  .0010236
T  198  2 .5074117E+07   3600135E-02 -.1337E+03 -.3288E+00   .9999427 -.0107058  .0002625
T  199  2 .5076678E+07   3600148E-02 -.2136E+02 -.7097E+02   .9999972 -.0003427 -.0023253
T  200  2 .5065032E+07   3600195E-02  .6770E+02  .1631E+02   .9999838  .0047684  .0031019
T  201  2 .5094745E+07   3600114E-02 -.1215E+03  .1156E+03   .9999687 -.0075865  .0022391
T  202  2 .5069585E+07   3600123E-02  .5583E+02 -.7804E+02   .9999871  .0048472 -.0015472
T  203  2 .5065848E+07   3600014E-02 -.2388E+02  .2397E+02   .9999974 -.0013496  .0018641
T  204  2 .5080126E+07   3600209E-02 -.2623E+02 -.5699E+02   .9999996  .0009110  .0002470
T  205  2 .5101949E+07   3600166E-02  .1559E+02  .9539E+02   .9999855  .0020634  .0049811
T  206  2 .5066485E+07   3600181E-02 -.1601E+03 -.1341E+01   .9999502 -.0088660  .0045831
T  207  2 .5074767E+07   3600162E-02 -.7279E+02  .4595E+02   .9999883 -.0044624  .0018840
T  208  2 .5074761E+07   3600163E-02  .3355E+02  .3354E+02   .9999979  .0020020  .0003825
T  209  2 .5097834E+07   3600108E-02 -.7404E+01 -.1374E+02   .9999960 -.0008722  .0026885
T  210  2 .5063452E+07   3600164E-02 -.1319E+03 -.1399E+02   .9999855 -.0042317  .0033283
T  211  2 .5085729E+07   3600043E-02 -.7258E+02 -.1524E+02   .9999939 -.0034681 -.0003324
T  212  2 .5079162E+07   3600064E-02  .1619E+02 -.1248E+02   .9999985  .0014849  .0008629
T  213  2 .5084715E+07   3600087E-02  .5371E+02  .1959E+02   .9999938  .0031385  .0015898
T  214  2 .5059634E+07   3600212E-02 -.1417E+02 -.9835E+01   .9999937 -.0022243 -.0027625
T  215  2 .5089768E+07   3600178E-02 -.8318E+02  .7937E+02   .9999713 -.0046362  .0059872
T  216  2 .5089621E+07   3600055E-02  .1218E+02 -.5675E+02   .9999947  .0025452 -.0020145
T  217  2 .5058220E+07   3600125E-02 -.3752E+02  .2985E+02   .9999778 -.0066438 -.0005906
T  218  2 .5089188E+07   3600161E-02 -.5876E+02 -.1848E+01   .9999797 -.0060874 -.0018637
T  219  2 .5077517E+07   3600151E-02  .2123E+02 -.3751E+02   .9999990  .0006425  .0012425
T  220  2 .5080205E+07   3600114E-02  .1897E+03  .3994E+01   .9999718  .0073495 -.0015333
T  221  2 .5058707E+07   3600079E-02 -.1230E+03  .1762E+03   .9999130 -.0090226  .0096252
T  222  2 .5059632E+07   3600123E-02  .4005E+03 -.3665E+03   .9998146  .0179655 -.0069346
T  223  2 .5083181E+07   3600138E-02  .1646E+03  .9815E+02   .9998779  .0148675  .0048105
T  224  2 .5051568E+07   3600125E-02  .4233E+02  .1936E+02   .9999940  .0033783  .0008285
T  225  2 .5079301E+07   3600160E-02 -.1567E+03 -.3496E+03   .9998032 -.0069386 -.0185861
T  226  2 .5064274E+07   3600081E-02 -.1813E+03 -.9179E+02   .9999756 -.0058684 -.0037879
T  227  2 .5066751E+07   3600014E-02  .9548E+02  .6541E+02   .9999505  .0095707  .0027222
T  228  2 .5077982E+07   3600168E-02 -.3008E+02  .1728E+03   .9999713 -.0011014  .0075015
T  229  2 .5065969E+07   3600025E-02  .1774E+02  .1479E+02   .9999980 -.0002988 -.0019866
T  230  2 .5063372E+07   3600202E-02 -.3633E+02  .4687E+02   .9999898 -.0033287  .0030593
T  231  2 .5093380E+07   3600125E-02  .2045E+03  .4556E+02   .9999687  .0078344  .0010750
T  232  2 .5063207E+07   3600110E-02  .5826E+02 -.7625E+00   .9999988  .0007547  .0013663
T  233  2 .5071799E+07   3600206E-02 -.1690E+02  .6262E+02   .9999899 -.0040908  .0018373
T  234  2 .5090980E+07   3600127E-02 -.2611E+02 -.1745E+02   .9999951  .0001342 -.0031246
T  235  2 .5089103E+07   3600161E-02  .3380E+02  .7635E+02   .9999911 -.0024111  .0034510
T  236  2 .5081037E+07   3600109E-02  .4486E+02 -.6538E+02   .9999846  .0032420 -.0045134
T  237  2 .5066939E+07   3600193E-02  .3393E+02  .1825E+02   .9999995  .0009586 -.0004016
T  238  2 .5071928E+07   3600020E-02  .1027E+02 -.5015E+02   .9999944  .0018260 -.0027902
T  239  2 .5076347E+07   3600020E-02  .6017E+02  .1276E+02   .9999998  .0005055 -.0004510
T  240  2 .5074745E+07   3600216E-02 -.1491E+03 -.1645E+03   .9999211 -.0074625 -.0101008
T  241  2 .5072117E+07   3600181E-02  .1171E+03  .5190E+02   .9999656  .0079343  .0024207
T  242  2 .5094693E+07   3600087E-02  .2943E+02  .4332E+02   .9999992 -.0001001 -.0012681
T  243  2 .5073881E+07   3600214E-02 -.3970E+01  .9858E+02   .9999854 -.0053656  .0005917
T  244  2 .5099529E+07   3600208E-02  .1159E+02 -.6791E+02   .9999889 -.0007487 -.0046579
T  245  2 .5088026E+07   3600116E-02  .1123E+02 -.4453E+02   .9999933 -.0010387 -.0034960
T  246  2 .5101792E+07   3600177E-02 -.9309E+00 -.3840E+02   .9999973 -.0014465  .0018055
T  247  2 .5077756E+07   3600196E-02  .3355E+02  .1672E+02   .9999879  .0038798 -.0030172
T  248  2 .5053838E+07   3600170E-02  .1833E+03 -.1978E+03   .9999780  .0061663 -.0024294
T  249  2 .5069983E+07   3600097E-02 -.6898E+02  .1084E+03   .9999067  .0007044  .0136441
T  250  2 .5066561E+07   3600072E-02 -.6733E+02 -.1022E+03   .9999795 -.0000063 -.0064056
T  251  2 .5081231E+07   3600107E-02 -.7091E+02  .7032E+02   .9999780 -.0042556  .0050817
T  252  2 .5082172E+07   3600196E-02 -.3081E+02 -.9671E+02   .9999604 -.0032290 -.0082936
T  253  2 .5072499E+07   3600147E-02 -.9129E+02  .8013E+02   .9999921 -.0034598  .0019442
T  254  2 .5051286E+07   3600188E-02  .1709E+03  .1941E+02   .9998775  .0141009 -.0067986
T  255  2 .5082142E+07   3600057E-02 -.7424E+02  .8630E+02   .9999822 -.0040767  .0043564
T  256  2 .5086983E+07   3600008E-02  .5646E+02 -.3088E+02   .9999927  .0019457 -.0032820
T  257  2 .5060555E+07   3600001E-02 -.4784E+02 -.7729E+02   .9999839 -.0031819 -.0046997
T  258  2 .5074280E+07   3600147E-02  .4976E+02 -.1424E+02   .9999972  .0014668 -.0018424
T  259  2 .5111387E+07   3600151E-02 -.6468E+02 -.3651E+02   .9999995 -.0009799 -.0001849
T  260  2 .5082748E+07   3600180E-02 -.6016E+02 -.4623E+02   .9999935 -.0033105 -.0014284
T  261  2 .5089057E+07   3600159E-02 -.8801E+01 -.1233E+03   .9999962  .0000269 -.0027466
T  262  2 .5061805E+07   3600209E-02  .8417E+02 -.6083E+02   .9999753  .0001125 -.0070252
T  263  2 .5073604E+07   3600152E-02  .4173E+02 -.2677E+02   .9999984  .0017110  .0004610
T  264  2 .5067860E+07   3600174E-02  .7668E+02 -.9079E+02   .9999830  .0020360 -.0054648
T  265  2 .5084328E+07   3600114E-02 -.2703E+02 -.8266E+02   .9999738  .0052266 -.0050108
T  266  2 .5077141E+07   3600115E-02 -.1329E+02  .4250E+02   .9999996 -.0007597  .0003956
T  267  2 .5063409E+07   3600132E-02 -.7423E+01  .8101E+02   .9999877  .0034828  .0035440
T  268  2 .5070522E+07   3600167E-02  .7781E+02  .5057E+01   .9999866  .0049616 -.0014448
T  269  2 .5089105E+07   3600083E-02 -.5183E+02 -.1599E+00   .9999981 -.0011994 -.0015663
T  270  2 .5054422E+07   3600173E-02  .6880E+01  .3046E+02   .9999992 -.0007114  .0010181
T  271  2 .5091104E+07   3600141E-02 -.4049E+01 -.5668E+02   .9999989  .0014791  .0003107
T  272  2 .5081793E+07   3600147E-02  .4345E+02 -.2082E+02   .9999972  .0017158  .0016232
T  273  2 .5078432E+07   3600055E-02 -.6141E+02 -.4642E+02   .9999664 -.0068892 -.0044537
T  274  2 .5080408E+07   3600151E-02 -.4145E+02 -.2589E+02   .9999938 -.0022631 -.0026952
T  275  2 .5073172E+07   3600008E-02  .9749E+02  .3378E+03   .9999138  .0066211  .0113387
T  276  2 .5078291E+07   3600052E-02 -.6327E+02 -.1210E+03   .9999915 -.0024497 -.0033289
T  277  2 .5059310E+07   3600200E-02  .4718E+02  .2859E+02   .9999894  .0045751  .0004272
T  278  2 .5091282E+07   3600025E-02 -.5498E+03 -.3530E+03   .9997639 -.0184551 -.0114698
T  279  2 .5062945E+07   3600194E-02  .1081E+03 -.1123E+02   .9999747  .0071026 -.0003779
T  280  2 .5086443E+07   3600072E-02 -.1810E+02 -.2171E+02   .9999903 -.0038953 -.0020772
T  281  2 .5096730E+07   3600126E-02  .1218E+02  .1715E+02   .9999999 -.0001785  .0004090
T  282  2 .5064358E+07   3600187E-02  .2434E+02 -.4195E+02   .9999870 -.0002120 -.0050882
T  283  2 .5061050E+07   3600144E-02 -.3402E+02 -.2259E+02   .9999871 -.0035604  .0036117
T  284  2 .5062799E+07   3600157E-02  .1964E+02 -.1104E+02   .9999930 -.0008094 -.0036590
T  285  2 .5103863E+07   3600000E-02 -.1267E+03  .1653E+03   .9999527 -.0071208  .0066287
T  286  2 .5092874E+07   3600048E-02  .2393E+02 -.3833E+02   .9999965  .0025407  .0006968
T  287  2 .5094084E+07   3600122E-02 -.4111E+01  .1110E+03   .9999869  .0008019  .0050555
T  288  2 .5096056E+07   3600119E-02 -.2020E+03 -.1740E+02   .9999811 -.0060628  .0009756
T  289  2 .5049174E+07   3600013E-02 -.1568E+03 -.1326E+03   .9999520 -.0088374 -.0042305
T  290  2 .5099557E+07   3600217E-02 -.6900E+01 -.4943E+02   .9999986  .0001480 -.0016740
T  291  2 .5046219E+07   3600137E-02  .3028E+01  .2103E+02   .9999966  .0003671  .0025693
T  292  2 .5083092E+07   3600213E-02 -.5179E+02  .7167E+02   .9999879 -.0031513  .0037899
T  293  2 .5078694E+07   3600049E-02  .8289E+02  .1893E+02   .9999820  .0055521  .0022744
T  294  2 .5059842E+07   3600074E-02  .2384E+02 -.2240E+03   .9999198  .0020416 -.0125027
T  295  2 .5084079E+07   3600195E-02  .2671E+02  .7137E+02   .9999727  .0023814  .0069934
T  296  2 .5066317E+07   3600124E-02 -.1891E+02  .1132E+02   .9999990 -.0013918  .0000155
T  297  2 .5078701E+07   3600036E-02 -.2313E+02 -.9132E+02   .9999676 -.0058330 -.0055453
T  298  2 .5070213E+07   3600078E-02  .7833E+02  .7667E+02   .9999473  .0066301  .0078406
T  299  2 .5090284E+07   3600098E-02 -.1572E+02 -.5535E+02   .9999989 -.0011011 -.0010358
T  300  2 .5068781E+07   3600147E-02 -.2842E+03 -.1082E+03   .9998151 -.0142992 -.0128530
T  301  2 .5072899E+07   3600167E-02  .4484E+02 -.2167E+02   .9999964  .0025653 -.0008214
T  302  2 .5054396E+07   3600052E-02 -.4239E+02  .8324E+02   .9999803 -.0039126  .0049114
T  303  2 .5076674E+07   3600213E-02  .3118E+02 -.8555E+02   .9999941 -.0000949 -.0034371
T  304  2 .5108923E+07   3600190E-02 -.5067E+02  .2830E+02   .9999895 -.0042956  .0015960
T  305  2 .5070646E+07   3600011E-02 -.5286E+02  .1340E+03   .9999664 -.0038268  .0072548
T  306  2 .5089199E+07   3600174E-02  .9630E+02  .1677E+02   .9999980  .0019022  .0006688
T  307  2 .5085862E+07   3600216E-02 -.2350E+02 -.3699E+02   .9999984 -.0000354 -.0018142
T  308  2 .5087146E+07   3600061E-02 -.6066E+01  .6122E+02   .9999961  .0026382  .0009287
T  309  2 .5076466E+07   3600064E-02  .5868E+02  .1150E+03   .9999920  .0021646  .0033760
T  310  2 .5082553E+07   3600017E-02 -.5808E+02 -.2645E+02   .9999960 -.0026654 -.0009857
T  311  2 .5063940E+07   3600059E-02  .1749E+03 -.1767E+03   .9999847  .0042935 -.0034865
T  312  2 .5069182E+07   3600153E-02  .6447E+02 -.6367E+02   .9998967  .0070629 -.0125200
T  313  2 .5078262E+07   3600210E-02 -.2583E+02 -.1061E+03   .9999770 -.0031022 -.0060350
T  314  2 .5074984E+07   3600144E-02 -.5627E+02 -.6115E+02   .9999725 -.0049610 -.0055064
T  315  2 .5084942E+07   3600076E-02  .8549E+02  .4275E+02   .9999991  .0013352  .0000813
T  316  2 .5074353E+07   3600066E-02 -.1191E+02 -.1842E+02   .9999932  .0028273 -.0023867
T  317  2 .5065312E+07   3600151E-02  .7272E+01  .2164E+02   .9999979 -.0001823  .0020591
T  318  2 .5076773E+07   3600160E-02  .4900E+02  .1495E+03   .9999584 -.0027282  .0087065
T  319  2 .5074260E+07   3600199E-02 -.2187E+02  .6556E+02   .9999990 -.0003713  .0013401
T  320  2 .5067619E+07   3600216E-02  .5173E+02 -.4794E+02   .9999983  .0017099  .0006203
T  321  2 .5076567E+07   3600056E-02 -.5945E+02 -.7602E+01   .9999980 -.0012356  .0015813
T  322  2 .5088232E+07   3600121E-02  .1058E+03  .8415E+02   .9999796  .0046130  .0044174
T  323  2 .5071199E+07   3600068E-02 -.8135E+02 -.7062E+02   .9999835 -.0027681 -.0050428
T  324  2 .5096018E+07   3600100E-02  .3323E+02 -.3239E+01   .9999979  .0010968  .0017528
T  325  2 .5100931E+07   3600025E-02  .4991E+02 -.4233E+02   .9999961  .0008574 -.0026642
T  326  2 .5095264E+07   3600092E-02 -.1347E+03 -.1893E+02   .9999820 -.0060044  .0000918
T  327  2 .5069003E+07   3600191E-02  .1314E+01  .1461E+03   .9999982 -.0012246  .0014688
T  328  2 .5091870E+07   3600100E-02  .4070E+02  .5574E+02   .9999501  .0073846  .0067350
T  329  2 .5081260E+07   3600067E-02 -.7229E+02  .9384E+02   .9999734 -.0056279  .0046332
T  330  2 .5112715E+07   3600188E-02  .1760E+03 -.2207E+01   .9999780  .0066279  .0002829
T  331  2 .5096257E+07   3600200E-02 -.4460E+02  .5460E+02   .9999957  .0002769  .0029066
T  332  2 .5072341E+07   3600160E-02  .7040E+01  .3054E+02   .9999833  .0028780  .0050191
T  333  2 .5078869E+07   3600157E-02  .1373E+03  .7734E+01   .9999806  .0061284  .0010941
T  334  2 .5036471E+07   3600194E-02 -.1964E+02  .3514E+04   .9878069 -.0043102  .1556246
T  335  2 .5073406E+07   3600209E-02  .3476E+02 -.1156E+02   .9999933  .0036437  .0003430
T  336  2 .5070258E+07   3600030E-02  .1220E+02  .9324E+02   .9999756  .0057963  .0038869
T  337  2 .5061537E+07   3600116E-02  .4282E+02 -.4279E+02   .9999976  .0017952 -.0012764
T  338  2 .5088994E+07   3600170E-02 -.5270E+02 -.1330E+02   .9999891 -.0040896 -.0022643
T  339  2 .5065640E+07   3600147E-02 -.2578E+02  .2089E+02   .9999956 -.0020166  .0021563
T  340  2 .5067363E+07   3600169E-02 -.7106E+02  .6663E+02   .9999969 -.0016056  .0019056
T  341  2 .5069866E+07   3600192E-02 -.1473E+02 -.5739E+02   .9999891 -.0046442 -.0003663
T  342  2 .5081292E+07   3600136E-02  .9804E+02  .3475E+03   .9998105  .0073366  .0180329
T  343  2 .5084110E+07   3600058E-02  .4255E+02 -.1972E+01   .9999916  .0039194 -.0012027
T  344  2 .5069703E+07   3600170E-02  .4201E+02 -.7297E+02   .9999809  .0022121 -.0057659
T  345  2 .5084814E+07   3600076E-02 -.6578E+02  .1293E+02   .9999946 -.0030146 -.0013457
T  346  2 .5054394E+07   3600161E-02 -.3196E+03 -.4316E+01   .9998960 -.0144051 -.0006767
T  347  2 .5053312E+07   3600192E-02  .9777E+02  .2538E+02   .9999942  .0033829  .0002889
T  348  2 .5094664E+07   3600073E-02  .1108E+03 -.4850E+01   .9999833  .0051456  .0026320
T  349  2 .5098412E+07   3600016E-02 -.3896E+02  .6502E+02   .9999918 -.0013756  .0038003
T  350  2 .5076532E+07   3600125E-02  .4403E+02  .6073E+02   .9999839  .0021704  .0052469
T  351  2 .5066122E+07   3600128E-02  .1001E+03 -.3212E+02   .9999939  .0034508 -.0005538
T  352  2 .5064960E+07   3600044E-02  .1115E+03  .1203E+03   .9999474  .0017217  .0101104
T  353  2 .5069233E+07   3600093E-02 -.9524E+02 -.1082E+03   .9999886 -.0009484 -.0046889
T  354  2 .5064610E+07   3600114E-02  .2871E+02 -.5914E+02   .9999966  .0017538 -.0019122
T  355  2 .5072551E+07   3600053E-02 -.4443E+02 -.4798E+03   .9998398 -.0001729 -.0178974
T  356  2 .5085379E+07   3600217E-02 -.1807E+03 -.4930E+02   .9999700 -.0063386 -.0044434
T  357  2 .5076764E+07   3600163E-02 -.5873E+02  .4457E+02   .9999885 -.0036284  .0031248
T  358  2 .5063176E+07   3600132E-02 -.3687E+02 -.1774E+03   .9999285 -.0079785 -.0089113
T  359  2 .5080729E+07   3600167E-02  .1224E+03  .1338E+03   .9999680  .0062591  .0049762
T  360  2 .5065164E+07   3600101E-02  .2294E+02 -.6011E+02   .9999934  .0019297 -.0030849
T  361  2 .5051721E+07   3600075E-02  .3262E+02 -.1061E+03   .9999801 -.0010268 -.0062191
T  362  2 .5062194E+07   3600072E-02  .7087E+02 -.7265E+02   .9999913  .0025439 -.0033164
T  363  2 .5064487E+07   3600009E-02 -.2585E+02  .9904E+01   .9999934 -.0022962 -.0028185
T  364  2 .5086345E+07   3600178E-02 -.3992E+00 -.5522E+02   .9999991  .0012212 -.0005667
T  365  2 .5082543E+07   3600006E-02 -.6671E+02  .7262E+02   .9999883 -.0041846  .0024441
T  366  2 .5098885E+07   3600010E-02 -.5481E+02  .1079E+03   .9999926 -.0007838  .0037741
T  367  2 .5079060E+07   3600004E-02  .1480E+03  .8547E+02   .9999845  .0055105  .0008390
T  368  2 .5085805E+07   3600013E-02  .4384E+00 -.1101E+03   .9999930 -.0027603 -.0025353
T  369  2 .5041256E+07   3600151E-02  .1110E+03 -.5972E+02   .9999834  .0035808 -.0045231
T  370  2 .5073317E+07   3600192E-02 -.1770E+02 -.2315E+02   .9999996  .0000816 -.0009133
T  371  2 .5096186E+07   3600030E-02 -.6410E+02  .1014E+03   .9999733 -.0051819  .0051561
T  372  2 .5063847E+07   3600146E-02  .5190E+02 -.6208E+01   .9999945  .0013812  .0030141
T  373  2 .5074890E+07   3600031E-02  .1008E+02  .1253E+03   .9999763  .0027820  .0063039
T  374  2 .5092003E+07   3600100E-02  .1969E+02  .8389E+02   .9999957  .0000192  .0029281
T  375  2 .5090802E+07   3600059E-02  .1388E+02  .8022E+02   .9999938  .0007135  .0034366
T  376  2 .5075141E+07   3600142E-02 -.4722E+03  .1037E+02   .9997596 -.0219262 -.0002025
T  377  2 .5079979E+07   3600094E-02  .6841E+02 -.1772E+02   .9998020  .0165694 -.0110208
T  378  2 .5102842E+07   3600004E-02  .2150E+01 -.1320E+03   .9999685  .0009119 -.0078806
T  379  2 .5072615E+07   3600172E-02 -.2591E+02  .4716E+02   .9999964  .0016141  .0021281
T  380  2 .5076268E+07   3600154E-02  .5277E+02  .1072E+03   .9998762  .0126099  .0094134
T  381  2 .5065847E+07   3600035E-02  .3351E+01  .2217E+02   .9999864 -.0048133  .0020293
T  382  2 .5059439E+07   3600140E-02  .7103E+01 -.6216E+02   .9999976  .0016123 -.0014846
T  383  2 .5088665E+07   3600212E-02  .9025E+02 -.1613E+02   .9999985  .0016102 -.0006370
T  384  2 .5078113E+07   3600019E-02 -.6694E+02  .8982E+02   .9999995 -.0007707 -.0005632
T  385  2 .5079270E+07   3600192E-02  .2975E+03 -.7158E+02   .9999317  .0111828 -.0034006
T  386  2 .5090222E+07   3600142E-02  .3699E+01  .2959E+02   .9999915 -.0022319  .0034615
T  387  2 .5090200E+07   3600118E-02 -.6039E+02  .5390E+02   .9999928 -.0035265  .0013706
T  388  2 .5091526E+07   3600008E-02  .9239E+02 -.2969E+02   .9999757  .0061725  .0032469
T  389  2 .5095200E+07   3600025E-02  .1472E+03 -.7944E+02   .9999679 -.0023727 -.0076543
T  390  2 .5067133E+07   3600182E-02 -.4783E+02  .9304E+02   .9999810 -.0030718  .0053427
T  391  2 .5071290E+07   3600132E-02  .1510E+03 -.3941E+02   .9999573  .0076565 -.0051813
T  392  2 .5061446E+07   3600091E-02 -.7262E+00 -.2124E+02   .9999991 -.0013613 -.0000324
T  393  2 .5076079E+07   3600187E-02 -.2058E+03 -.2252E+03   .9998892 -.0095581 -.0114122
T  394  2 .5088696E+07   3600167E-02 -.1154E+01 -.4344E+02   .9999999 -.0002890 -.0001071
T  395  2 .5088023E+07   3600210E-02 -.1311E+03 -.2401E+02   .9998142 -.0192730  .0002708
T  396  2 .5087976E+07   3600101E-02 -.1646E+02  .1058E+02   .9999995 -.0010331  .0000780
T  397  2 .5079730E+07   3600042E-02  .1451E+03 -.7747E+02   .9991505  .0287633 -.0295115
T  398  2 .5077357E+07   3600194E-02 -.3519E+02  .4687E+02   .9999986 -.0009775  .0013930
T  399  2 .5058690E+07   3600000E-02  .5165E+02 -.8871E+01   .9999969  .0020160 -.0014708
T  400  2 .5104846E+07   3600036E-02 -.5877E+02 -.3931E+02   .9999829 -.0036827 -.0045341
T  401  2 .5059047E+07   3600024E-02 -.1050E+03  .4545E+02   .9998306 -.0167303  .0076704
T  402  2 .5079854E+07   3600043E-02 -.1175E+03 -.2373E+02   .9999958 -.0028466 -.0005727
T  403  2 .5078752E+07   3600039E-02  .1035E+03  .4375E+00   .9999822  .0059349 -.0005518
T  404  2 .5098019E+07   3600150E-02 -.6724E+02  .1138E+03   .9999672 -.0035326  .0072921
T  405  2 .5093697E+07   3600120E-02  .1238E+03 -.1808E+01   .9999925  .0038782  .0001912
T  406  2 .5099108E+07   3600086E-02  .5195E+03  .8002E+01   .9996067  .0280250 -.0009904
T  407  2 .5083688E+07   3600188E-02  .6202E+02 -.2392E+02   .9999837  .0027814 -.0049928
T  408  2 .5091469E+07   3600044E-02  .4550E+02  .6455E+02   .9999982  .0018953 -.0002060
T  409  2 .5075825E+07   3600183E-02 -.5304E+02 -.3160E+02   .9999823 -.0040421 -.0043698
T  410  2 .5095609E+07   3600202E-02 -.8595E+02 -.2149E+02   .9999440 -.0103416  .0022629
T  411  2 .5073453E+07   3600199E-02  .1755E+02 -.1726E+02   .9999838  .0026714 -.0050193
T  412  2 .5097671E+07   3600144E-02  .4934E+01 -.5127E+02   .9999966 -.0006762 -.0025274
T  413  2 .5078855E+07   3600217E-02  .1949E+02 -.4312E+02   .9999970  .0007261 -.0023407
T  414  2 .5069235E+07   3600169E-02  .1362E+02  .4734E+02   .9999975 -.0009424  .0020287
T  415  2 .5087469E+07   3600023E-02 -.4879E+02  .1862E+02   .9999844 -.0055849  .0002346
T  416  2 .5085518E+07   3600140E-02  .5472E+02  .1812E+02   .9999934  .0024380  .0027081
T  417  2 .5088716E+07   3600142E-02 -.6821E+02  .4531E+01   .9999971 -.0006551  .0023198
T  418  2 .5079523E+07   3600040E-02 -.2078E+03  .1270E+03   .9998997 -.0125008  .0066543
T  419  2 .5060740E+07   3600000E-02 -.2723E+02  .1270E+03   .9999849 -.0001412  .0054966
T  420  2 .5078450E+07   3600090E-02 -.6521E+02 -.2393E+01   .9999958 -.0027178  .0010382
T  421  2 .5082768E+07   3600080E-02  .5049E+01 -.6703E+01   .9999918 -.0040575  .0000857
T  422  2 .5096270E+07   3600135E-02  .2347E+02 -.1722E+01   .9999966  .0025542 -.0004534
T  423  2 .5077795E+07   3600107E-02 -.6379E+02 -.1240E+03   .9999601 -.0054221 -.0070982
T  424  2 .5088637E+07   3600004E-02  .5501E+02  .1820E+02   .9999959  .0027195  .0008446
T  425  2 .5061631E+07   3600133E-02  .1294E+02 -.5950E+01   .9999914 -.0037123  .0018581
T  426  2 .5072667E+07   3600038E-02 -.4015E+02 -.1848E+03   .9999412 -.0012402 -.0107770
T  427  2 .5076966E+07   3600057E-02  .4159E+01  .6274E+02   .9999790 -.0003631  .0064744
T  428  2 .5084111E+07   3600160E-02  .2790E+02 -.5888E+02   .9999632  .0006550 -.0085587
T  429  2 .5073917E+07   3600162E-02 -.6131E+02 -.1735E+02   .9999854 -.0031352 -.0043994
T  430  2 .5098038E+07   3600140E-02  .5179E+02  .2388E+02   .9999848  .0039591 -.0038413
T  431  2 .5078105E+07   3600020E-02  .4218E+02 -.3802E+02   .9999926 -.0003851 -.0038158
T  432  2 .5083719E+07   3600115E-02  .2403E+02  .2342E+02   .9999996  .0006407 -.0005906
T  433  2 .5085600E+07   3600177E-02  .3099E+02 -.6780E+02   .9999764 -.0024581 -.0064192
T  434  2 .5074626E+07   3600162E-02  .1503E+02 -.2678E+02   .9999985  .0000749  .0017266
T  435  2 .5056461E+07   3600045E-02  .3986E+02  .3623E+03   .9997790 -.0048252  .0204603
T  436  2 .5079892E+07   3600201E-02  .2976E+02 -.1816E+01   .9999946 -.0021372  .0024986
T  437  2 .5098144E+07   3600079E-02 -.8278E+02 -.1014E+03   .9999934  .0016220 -.0032407
T  438  2 .5090878E+07   3600093E-02  .5567E+02  .1155E+03   .9999698  .0022267  .0074427
T  439  2 .5059581E+07   3600092E-02 -.1107E+03 -.9177E+02   .9999695 -.0068936 -.0036764
T  440  2 .5059917E+07   3600153E-02 -.7884E+02 -.4412E+02   .9999568 -.0072326 -.0058455
T  441  2 .5068757E+07   3600038E-02 -.1323E+02 -.2836E+03   .9998698 -.0025058 -.0159395
T  442  2 .5066364E+07   3600181E-02  .2925E+02 -.1368E+03   .9999704  .0067001 -.0037861
T  443  2 .5075520E+07   3600139E-02  .5448E+02 -.9459E+02   .9999986 -.0010808 -.0012533
T  444  2 .5075223E+07   3600092E-02 -.1846E+03 -.2495E+02   .9999631 -.0085880  .0003042
T  445  2 .5075722E+07   3600129E-02 -.3494E+02  .5287E+02   .9999911 -.0033235  .0025993
T  446  2 .5071895E+07   3600158E-02  .6420E+02 -.7627E+02   .9999849  .0053351  .0012994
T  447  2 .5075147E+07   3600125E-02 -.9014E+01  .5718E+02   .9999990  .0000935  .0013753
T  448  2 .5062069E+07   3600037E-02  .3983E+01 -.1773E+02   .9999977  .0020193 -.0007824
T  449  2 .5083090E+07   3600155E-02  .3019E+02 -.1525E+02   .9999957  .0005662  .0028720
T  450  2 .5089294E+07   3600028E-02  .1844E+03 -.5759E+03   .9998022  .0075071 -.0184161
T  451  2 .5089532E+07   3600202E-02  .1646E+02 -.6047E+02   .9999979  .0013963 -.0014813
T  452  2 .5081189E+07   3600213E-02  .1942E+02  .6233E+02   .9999993 -.0005456  .0010946
T  453  2 .5080276E+07   3600029E-02  .4881E+01  .3241E+02   .9999971  .0019635  .0013978
T  454  2 .5068044E+07   3600212E-02 -.1531E+02 -.1030E+03   .9999673 -.0034991 -.0072844
T  455  2 .5059032E+07   3600197E-02  .4244E+01 -.1373E+02   .9999979 -.0020099 -.0004180
T  456  2 .5062283E+07   3600059E-02  .2291E+02 -.1221E+03   .9999908 -.0019370 -.0038231
T  457  2 .5075349E+07   3600075E-02  .1247E+03 -.2588E+02   .9999694  .0076205  .0017709
T  458  2 .5078157E+07   3600195E-02  .4460E+03  .9725E+02   .9997485  .0221402  .0035696
T  459  2 .5099086E+07   3600085E-02  .1322E+02 -.7824E+02   .9999981  .0002094  .0019261
T  460  2 .5061140E+07   3600155E-02  .3008E+01  .1003E+03   .9999906 -.0019507  .0038785
T  461  2 .5085081E+07   3600144E-02  .5775E+02  .1803E+02   .9999901  .0038900 -.0021649
T  462  2 .5075883E+07   3600189E-02  .4925E+02 -.1872E+03   .9999641  .0028398 -.0079814
T  463  2 .5078552E+07   3600087E-02  .3930E+02  .7047E+02   .9999929  .0016466  .0033935
T  464  2 .5091481E+07   3600086E-02 -.2649E+02 -.2588E+02   .9999964 -.0019751 -.0018080
T  465  2 .5073047E+07   3600155E-02  .6564E+02 -.2771E+03   .9999469  .0030036 -.0098534
T  466  2 .5058005E+07   3600030E-02  .6888E+01 -.2226E+02   .9999964 -.0020559 -.0017435
T  467  2 .5076451E+07   3600207E-02 -.4214E+01 -.8831E+02   .9999936  .0006674 -.0035064
T  468  2 .5073551E+07   3600016E-02 -.1235E+02  .2785E+02   .9999952  .0008328  .0029899
T  469  2 .5090105E+07   3600141E-02  .2460E+02  .2890E+02   .9999969  .0011883  .0021964
T  470  2 .5064282E+07   3600182E-02 -.8184E+02  .4361E+02   .9999927 -.0031488  .0021677
T  471  2 .5054513E+07   3600086E-02 -.5766E+02  .8773E+02   .9999822 -.0019087  .0056506
T  472  2 .5091096E+07   3600034E-02  .4852E+01 -.1044E+03   .9999976  .0006733 -.0020848
T  473  2 .5069219E+07   3600003E-02 -.2092E+02 -.1181E+02   .9999983  .0009333 -.0016040
T  474  2 .5081338E+07   3600187E-02  .3248E+03 -.6683E+02   .9998610  .0160630 -.0044569
T  475  2 .3732359E+07   3600058E-02 -.4482E+04  .9499E+04   .4649743 -.3815752  .7988738
T  476  2 .5098611E+07   3600118E-02 -.2343E+02 -.1009E+03   .9999817 -.0017061 -.0058058
T  477  2 .5070069E+07   3600008E-02 -.2013E+02  .6791E+01   .9999978  .0013640 -.0015810
T  478  2 .5067455E+07   3600131E-02 -.5036E+02 -.1072E+03   .9999853 -.0051630 -.0016560
T  479  2 .5076686E+07   3600033E-02 -.4915E+02 -.1115E+03   .9999900 -.0035113 -.0027552
T  480  2 .5067506E+07   3600153E-02  .1578E+02 -.2173E+02   .9999929 -.0011844 -.0035716
T  481  2 .5081659E+07   3600176E-02  .2322E+02  .4049E+02   .9999839  .0003196  .0056595
T  482  2 .5067902E+07   3600005E-02 -.8180E+01 -.1134E+02   .9999993 -.0011277 -.0002051
T  483  2 .5089269E+07   3600129E-02  .9376E+01  .1884E+00   .9999979  .0000612  .0020455
T  484  2 .5075235E+07   3600049E-02 -.1495E+01  .2262E+02   .9999978  .0016578 -.0013118
T  485  2 .5082889E+07   3600170E-02  .3774E+03  .1760E+03   .9998274  .0160065  .0094333
T  486  2 .5090670E+07   3600095E-02 -.3025E+02 -.6220E+02   .9999817 -.0030349 -.0052313
T  487  2 .5078289E+07   3600184E-02 -.1166E+02 -.5036E+02   .9999997  .0006930 -.0002484
T  488  2 .5073673E+07   3600160E-02 -.2727E+02  .5313E+02   .9999910  .0006585  .0041824
T  489  2 .5081928E+07   3600016E-02  .1088E+02 -.1006E+03   .9999785  .0027827 -.0059385
T  490  2 .5059769E+07   3600163E-02  .7538E+02  .1126E+03   .9999864  .0048484  .0019244
T  491  2 .5089199E+07   3600063E-02  .1053E+03  .1516E+02   .9999981  .0010945 -.0016193
T  492  2 .5085968E+07   3600125E-02 -.2073E+02 -.7669E+02   .9999974  .0002918 -.0022442
T  493  2 .5069952E+07   3600201E-02 -.5110E+02 -.6189E+02   .9999968 -.0010899 -.0023034
T  494  2 .5056814E+07   3600154E-02  .9620E+02 -.1698E+03   .9999285 -.0048779 -.0109202
T  495  2 .5082335E+07   3600014E-02 -.7207E+02 -.3211E+02   .9998788  .0057989 -.0144483
T  496  2 .5065692E+07   3600207E-02 -.6757E+02 -.1221E+02   .9999954 -.0016426 -.0025410
T  497  2 .5080735E+07   3600139E-02  .7398E+01  .5075E+02   .9999935 -.0018255 -.0031247
T  498  2 .5082739E+07   3600170E-02  .1517E+03 -.2097E+02   .9999742  .0071331 -.0008964
T  499  2 .5073946E+07   3600062E-02 -.5272E+02 -.5882E+01   .9999912 -.0041740 -.0003712
T  500  2 .5079665E+07   3600176E-02  .2317E+02 -.3131E+02   .9999908 -.0013229 -.0040720
T  501  2 .5083488E+07   3600033E-02 -.1796E+03 -.1459E+02   .9999825 -.0059053 -.0003027
T  502  2 .5066296E+07   3600146E-02  .3830E+02 -.6419E+02   .9999692  .0073088  .0028596
T  503  2 .5074292E+07   3600119E-02  .1813E+02 -.1808E+02   .9999959  .0017591 -.0022603
T  504  2 .5071924E+07   3600058E-02  .2664E+02 -.4808E+02   .9999927  .0023719 -.0029892
T  505  2 .5050983E+07   3600116E-02  .2964E+02 -.1171E+03   .9999700  .0027438 -.0072495
T  506  2 .5071131E+07   3600153E-02 -.1443E+02 -.6479E+01   .9999994 -.0010660 -.0003204
T  507  2 .5092016E+07   3600063E-02  .5802E+02  .8061E+01   .9999958  .0012442  .0026186
T  508  2 .5097809E+07   3600024E-02  .1000E+02 -.3603E+02   .9999975 -.0007160 -.0021295
T  509  2 .5065339E+07   3600059E-02 -.8827E+02  .1072E+03   .9999832 -.0050503  .0028367
T  510  2 .5058591E+07   3600075E-02 -.6818E+02 -.1379E+03   .9999971  .0001450 -.0024027
T  511  2 .5072757E+07   3600073E-02 -.9807E+02  .1106E+02   .9999999  .0000115  .0001645
T  512  2 .5073078E+07   3600103E-02  .1963E+03 -.1248E+02   .9999813  .0058932 -.0016278
T  513  2 .5083388E+07   3600005E-02 -.1527E+03 -.1474E+02   .9999737 -.0072546 -.0000175
T  514  2 .5085966E+07   3600062E-02 -.2582E+02 -.4204E+02   .9999735 -.0072531  .0006045
T  515  2 .5086585E+07   3600081E-02  .4353E+02  .1023E+03   .9999919  .0022015  .0033745
T  516  2 .5072672E+07   3600180E-02 -.8718E+02  .6912E+02   .9999844 -.0037316  .0041592
T  517  2 .5089956E+07   3600033E-02 -.3986E+02  .2755E+02   .9999969 -.0023127 -.0008852
T  518  2 .5075854E+07   3600153E-02  .4126E+02  .8086E+02   .9999908  .0012593  .0041049
T  519  2 .5097679E+07   3600209E-02  .4234E+02  .5353E+01   .9999957  .0028340  .0007005
T  520  2 .5086391E+07   3600121E-02  .1017E+03 -.1009E+02   .9999615  .0083364 -.0027340
T  521  2 .5090952E+07   3600065E-02  .1426E+03  .5778E+02   .9999531  .0094614  .0020820
T  522  2 .5087997E+07   3600049E-02  .1386E+02  .4221E+02   .9999998 -.0003531  .0005557
T  523  2 .5088437E+07   3600200E-02 -.3719E+02  .5510E+02   .9999953  .0012373  .0027996
T  524  2 .5084303E+07   3600097E-02  .1064E+02  .5206E+02   .9999992  .0010857  .0006704
T  525  2 .5072634E+07   3600156E-02 -.2453E+02 -.2977E+03   .9998514 -.0026470 -.0170352
T  526  2 .5057938E+07   3600024E-02  .6969E+02  .7787E+02   .9999887  .0035455  .0031791
T  527  2 .5066698E+07   3600206E-02  .1307E+02 -.5367E+02   .9999982  .0007169 -.0017533
T  528  2 .5083271E+07   3600033E-02 -.2876E+02  .8754E+01   .9999995 -.0009017 -.0003789
T  529  2 .5072578E+07   3600196E-02  .1227E+02 -.6672E+02   .9999949  .0006479 -.0031342
T  530  2 .5080259E+07   3600110E-02  .4599E+02  .1915E+03   .9999789 -.0064652 -.0005733
T  531  2 .5074675E+07   3600098E-02 -.3736E+02  .9581E+02   .9999922 -.0023523  .0031696
T  532  2 .5087036E+07   3600136E-02  .1716E+01  .3466E+02   .9999993  .0003180 -.0011023
T  533  2 .5074299E+07   3600003E-02 -.1257E+03  .4143E+03   .9998965 -.0022620  .0142099
T  534  2 .5096334E+07   3600055E-02  .3063E+02  .5645E+01   .9999945 -.0025301 -.0021673
T  535  2 .5077436E+07   3600200E-02  .1855E+03 -.3212E+02   .9999704  .0074493 -.0019358
T  536  2 .5081430E+07   3600180E-02 -.4516E+01  .7065E+02   .9999936  .0027725  .0022705
T  537  2 .5087552E+07   3600161E-02  .1776E+02  .2473E+02   .9999952 -.0028882 -.0011113
T  538  2 .5095780E+07   3600087E-02 -.9955E+01 -.9423E+01   .9999928 -.0037813 -.0003418
T  539  2 .5058889E+07   3600140E-02 -.8719E+03  .8204E+03   .9989501 -.0283405  .0359932
T  540  2 .5090484E+07   3600207E-02 -.3017E+03 -.2729E+03   .9999246 -.0103892 -.0065489
T  541  2 .5067495E+07   3600134E-02 -.1307E+02  .7662E+01   .9998898  .0124550 -.0080817
T  542  2 .5082781E+07   3600183E-02  .4375E+02 -.3984E+02   .9999910  .0035979  .0022548
T  543  2 .5064896E+07   3600030E-02 -.2365E+03 -.8258E+02   .9999230 -.0119696 -.0032803
T  544  2 .5090417E+07   3600188E-02 -.1990E+03  .6122E+02   .9999917 -.0028059  .0029612
T  545  2 .5092453E+07   3600159E-02 -.6783E+02 -.1642E+02   .9999294  .0046532 -.0109338
T  546  2 .5059610E+07   3600168E-02  .5047E+02 -.1228E+02   .9999813  .0056600  .0023054
T  547  2 .5072145E+07   3600165E-02 -.6490E+02 -.3104E+02   .9999986 -.0008434  .0014242
T  548  2 .5095091E+07   3600014E-02 -.4753E+02  .6559E+02   .9999997 -.0004521  .0005914
T  549  2 .5095752E+07   3600177E-02  .5449E+02  .1251E+03   .9999770  .0028540  .0061474
T  550  2 .5087174E+07   3600153E-02 -.3869E+02  .1322E+02   .9999982  .0002925  .0018713
T  551  2 .5069804E+07   3600083E-02  .1121E+02  .6599E+02   .9999978 -.0013813  .0015766
T  552  2 .5064588E+07   3600188E-02 -.6463E+01  .5722E+02   .9999911 -.0005601  .0041750
T  553  2 .5076850E+07   3600036E-02 -.1152E+03 -.8159E+02   .9999962 -.0003557 -.0027366
T  554  2 .5070339E+07   3600168E-02  .2570E+03  .8043E+02   .9999232  .0109712  .0057652
T  555  2 .5094573E+07   3600170E-02 -.4210E+02 -.2071E+02   .9999995 -.0008577 -.0004364
T  556  2 .5071374E+07   3600051E-02  .6503E+02 -.1956E+02   .9999979  .0011257 -.0017177
T  557  2 .5089208E+07   3600038E-02 -.1265E+03 -.1540E+02   .9999877 -.0049545 -.0001785
T  558  2 .5090500E+07   3600203E-02 -.1026E+03  .6373E+01   .9999844 -.0044377 -.0033781
T  559  2 .5076248E+07   3600161E-02  .1472E+02 -.2180E+02   .9999712 -.0061392 -.0044684
T  560  2 .5084208E+07   3600207E-02  .8411E+02 -.2586E+02   .9999922  .0033862  .0020520
T  561  2 .5089678E+07   3600145E-02 -.6293E+02  .9572E+01   .9999960 -.0017983  .0021862
T  562  2 .5074077E+07   3600097E-02 -.3917E+02 -.4136E+02   .9999888 -.0047036 -.0005124
T  563  2 .5070860E+07   3600000E-02  .4094E+02 -.5821E+02   .9999938  .0034527 -.0006867
T  564  2 .5073080E+07   3600085E-02 -.5151E+01  .9672E+02   .9999870 -.0008676  .0050163
T  565  2 .5066104E+07   3600057E-02  .5628E+02 -.1082E+02   .9999925  .0018915  .0033796
T  566  2 .5088863E+07   3600062E-02 -.3808E+02  .5412E+01   .9999998  .0006274 -.0000397
T  567  2 .5069322E+07   3600137E-02 -.6270E+02  .3131E+02   .9999979 -.0019948  .0005522
T  568  2 .5067344E+07   3600109E-02  .8401E+01 -.2135E+03   .9999574  .0050836 -.0077028
T  569  2 .5080928E+07   3600021E-02  .1306E+02  .1225E+03   .9999734  .0046470  .0056292
T  570  2 .5096426E+07   3600175E-02 -.4519E+02  .5285E+02   .9999792  .0038020  .0052169
T  571  2 .5066996E+07   3600147E-02  .6310E+02  .2915E+02   .9999932  .0005783  .0036490
T  572  2 .5068530E+07   3600141E-02  .4624E+02  .7227E+02   .9999774  .0065557  .0015063
T  573  2 .5081369E+07   3600131E-02  .1915E+02  .7848E+02   .9999977  .0004263  .0021222
T  574  2 .5082150E+07   3600195E-02  .3766E+02 -.1200E+03   .9999903  .0020525 -.0039030
T  575  2 .5057854E+07   3600048E-02 -.1272E+03 -.1284E+03   .9999853 -.0053899  .0006267
T  576  2 .5075688E+07   3600012E-02  .3579E+02 -.5868E+02   .9999907  .0012959 -.0041048
T  577  2 .5082178E+07   3600205E-02  .1262E+02 -.5878E+02   .9999945  .0031946 -.0008746
T  578  2 .5072832E+07   3600155E-02  .1165E+03  .2917E+03   .9997529  .0145355  .0168168
T  579  2 .5070229E+07   3600144E-02 -.1004E+03 -.3840E+02   .9999912 -.0034102 -.0024250
T  580  2 .5060426E+07   3600120E-02  .8159E+02  .5084E+02   .9999880  .0034481  .0034801
T  581  2 .5106885E+07   3600181E-02  .1471E+03  .6586E+02   .9999802  .0062506  .0007665
T  582  2 .5069564E+07   3600187E-02 -.7288E+02  .1842E+03   .9999734 -.0003885  .0072846
T  583  2 .5090057E+07   3600046E-02  .9120E+02 -.7862E+02   .9999595  .0089599 -.0008508
T  584  2 .5067592E+07   3600126E-02  .2422E+02  .3291E+02   .9999995  .0003380  .0009510
T  585  2 .5079141E+07   3600216E-02  .7477E+02 -.2312E+02   .9999881  .0046354 -.0015313
T  586  2 .5079317E+07   3600009E-02  .3147E+02 -.1989E+02   .9999974  .0013905  .0017993
T  587  2 .5093909E+07   3600197E-02  .4729E+02 -.3996E+02   .9999947 -.0013084 -.0029821
T  588  2 .5094745E+07   3600200E-02 -.6231E+02 -.6870E+02   .9999829 -.0052514 -.0025848
T  589  2 .5102725E+07   3600206E-02 -.2862E+02 -.1501E+03   .9999842 -.0019301 -.0052791
T  590  2 .5064958E+07   3600107E-02 -.4490E+02  .3723E+01   .9999998 -.0006887 -.0001362
T  591  2 .5108085E+07   3600179E-02 -.2681E+02 -.3328E+02   .9999581 -.0075835 -.0051359
T  592  2 .5072572E+07   3600007E-02 -.8529E+02  .2080E+01   .9999837 -.0056954  .0004681
T  593  2 .5080811E+07   3600201E-02 -.1804E+02  .1695E+01   .9999997 -.0003127 -.0006932
T  594  2 .5103380E+07   3600113E-02  .2185E+02 -.6263E+01   .9999885  .0034917 -.0032851
T  595  2 .5057630E+07   3600006E-02 -.7603E+02 -.5298E+02   .9999626 -.0006290 -.0086299
T  596  2 .5096540E+07   3600065E-02  .8402E+02  .7300E+02   .9999757  .0047211  .0051299
T  597  2 .5074735E+07   3600086E-02 -.6752E+01  .5368E+02   .9999963  .0007791  .0026147
T  598  2 .5044464E+07   3600004E-02 -.1947E+03  .9081E+02   .9999678 -.0071704  .0036075
T  599  2 .5080120E+07   3600183E-02  .6425E+02 -.8615E+02   .9999996 -.0006780 -.0006313
T  600  2 .5083244E+07   3600069E-02  .3271E+02  .4208E+02   .9999938  .0035020 -.0003901
T  601  2 .5071475E+07   3600095E-02 -.2318E+03 -.2012E+02   .9999419 -.0104228 -.0027385
T  602  2 .5066397E+07   3600218E-02  .6135E+02 -.5376E+02   .9999946 -.0006594 -.0032326
T  603  2 .5057314E+07   3600191E-02 -.1001E+02  .3145E+02   .9999955  .0003719  .0029657
T  604  2 .5077903E+07   3600068E-02  .1014E+02  .1055E+01   .9999995  .0008994  .0004711
T  605  2 .5069503E+07   3600094E-02  .1007E+03  .3360E+02   .9999978 -.0006764  .0019689
T  606  2 .5085523E+07   3600127E-02  .5826E+02  .1508E+02   .9999944  .0033167 -.0003830
T  607  2 .5089126E+07   3600119E-02 -.4366E+02  .1046E+02   .9999905 -.0043374  .0003787
T  608  2 .5077966E+07   3600095E-02  .6952E+02 -.1507E+03   .9999786  .0061237 -.0023150
T  609  2 .5071348E+07   3600169E-02  .1155E+03  .5406E+02   .9999798  .0055202  .0031492
T  610  2 .5094021E+07   3600210E-02 -.2328E+02  .4813E+02   .9999927 -.0003570  .0038136
T  611  2 .5075565E+07   3600205E-02  .3288E+02 -.2041E+02   .9999948  .0010066 -.0030745
T  612  2 .5084261E+07   3600126E-02  .3447E+02  .8856E+02   .9998422  .0069735  .0163376
T  613  2 .5076242E+07   3600001E-02 -.5701E+02 -.6925E+02   .9999853 -.0034693 -.0041600
T  614  2 .5072819E+07   3600165E-02 -.8391E+02  .1988E+02   .9999747 -.0048358  .0052096
T  615  2 .5073107E+07   3600128E-02  .5807E+02 -.5011E+01   .9999934  .0024245  .0027166
T  616  2 .5070301E+07   3600114E-02  .1490E+02  .1308E+03   .9999272  .0024772  .0118116
T  617  2 .5077323E+07   3600199E-02 -.2945E+03  .1052E+03   .9999205 -.0106392  .0067656
T  618  2 .5095800E+07   3600089E-02  .5177E+02  .1177E+02   .9999963  .0024843  .0010678
T  619  2 .5063558E+07   3600204E-02 -.4839E+03  .4983E+02   .9999259 -.0118016  .0029969
T  620  2 .5061071E+07   3600142E-02  .2098E+02 -.6282E+01   .9999999  .0002793 -.0001457
T  621  2 .5083236E+07   3600005E-02 -.4914E+02  .2226E+03   .9999502 -.0032544  .0094298
T  622  2 .5103524E+07   3600108E-02 -.1936E+02  .1148E+03   .9999925 -.0004869  .0038295
T  623  2 .5066543E+07   3600099E-02 -.1292E+01 -.3917E+02   .9999967  .0024767  .0006973
T  624  2 .5052736E+07   3600114E-02  .1072E+03  .5188E+02   .9999895  .0007272  .0045284
T  625  2 .5086954E+07   3600172E-02  .8801E+02 -.8597E+02   .9999968  .0025129  .0000448
T  626  2 .5095017E+07   3600209E-02  .5588E+02  .1797E+02   .9999953  .0029565 -.0008278
T  627  2 .5066675E+07   3600201E-02 -.5618E+02  .1583E+03   .9999548 -.0060922  .0073007
T  628  2 .5073894E+07   3600086E-02  .8222E+01 -.6176E+02   .9999952 -.0029972  .0007974
T  629  2 .5081634E+07   3600076E-02  .6649E+02  .7138E+02   .9999968  .0024809 -.0005359
T  630  2 .5065231E+07   3600213E-02  .1201E+03 -.1126E+02   .9999833  .0053728 -.0021504
T  631  2 .5081867E+07   3600040E-02 -.2461E+02 -.1138E+03   .9999823 -.0055752 -.0020543
T  632  2 .5093412E+07   3600133E-02  .2515E+02  .3475E+02   .9999963 -.0001331  .0026996
T  633  2 .5070124E+07   3600186E-02 -.1619E+03  .6759E+02   .9999909 -.0023311  .0035628
T  634  2 .5061869E+07   3600177E-02 -.4910E+02 -.1159E+03   .9999893 -.0035766 -.0029424
T  635  2 .5077698E+07   3600071E-02 -.2972E+02  .1206E+03   .9999430 -.0023981  .0104072
T  636  2 .5082637E+07   3600142E-02 -.5153E+02  .4772E+02   .9999983 -.0004892 -.0017936
T  637  2 .5075286E+07   3600045E-02 -.1949E+01 -.5957E+02   .9999644 -.0064526 -.0054377
T  638  2 .5073325E+07   3600128E-02 -.6920E+02  .3888E+02   .9999787  .0011863  .0064168
T  639  2 .5064993E+07   3600074E-02 -.2037E+02 -.1057E+03   .9999737 -.0016942 -.0070455
T  640  2 .5073415E+07   3600112E-02  .5541E+02  .2913E+02   .9999958  .0028180 -.0006322
T  641  2 .5073710E+07   3600105E-02  .8584E+02  .5785E+02   .9999942  .0031195  .0013345
T  642  2 .5079615E+07   3600041E-02  .6160E+02  .2978E+02   .9999934  .0029494 -.0021004
T  643  2 .5076347E+07   3600018E-02 -.8000E+02  .2825E+02   .9999837 -.0054701  .0016106
T  644  2 .5101586E+07   3600177E-02  .2330E+02  .6172E+01   .9999998  .0004235 -.0004998
T  645  2 .5065504E+07   3600137E-02 -.7446E+02 -.7603E+02   .9999628 -.0075340 -.0042031
T  646  2 .5070132E+07   3600001E-02 -.7621E+02 -.3490E+02   .9999773 -.0067257  .0004047
T  647  2 .5090235E+07   3600209E-02  .6643E+02  .1598E+02   .9999839  .0038752  .0041368
T  648  2 .5082259E+07   3600074E-02  .2076E+01 -.1170E+03   .9999867 -.0004021 -.0051438
T  649  2 .5071715E+07   3600070E-02  .8644E+02  .8031E-01   .9999790  .0062815  .0016128
T  650  2 .5068188E+07   3600152E-02  .2412E+03 -.6790E+03   .9994236  .0135049 -.0311477
T  651  2 .5077420E+07   3600158E-02  .4630E+02  .4029E+00   .9999542  .0093705 -.0019450
T  652  2 .5080141E+07   3600149E-02 -.4954E+01 -.6979E+02   .9999074 -.0096521 -.0095914
T  653  2 .5095841E+07   3600168E-02  .7317E+02  .5858E+02   .9999996  .0008480  .0000958
T  654  2 .5076971E+07   3600114E-02 -.6190E+02 -.2688E+02   .9999859 -.0052163  .0010328
T  655  2 .5095269E+07   3600179E-02 -.1065E+02 -.7002E+02   .9999948  .0003391 -.0032120
T  656  2 .5105266E+07   3600145E-02 -.5275E+02  .4534E+02   .9999970 -.0014347  .0020088
T  657  2 .5093112E+07   3600180E-02 -.6314E+02 -.8534E+02   .9999666 -.0055879 -.0059694
T  658  2 .5071011E+07   3600009E-02 -.4956E+01  .5501E+02   .9999809 -.0042480  .0044986
T  659  2 .5072554E+07   3600212E-02 -.8166E+01  .8981E+02   .9999641  .0007631  .0084376
T  660  2 .5087245E+07   3600111E-02  .5385E+01  .1152E+03   .9999708 -.0021680  .0073263
T  661  2 .5068010E+07   3600209E-02  .8777E+01  .3776E+02   .9999976  .0011974 -.0018567
T  662  2 .5090312E+07   3600191E-02  .1986E+02  .5169E+01   .9999983 -.0001071  .0018204
T  663  2 .5075699E+07   3600101E-02  .1644E+02  .1959E+02   .9999996 -.0002392 -.0009122
T  664  2 .5077766E+07   3600147E-02  .6986E+02  .6367E+01   .9999965  .0025491 -.0007375
T  665  2 .5088769E+07   3600195E-02 -.2009E+03  .5355E+02   .9999680 -.0078650  .0014839
T  666  2 .5068665E+07   3600141E-02 -.3965E+02 -.9530E+02   .9999706 -.0071444 -.0027713
T  667  2 .5091865E+07   3600196E-02 -.5179E+02  .2660E+02   .9999954 -.0029811  .0006033
T  668  2 .5074395E+07   3600169E-02 -.2425E+02  .3950E+02   .9999996 -.0008052 -.0004763
T  669  2 .5066764E+07   3600107E-02  .1678E+02 -.5398E+02   .9999929  .0034802 -.0014370
T  670  2 .5100833E+07   3600135E-02  .6600E+02  .2075E+02   .9999917  .0038241  .0014349
T  671  2 .5074264E+07   3600212E-02  .6751E+02 -.9541E+01   .9999900  .0044234  .0006829
T  672  2 .5090141E+07   3600078E-02 -.2097E+02  .8179E+02   .9999826 -.0047526 -.0034953
T  673  2 .5078358E+07   3600205E-02  .3136E+02 -.4094E+02   .9999946  .0012057 -.0030728
T  674  2 .5095754E+07   3600182E-02  .1027E+03 -.8247E+02   .9999893  .0043748 -.0014928
T  675  2 .5089596E+07   3600164E-02 -.2632E+02 -.5404E+02   .9999823 -.0016627 -.0057046
T  676  2 .5086438E+07   3600188E-02  .9986E+02  .8605E+02   .9999859  .0053017 -.0001142
T  677  2 .5054737E+07   3600040E-02  .1347E+03  .4943E+02   .9999898  .0041673  .0017187
T  678  2 .5104760E+07   3600117E-02  .3247E+02 -.4483E+02   .9999983  .0006448 -.0017237
T  679  2 .5084242E+07   3600002E-02 -.3127E+02  .4482E+02   .9999957 -.0006867  .0028562
T  680  2 .5088361E+07   3600064E-02  .8679E+02 -.1708E+03   .9999887  .0009214 -.0046623
T  681  2 .5088054E+07   3600040E-02 -.1823E+03  .4754E+02   .9999568 -.0082357  .0043201
T  682  2 .5097982E+07   3600008E-02 -.2877E+01  .8954E+02   .9999942  .0012208  .0031899
T  683  2 .5084722E+07   3600176E-02 -.3495E+03 -.8215E+02   .9996838 -.0245428 -.0054695
T  684  2 .5084465E+07   3600064E-02 -.2225E+02  .3612E+02   .9999981 -.0012494  .0014959
T  685  2 .5066824E+07   3600184E-02 -.1840E+02 -.7634E+02   .9999896 -.0018352 -.0041844
T  686  2 .5088456E+07   3600004E-02  .5657E+02  .6000E+02   .9999953  .0001671  .0030635
T  687  2 .5076809E+07   3600176E-02 -.4602E+02  .5239E+02   .9999990 -.0011679  .0008577
T  688  2 .5087862E+07   3600189E-02 -.1837E+02 -.1123E+02   .9999952 -.0030988  .0000061
T  689  2 .5072576E+07   3600026E-02 -.1439E+02 -.4421E+02   .9999872  .0015527 -.0048254
T  690  2 .5080757E+07   3600001E-02 -.2770E+03 -.1635E+03   .9999674 -.0069201 -.0041636
T  691  2 .5084637E+07   3600033E-02  .9480E+00 -.7059E+02   .9999896  .0011470 -.0044120
T  692  2 .5078053E+07   3600165E-02 -.2015E+03  .3038E+03   .9998860 -.0101441  .0111872
T  693  2 .5070895E+07   3600090E-02  .2876E+02 -.1025E+03   .9999937  .0028517 -.0020920
T  694  2 .5056661E+07   3600091E-02  .7456E+02  .7505E+02   .9999320  .0057978  .0101148
T  695  2 .5073498E+07   3600035E-02  .5377E+01 -.1761E+02   .9999978  .0014534 -.0015278
T  696  2 .5081390E+07   3600100E-02  .7184E+02  .1531E+03   .9999701  .0015022  .0075849
T  697  2 .5068398E+07   3600177E-02 -.7686E+02  .1293E+03   .9999895 -.0036131  .0028075
T  698  2 .5071481E+07   3600213E-02 -.1018E+03  .4184E+02   .9999867 -.0050919 -.0008240
T  699  2 .5088147E+07   3600081E-02 -.1200E+03 -.6129E+02   .9999615 -.0087431  .0006982
T  700  2 .5091884E+07   3600022E-02 -.9194E+01 -.5284E+02   .9999998  .0006417 -.0000246
T  701  2 .5078259E+07   3600197E-02 -.1968E+02 -.5883E+02   .9999952 -.0003995 -.0030718
T  702  2 .5076663E+07   3600192E-02  .2207E+02  .1060E+03   .9999845  .0007953  .0055093
T  703  2 .5073367E+07   3600161E-02  .6217E+02  .1213E+02   .9999926  .0038182  .0004808
T  704  2 .5061935E+07   3600137E-02  .2542E+02  .5003E+02   .9999793  .0054720  .0033822
T  705  2 .5079440E+07   3600197E-02  .5892E+02 -.2702E+02   .9999934  .0006366 -.0035774
T  706  2 .5077333E+07   3600054E-02 -.2610E+02 -.2541E+01   .9999908 -.0027415 -.0032982
T  707  2 .5071647E+07   3600166E-02  .1499E+03  .9878E+02   .9999448  .0097961  .0037976
T  708  2 .5087802E+07   3600218E-02 -.9338E+02  .9231E+01   .9999904 -.0024325 -.0036549
T  709  2 .5069947E+07   3600154E-02  .8979E+02 -.1476E+03   .9999742  .0000538 -.0071796
T  710  2 .5054178E+07   3600210E-02 -.3316E+02  .3094E+02   .9999907 -.0024801  .0035388
T  711  2 .5067528E+07   3600182E-02  .6352E+02  .1073E+03   .9999497  .0048873  .0087550
T  712  2 .5084424E+07   3600152E-02  .6424E+01 -.1357E+03   .9999747 -.0015534 -.0069435
T  713  2 .5061274E+07   3600206E-02  .5363E+02 -.1320E+03   .9999881  .0014256 -.0046701
T  714  2 .5081640E+07   3600143E-02 -.5991E+02 -.3591E+02   .9999947 -.0020645 -.0025301
T  715  2 .5067692E+07   3600114E-02 -.2475E+01  .4134E+02   .9999999  .0004831  .0001181
T  716  2 .5093154E+07   3600187E-02  .7710E+02 -.1541E+02   .9999844  .0050122  .0024822
T  717  2 .5091170E+07   3600036E-02 -.1466E+02  .7869E+01   .9999988 -.0013920  .0006485
T  718  2 .5098939E+07   3600066E-02 -.4282E+01 -.9979E+01   .9999924 -.0039014 -.0001163
T  719  2 .5086753E+07   3600146E-02 -.2926E+03  .1596E+01   .9999233 -.0121605  .0023571
T  720  2 .5099283E+07   3600195E-02 -.4434E+02  .1015E+03   .9999613 -.0058835  .0065477
T  721  2 .5076075E+07   3600189E-02  .1897E+02 -.1663E+02   .9999957  .0012061 -.0026899
T  722  2 .5085985E+07   3600144E-02 -.2895E+02 -.2871E+02   .9999982 -.0015135  .0011017
T  723  2 .5075036E+07   3600030E-02 -.6454E+02  .2641E+02   .9999862 -.0045003  .0027153
T  724  2 .5081350E+07   3600201E-02 -.3908E+02  .5018E+01   .9999801 -.0061195  .0015167
T  725  2 .5082244E+07   3600010E-02 -.2118E+02  .4358E+02   .9999778 -.0038872  .0054046
T  726  2 .5062406E+07   3600134E-02  .5186E+02 -.1030E+03   .9999737  .0023047 -.0068749
T  727  2 .5097673E+07   3600198E-02  .7395E+02 -.1294E+02   .9999917  .0032036  .0025086
T  728  2 .5072143E+07   3600217E-02  .5024E+02 -.7604E+02   .9999923  .0031519 -.0023497
T  729  2 .5067344E+07   3600064E-02 -.1968E+03  .7070E+02   .9998965 -.0126871 -.0067871
T  730  2 .5081605E+07   3600063E-02  .2231E+02  .4134E+02   .9999962  .0016336  .0022404
T  731  2 .5070478E+07   3600173E-02 -.4138E+02  .7650E+02   .9999831 -.0028472  .0050602
T  732  2 .5079587E+07   3600026E-02 -.9924E+02  .4662E+02   .9999928 -.0035604  .0013471
T  733  2 .5064734E+07   3600012E-02 -.2566E+02 -.1652E+02   .9999862 -.0002836 -.0052448
T  734  2 .5082589E+07   3600036E-02  .4453E+02  .8639E+02   .9999966  .0004063  .0025819
T  735  2 .5093181E+07   3600003E-02  .3222E+02  .7341E+01   .9999884  .0036385  .0031516
T  736  2 .5062956E+07   3600217E-02 -.3939E+02 -.6561E+02   .9999751 -.0068582 -.0016545
T  737  2 .5062948E+07   3600122E-02 -.5286E+02 -.1220E+02   .9999979 -.0019003  .0007570
T  738  2 .5101039E+07   3600175E-02 -.8917E+02 -.5864E+02   .9999841 -.0040371 -.0039249
T  739  2 .5103807E+07   3600058E-02 -.2046E+02 -.4753E+01   .9999933 -.0028791  .0022752
T  740  2 .5087851E+07   3600171E-02 -.5282E+02  .3525E+01   .9999776 -.0063888  .0019896
T  741  2 .5070173E+07   3600127E-02  .6948E+01 -.2880E+01   .9999988  .0000074  .0015473
T  742  2 .5064067E+07   3600013E-02 -.3019E+02 -.3229E+02   .9999957 -.0029439 -.0000702
T  743  2 .5068102E+07   3600202E-02 -.4251E+02  .3729E+01   .9999975 -.0015906  .0015476
T  744  2 .5082895E+07   3600203E-02  .2132E+02  .3451E+02   .9999900  .0012476  .0042936
T  745  2 .5076535E+07   3600169E-02  .5758E+02  .5091E+02   .9999590  .0014725  .0089366
T  746  2 .5066087E+07   3600188E-02  .1322E+02 -.5684E+01   .9999801  .0062884  .0005182
T  747  2 .5080466E+07   3600057E-02 -.4577E+02 -.5503E+02   .9999939 -.0005957 -.0034540
T  748  2 .5102888E+07   3600073E-02 -.2775E+02 -.6030E+02   .9999894  .0012445 -.0044286
T  749  2 .5058935E+07   3600151E-02  .1984E+02  .2506E+03   .9999386 -.0039861  .0103439
T  750  2 .5077530E+07   3600153E-02  .7648E+02  .2378E+02   .9999949  .0031568  .0004445
T  751  2 .5102239E+07   3600022E-02  .1183E+03  .1300E+03   .9999581  .0078044  .0047916
T  752  2 .5082791E+07   3600123E-02  .6174E+02 -.4529E+02   .9999861  .0050991 -.0013269
T  753  2 .5088079E+07   3600182E-02  .2069E+02 -.4464E+02   .9999994  .0005720  .0009763
T  754  2 .5075259E+07   3600128E-02 -.7152E+02 -.4620E+02   .9999961 -.0015136 -.0023364
T  755  2 .5074109E+07   3600090E-02 -.8789E+02 -.2906E+02   .9999903 -.0040121  .0018440
T  756  2 .5064210E+07   3600052E-02  .8129E+03 -.2026E+03   .9994371  .0328424 -.0068473
T  757  2 .5057489E+07   3600202E-02 -.5073E+02 -.3979E+02   .9999823 -.0058981  .0007367
T  758  2 .5075648E+07   3600114E-02 -.3966E+02 -.1024E+03   .9999416 -.0061094 -.0089091
T  759  2 .5080008E+07   3600125E-02 -.3173E+02 -.7552E+02   .9999852 -.0016416 -.0051879
T  760  2 .5076431E+07   3600218E-02 -.4797E+02  .2988E+02   .9999981 -.0019217 -.0001650
T  761  2 .5084148E+07   3600031E-02  .1109E+02 -.1738E+02   .9999751  .0067282 -.0021378
T  762  2 .5098544E+07   3600116E-02 -.4682E+02  .5075E+01   .9999980 -.0017903  .0009096
T  763  2 .5054587E+07   3600061E-02 -.4522E+02 -.7766E+02   .9999828 -.0022906 -.0054049
T  764  2 .5078302E+07   3600093E-02 -.1032E+03  .4084E+02   .9999931 -.0035107  .0011824
T  765  2 .5092031E+07   3600010E-02  .1554E+02  .1819E+02   .9999999  .0003210  .0001233
T  766  2 .5084361E+07   3600184E-02 -.4211E+02  .1775E+02   .9999989 -.0005403  .0013795
T  767  2 .5093269E+07   3600213E-02  .2453E+03  .1203E+03   .9998998  .0125941  .0064647
T  768  2 .5055914E+07   3600103E-02 -.8752E+00 -.6843E+01   .9999986  .0008350  .0014386
T  769  2 .5078753E+07   3600179E-02  .5024E+02  .2480E+02   .9999998  .0005645  .0000608
T  770  2 .5061613E+07   3600109E-02  .5315E+02  .7001E+02   .9999891  .0040176  .0023970
T  771  2 .5067385E+07   3600154E-02 -.4437E+02  .4506E+02   .9999972  .0014813  .0018480
T  772  2 .5081167E+07   3600204E-02 -.1560E+03 -.3512E+02   .9998473 -.0174588  .0007130
T  773  2 .5101465E+07   3600056E-02 -.4182E+02 -.1023E+02   .9999999 -.0001114 -.0002531
T  774  2 .5086211E+07   3600027E-02  .1526E+03  .1103E+03   .9999703  .0066942  .0038164
T  775  2 .5071491E+07   3600206E-02  .7249E+00 -.3398E+02   .9999999  .0000068 -.0001778
T  776  2 .5076693E+07   3600176E-02  .1388E+03  .9649E+02   .9999136  .0068705  .0112059
T  777  2 .5077585E+07   3600126E-02 -.2818E+02  .1650E+01   .9999998  .0002606  .0004904
T  778  2 .5072038E+07   3600209E-02  .6099E+02  .8235E+02   .9999814  .0036092  .0049181
T  779  2 .5083897E+07   3600199E-02  .4550E+02 -.3742E+02   .9999977  .0019113  .0009840
T  780  2 .5082382E+07   3600173E-02  .2288E+02  .1746E+02   .9999959  .0028313 -.0004348
T  781  2 .5068945E+07   3600084E-02  .1007E+03 -.1639E+03   .9999468  .0078432 -.0067003
T  782  2 .5103158E+07   3600092E-02 -.1156E+03  .9114E+02   .9999092 -.0106912  .0082000
T  783  2 .5067839E+07   3600101E-02  .3876E+01 -.2482E+02   .9999866 -.0049865  .0014158
T  784  2 .5077860E+07   3600055E-02  .5346E+02  .3566E+02   .9999860  .0042901  .0031044
T  785  2 .5089414E+07   3600111E-02 -.7021E+02 -.5695E+02   .9999876 -.0036338 -.0034183
T  786  2 .5085963E+07   3600130E-02 -.5146E+02  .1953E+02   .9999785 -.0065510 -.0000360
T  787  2 .5071877E+07   3600020E-02 -.9138E+02  .6120E+01   .9998602 -.0163284 -.0036027
T  788  2 .5056278E+07   3600001E-02  .9833E+02 -.6995E+01   .9999766  .0066014 -.0017672
T  789  2 .5066938E+07   3600166E-02 -.6959E+02 -.1498E+03   .9999491 -.0033760 -.0095063
T  790  2 .5095601E+07   3600149E-02  .5087E+02  .6886E+02   .9999974  .0022673 -.0001330
T  791  2 .5089744E+07   3600009E-02 -.3655E+02  .4866E+02   .9999955 -.0008226  .0028971
T  792  2 .5082314E+07   3600127E-02  .2151E+02 -.2622E+02   .9999931  .0006056 -.0036561
T  793  2 .5089981E+07   3600082E-02 -.6049E+02 -.5587E+02   .9999915 -.0001535  .0041230
T  794  2 .5103840E+07   3600032E-02  .1063E+02 -.9952E+01   .9999935  .0034838 -.0009434
T  795  2 .5062419E+07   3600020E-02  .9326E+02 -.5330E+02   .9999875  .0047938 -.0014314
T  796  2 .5095285E+07   3600073E-02 -.5133E+02  .6982E+02   .9999776  .0007925  .0066455
T  797  2 .5075460E+07   3600103E-02 -.1794E+02 -.1025E+03   .9999544 -.0072149 -.0062504
T  798  2 .5078990E+07   3600085E-02  .5844E+01  .4080E+02   .9999976  .0012540  .0018028
T  799  2 .5084790E+07   3600203E-02 -.2731E+02  .2697E+02   .9999892  .0036224  .0029025
T  800  2 .5065805E+07   3600077E-02 -.5232E+02 -.1448E+03   .9999828 -.0008201 -.0058022
T  801  2 .5085396E+07   3600202E-02  .1121E+03  .4333E+02   .9999452  .0074792  .0073286
T  802  2 .5065943E+07   3600140E-02  .8084E+02  .4369E+01   .9999915  .0040144  .0009322
T  803  2 .5059393E+07   3600150E-02 -.9526E+02 -.3387E+02   .9999803 -.0061687 -.0011549
T  804  2 .5073192E+07   3600139E-02  .1407E+02  .4510E+02   .9999980  .0016617 -.0010922
T  805  2 .5071687E+07   3600020E-02  .4473E+02 -.5188E+01   .9999996 -.0000137  .0009457
T  806  2 .5070045E+07   3600198E-02 -.5695E-01  .1208E+02   .9999997 -.0004110 -.0006302
T  807  2 .5062820E+07   3600127E-02  .5698E+02 -.3710E+02   .9999976  .0018048 -.0012754
T  808  2 .5078097E+07   3600182E-02  .2520E+02 -.1229E+02   .9999927  .0037899 -.0004244
T  809  2 .5090177E+07   3600140E-02  .1179E+03 -.3910E+02   .9999823  .0058643  .0009779
T  810  2 .5077887E+07   3600174E-02  .2517E+02 -.3509E+01   .9999999 -.0004655 -.0000454
T  811  2 .5080195E+07   3600106E-02 -.3374E+02  .8066E+02   .9999915 -.0024686  .0033036
T  812  2 .5090164E+07   3600109E-02 -.1028E+03 -.6348E+01   .9999505 -.0068506 -.0072100
T  813  2 .5090330E+07   3600130E-02  .3367E+02 -.1207E+03   .9999629  .0021454 -.0083440
T  814  2 .5073070E+07   3600168E-02 -.2319E+03  .7456E+02   .9998906 -.0135684  .0058854
T  815  2 .5074514E+07   3600201E-02 -.5935E+03 -.3330E+03   .9998326 -.0164584 -.0079880
T  816  2 .5053362E+07   3600141E-02  .7107E+01  .4933E+02   .9999723  .0027955  .0068918
T  817  2 .5076348E+07   3600098E-02  .3595E+02  .1840E+02   .9999920  .0017435  .0036033
T  818  2 .5067280E+07   3600161E-02 -.1066E+03  .4639E+02   .9999705 -.0065981  .0039286
T  819  2 .5057304E+07   3600114E-02 -.4384E+02 -.2419E+02   .9999971 -.0023117 -.0007395
T  820  2 .5068705E+07   3600042E-02 -.7104E+02 -.6752E+01   .9999898 -.0044737  .0006559
T  821  2 .5062368E+07   3600037E-02  .3133E+03  .1821E+03   .9997685  .0197113  .0086245
T  822  2 .5078032E+07   3600136E-02 -.4545E+02 -.4768E+02   .9999986 -.0016159 -.0003972
T  823  2 .5069092E+07   3600179E-02 -.1804E+03  .3160E+02   .9999645 -.0083467 -.0011155
T  824  2 .5080135E+07   3600086E-02 -.3558E+02 -.5712E+02   .9999542 -.0077582 -.0056010
T  825  2 .5066540E+07   3600176E-02 -.4231E+03  .1868E+03   .9998923 -.0136013  .0055112
T  826  2 .5086496E+07   3600162E-02 -.4986E+02 -.1048E+03   .9999918 -.0021097 -.0034579
T  827  2 .5077553E+07   3600153E-02  .5562E+02  .7106E+02   .9999891  .0012091  .0045125
T  828  2 .5047864E+07   3600070E-02 -.6083E+02  .1205E+02   .9999879 -.0049019  .0004188
T  829  2 .5060629E+07   3600102E-02 -.1932E+02 -.8718E+02   .9999973 -.0003503 -.0022879
T  830  2 .5079226E+07   3600076E-02  .1397E+02 -.4110E+02   .9999795  .0057685 -.0027802
T  831  2 .5068272E+07   3600008E-02 -.5671E+02  .1889E+02   .9999923 -.0038229  .0008416
T  832  2 .5086015E+07   3600201E-02 -.5674E+02 -.2808E+02   .9999783 -.0065284  .0008638
T  833  2 .5073204E+07   3600097E-02  .3003E+02  .4359E+02   .9999968 -.0025055 -.0003883
T  834  2 .5080277E+07   3600062E-02  .2582E+02  .1135E+03   .9999820 -.0002531  .0060028
T  835  2 .5061882E+07   3600095E-02 -.2219E+02 -.3897E+02   .9999838 -.0042982 -.0037340
T  836  2 .5067894E+07   3600146E-02 -.1297E+02 -.9378E+02   .9999887 -.0028491 -.0038077
T  837  2 .5071846E+07   3600111E-02 -.2580E+02 -.2478E+02   .9999905  .0032562 -.0029083
T  838  2 .5091278E+07   3600018E-02 -.2065E+02  .3085E+02   .9999985 -.0000892  .0017118
T  839  2 .5088058E+07   3600216E-02 -.2534E+02  .4417E+02   .9999987 -.0003411  .0015947
T  840  2 .5072541E+07   3600094E-02  .1949E+02  .1087E+03   .9999629  .0034094  .0079069
T  841  2 .5072205E+07   3600055E-02 -.4854E+02 -.7393E+02   .9999761 -.0022022 -.0065583
T  842  2 .5041704E+07   3600008E-02  .1860E+02  .3734E+02   .9999911 -.0037876 -.0018356
T  843  2 .5093193E+07   3600192E-02  .4578E+02 -.8170E+01   .9999947 -.0030292 -.0011574
T  844  2 .5068158E+07   3600177E-02  .9810E+02 -.1983E+01   .9999868  .0051169 -.0005043
T  845  2 .5081580E+07   3600111E-02 -.2326E+02 -.3199E+01   .9999994  .0005897 -.0008907
T  846  2 .5066926E+07   3600146E-02 -.1359E+02  .7862E+02   .9999883 -.0029890  .0037920
T  847  2 .5093943E+07   3600171E-02  .1513E+03  .4162E+02   .9999615  .0087142 -.0010411
T  848  2 .5076620E+07   3600212E-02 -.3720E+02  .7021E+02   .9999989 -.0014597  .0002272
T  849  2 .5081535E+07   3600115E-02 -.5772E+01 -.1091E+03   .9999713 -.0028014 -.0070384
T  850  2 .5073303E+07   3600134E-02  .4691E+01  .5456E+02   .9999799  .0056987  .0027628
T  851  2 .5073251E+07   3600050E-02 -.4347E+01  .2756E+03   .9998950  .0019496  .0143594
T  852  2 .5086002E+07   3600127E-02  .6241E+02  .7287E+02   .9999930 -.0002001  .0037489
T  853  2 .5086868E+07   3600056E-02  .5496E+02 -.1903E+02   .9999907  .0040503 -.0014681
T  854  2 .5098512E+07   3600004E-02  .1061E+03 -.3474E+02   .9999808  .0061162 -.0009690
T  855  2 .5064248E+07   3600118E-02  .3825E+00  .9648E+02   .9999761  .0005716  .0068937
T  856  2 .5076914E+07   3600005E-02  .3679E+03  .3979E+03   .9995770  .0206476  .0204802
T  857  2 .5085873E+07   3600156E-02 -.3474E+02  .1584E+02   .9999933 -.0024795  .0026796
T  858  2 .5107670E+07   3600066E-02 -.1264E+03 -.1694E+03   .9999643 -.0039085 -.0074887
T  859  2 .5080673E+07   3600066E-02  .2967E+02 -.8590E+02   .9999629  .0025667 -.0082228
T  860  2 .5085701E+07   3600099E-02 -.2702E+02  .8411E+02   .9999880 -.0029519  .0039182
T  861  2 .5076596E+07   3600143E-02  .2742E+02 -.2559E+02   .9999936  .0018117 -.0030992
T  862  2 .5092097E+07   3600191E-02  .2317E+02 -.9581E+02   .9999889  .0024473 -.0040264
T  863  2 .5083129E+07   3600179E-02 -.4277E+02  .8100E+02   .9999832 -.0010919  .0056867
T  864  2 .5070868E+07   3600009E-02  .1778E+02  .3613E+02   .9999992  .0012228  .0001189
T  865  2 .5084488E+07   3600000E-02  .5444E+02 -.2150E+02   .9999970  .0024003 -.0005491
T  866  2 .5073418E+07   3600195E-02 -.1181E+03 -.8547E+02   .9999767 -.0060132 -.0032172
T  867  2 .5076066E+07   3600044E-02  .7554E+01 -.3974E+01   .9999975 -.0022534  .0000167
T  868  2 .5082125E+07   3600138E-02 -.5901E+02  .3860E+01   .9999859 -.0042423 -.0031788
T  869  2 .5084186E+07   3600168E-02  .3668E+02  .7684E+02   .9999816  .0008516  .0060143
T  870  2 .5074941E+07   3600082E-02 -.1382E+03 -.1101E+03   .9999823 -.0019690 -.0056179
T  871  2 .5099519E+07   3600205E-02  .7772E+02 -.1183E+03   .9999734  .0039049 -.0061670
T  872  2 .5075911E+07   3600151E-02 -.9794E+01 -.8819E+02   .9999725 -.0035409 -.0065211
T  873  2 .5097348E+07   3600140E-02 -.3737E+02 -.3110E+01   .9999970 -.0024383  .0002635
T  874  2 .5082287E+07   3600060E-02  .1013E+03 -.5210E+02   .9999927  .0002272 -.0038115
T  875  2 .5088718E+07   3600212E-02 -.2139E+02  .1885E+02   .9999957  .0022502  .0018978
T  876  2 .5074571E+07   3600161E-02  .1411E+03 -.1373E+03   .9999467  .0095746 -.0038671
T  877  2 .5076901E+07   3600178E-02 -.3383E+02  .4177E+02   .9999931 -.0035419  .0011279
T  878  2 .5096136E+07   3600017E-02  .3598E+02  .3183E+01   .9999991  .0009112  .0009490
T  879  2 .5073118E+07   3600154E-02 -.8273E+01 -.9428E+02   .9999962 -.0013665 -.0023942
T  880  2 .5078538E+07   3600119E-02 -.1264E+02 -.6412E+02   .9999825 -.0015809 -.0057003
T  881  2 .5051746E+07   3600106E-02 -.2598E+02 -.6533E+02   .9999960 -.0006716 -.0027361
T  882  2 .5072949E+07   3600189E-02  .1366E+02 -.7100E+02   .9999972 -.0006232 -.0022925
T  883  2 .5074176E+07   3600142E-02 -.1096E+02 -.8290E+02   .9999876 -.0006982 -.0049338
T  884  2 .5096142E+07   3600055E-02 -.2099E+02 -.4782E+02   .9999998 -.0005846 -.0002519
T  885  2 .5086461E+07   3600096E-02 -.1116E+03 -.4848E+02   .9999690 -.0071162 -.0033726
T  886  2 .5084223E+07   3600153E-02  .8051E+01  .5514E+02   .9999891 -.0013729  .0044588
T  887  2 .5069808E+07   3600052E-02 -.4727E+02 -.1890E+03   .9999568 -.0020638 -.0090585
T  888  2 .5062699E+07   3600123E-02 -.1046E+02 -.1319E+03   .9999713  .0022671 -.0072256
T  889  2 .5067782E+07   3600176E-02 -.1431E+02  .1643E+02   .9999944  .0009382  .0032238
T  890  2 .5093265E+07   3600168E-02  .1005E+03  .6838E+02   .9999715  .0053769  .0052948
T  891  2 .5074755E+07   3600094E-02 -.5810E+02 -.3848E+02   .9999676 -.0069556 -.0040409
T  892  2 .5089580E+07   3600189E-02 -.2617E+02  .1575E+03   .9999611 -.0002837  .0088184
T  893  2 .5074636E+07   3600190E-02 -.6234E+02  .4027E+02   .9999836 -.0050885  .0026270
T  894  2 .5087609E+07   3600032E-02 -.4428E+02 -.2981E+02   .9999793 -.0057084 -.0029591
T  895  2 .5067879E+07   3600086E-02 -.1660E+02  .3041E+02   .9999943  .0015119  .0030043
T  896  2 .5094418E+07   3600053E-02 -.2917E+02 -.5836E+02   .9999975  .0009972 -.0020196
T  897  2 .5067583E+07   3600170E-02  .7435E+02 -.7744E+02   .9999985 -.0015495 -.0008260
T  898  2 .5078464E+07   3600026E-02 -.4622E+02  .1372E+03   .9999854 -.0018007  .0050877
T  899  2 .5079536E+07   3600160E-02  .4288E+01  .8452E+02   .9999860  .0026925  .0045650
T  900  2 .5097685E+07   3600050E-02 -.9418E+02 -.1885E+02   .9999979 -.0020498 -.0001063
T  901  2 .5085751E+07   3600206E-02 -.1002E+03 -.1742E+02   .9999859 -.0053133 -.0001957
T  902  2 .5090517E+07   3600094E-02 -.3783E+02  .4942E+02   .9999980  .0001991  .0019894
T  903  2 .5065365E+07   3600106E-02  .6604E+02 -.5081E+02   .9999881  .0036223 -.0032785
T  904  2 .5078135E+07   3600021E-02 -.1270E+02 -.7409E+01   .9999740 -.0071322 -.0011016
T  905  2 .5088724E+07   3600114E-02  .1484E+03  .1661E+02   .9999313  .0116929 -.0008282
T  906  2 .5079281E+07   3600071E-02 -.5991E+02 -.8616E+02   .9999858 -.0009613 -.0052442
T  907  2 .5096796E+07   3600006E-02 -.1134E+02 -.6878E+02   .9999717  .0019100 -.0072764
T  908  2 .5072420E+07   3600126E-02 -.2000E+01 -.8853E+02   .9999791  .0015435 -.0062841
T  909  2 .5076281E+07   3600218E-02  .5426E+02  .5153E+01   .9999836  .0055516 -.0014275
T  910  2 .5099262E+07   3600157E-02  .1529E+03  .2951E+02   .9999874  .0046559  .0019017
T  911  2 .5078804E+07   3600149E-02  .2747E+02  .2230E+02   .9999993 -.0006502  .0010251
T  912  2 .5088940E+07   3600178E-02 -.1059E+03  .4600E+02   .9998822 -.0120669  .0094861
T  913  2 .5064212E+07   3600113E-02 -.1286E+03 -.2101E+02   .9997890 -.0180419 -.0098160
T  914  2 .5067037E+07   3600167E-02  .4318E+02  .4798E+02   .9999617  .0056316 -.0067048
T  915  2 .5066819E+07   3600210E-02 -.7665E+02 -.7162E+02   .9999925 -.0013289 -.0036389
T  916  2 .5084123E+07   3600029E-02 -.9063E+02 -.1446E+03   .9999821 -.0022113 -.0055681
T  917  2 .5076082E+07   3600069E-02  .1033E+02  .1702E+03   .9999806  .0010528  .0061376
T  918  2 .5077929E+07   3600000E-02  .3237E+02  .2765E+01   .9999947  .0022264  .0023931
T  919  2 .5087037E+07   3600170E-02  .1090E+03  .1021E+02   .9999943  .0032467  .0008738
T  920  2 .5085650E+07   3600000E-02 -.1666E+02 -.3912E+02   .9999974 -.0003102 -.0022632
T  921  2 .5057329E+07   3600065E-02 -.5814E+02  .6516E+02   .9999987 -.0014598  .0007163
T  922  2 .5069643E+07   3600042E-02 -.2333E+02 -.1933E+02   .9999994 -.0010789  .0001485
T  923  2 .5078965E+07   3600190E-02  .2153E+03  .2712E+03   .9999558  .0069417  .0063444
T  924  2 .5079144E+07   3600070E-02 -.9216E+02  .8306E+02   .9996033 -.0274580  .0062756
T  925  2 .5080230E+07   3600170E-02  .3419E+02 -.3431E+02   .9999788 -.0019267 -.0062176
T  926  2 .5078149E+07   3600129E-02 -.1067E+01 -.2004E+02   .9999980  .0007048 -.0018845
T  927  2 .5066123E+07   3600132E-02 -.9810E+01  .4487E+02   .9999656 -.0018628  .0080813
T  928  2 .5081059E+07   3600064E-02  .9741E+02  .1556E+02   .9999684  .0074061  .0028744
T  929  2 .5107164E+07   3600136E-02 -.4230E+02 -.4509E+02   .9999918 -.0036883 -.0016855
T  930  2 .5077638E+07   3600148E-02  .6184E+01 -.5090E+02   .9999899  .0044100  .0008952
T  931  2 .5109127E+07   3600068E-02  .5434E+02  .7115E+01   .9999734  .0032291  .0065443
T  932  2 .5072988E+07   3600122E-02  .1399E+03  .7825E+02   .9999723  .0069490  .0026574
T  933  2 .5080199E+07   3600118E-02 -.2804E+02 -.7322E+02   .9999720  .0001694 -.0074813
T  934  2 .5095530E+07   3600079E-02  .5314E+02 -.3109E+02   .9999988 -.0011886 -.0009889
T  935  2 .5093741E+07   3600063E-02 -.5521E+02 -.5020E+01   .9999972 -.0018962  .0014123
T  936  2 .5061958E+07   3600137E-02  .2831E+02 -.5759E+02   .9999992  .0002080  .0012333
T  937  2 .5061546E+07   3600129E-02  .1058E+03  .2167E+01   .9999796  .0063183 -.0009194
T  938  2 .5068263E+07   3600031E-02 -.8938E+01  .8269E+01   .9999908  .0014033 -.0040585
T  939  2 .5087673E+07   3600168E-02  .5366E+02 -.1819E+03   .9999560  .0024483 -.0090571
T  940  2 .5075263E+07   3600186E-02  .3494E+02 -.7450E+02   .9999958  .0022860 -.0017704
T  941  2 .5078214E+07   3600042E-02 -.2350E+03  .1577E+03   .9999389 -.0110090 -.0010031
T  942  2 .5079202E+07   3600207E-02 -.8086E+02 -.3571E+02   .9999810 -.0059518 -.0015843
T  943  2 .5068126E+07   3600128E-02  .4261E+02  .1033E+03   .9999860  .0029744  .0043742
T  944  2 .5078486E+07   3600112E-02 -.1719E+02 -.8682E+01   .9999967  .0001868 -.0025685
T  945  2 .5069568E+07   3600201E-02 -.5339E+02 -.4010E+02   .9999930  .0006325  .0036991
T  946  2 .5067969E+07   3600208E-02  .1769E+03 -.2329E+03   .9999708  .0033009 -.0068918
T  947  2 .5066913E+07   3600049E-02 -.9158E+02 -.5127E+02   .9999911 -.0037015 -.0020369
T  948  2 .5070698E+07   3600184E-02  .1385E+03 -.1406E+03   .9999633  .0063006 -.0058055
T  949  2 .5060769E+07   3600155E-02  .6934E+02 -.1465E+03   .9999661  .0051657 -.0064194
T  950  2 .5075167E+07   3600057E-02  .1792E+02  .3935E+01   .9999984 -.0003981 -.0017446
T  951  2 .5067295E+07   3600001E-02  .9696E+02 -.9909E+02   .9999783  .0043338 -.0049519
T  952  2 .5067351E+07   3600146E-02  .2247E+02  .3529E+02   .9999913  .0010291  .0040497
T  953  2 .5067552E+07   3600178E-02  .2565E+02  .6037E+02   .9999963  .0023961  .0012641
T  954  2 .5084927E+07   3600194E-02 -.9706E+02 -.7705E+02   .9999864 -.0028435 -.0043705
T  955  2 .5082930E+07   3600136E-02 -.5642E+02 -.4393E+02   .9999973 -.0023264 -.0002702
T  956  2 .5097444E+07   3600174E-02  .1115E+03  .1051E+03   .9999223  .0109374  .0059792
T  957  2 .5083451E+07   3600169E-02 -.9176E+02 -.6712E+02   .9999490 -.0057383 -.0083161
T  958  2 .5092745E+07   3600051E-02 -.1729E+02  .2967E+02   .9999990  .0004255  .0013396
T  959  2 .5055621E+07   3600077E-02  .2703E+02  .1185E+03   .9999591 -.0004026  .0090401
T  960  2 .5090065E+07   3600124E-02  .1222E+02  .1722E+02   .9999977  .0011564  .0018327
T  961  2 .5066724E+07   3600161E-02  .7793E+02 -.2241E+03   .9999542  .0040120 -.0086873
T  962  2 .5069493E+07   3600156E-02  .5218E+02 -.4299E+02   .9999862  .0050008 -.0015928
T  963  2 .5064861E+07   3600085E-02  .1120E+03 -.5129E+02   .9999766  .0057520 -.0037031
T  964  2 .5084105E+07   3600185E-02 -.4210E+02  .3370E+02   .9999994 -.0000686  .0010983
T  965  2 .5068813E+07   3600146E-02  .1709E+02  .2059E+02   .9999850  .0052384  .0015711
T  966  2 .5056515E+07   3600147E-02  .1999E+03 -.9805E+02   .9999541  .0085861 -.0042533
T  967  2 .5060886E+07   3600016E-02  .6697E+02  .9386E+02   .9999991  .0013505  .0000640
T  968  2 .5072333E+07   3600086E-02  .1212E+02 -.2570E+02   .9999993 -.0010768 -.0005539
T  969  2 .5062844E+07   3600039E-02  .6014E+02  .3087E+03   .9999331 -.0019763  .0113935
T  970  2 .5079421E+07   3600191E-02 -.4671E+02  .3907E+02   .9999998 -.0005109 -.0002094
T  971  2 .5065248E+07   3600211E-02 -.5701E+02 -.7796E+02   .9999452  .0059710 -.0085980
T  972  2 .5066920E+07   3600179E-02  .5588E+02  .4376E+02   .9999023 -.0053661  .0129045
T  973  2 .5058176E+07   3600208E-02  .4279E+02  .5866E+02   .9999887  .0032352  .0034829
T  974  2 .5072500E+07   3600213E-02 -.9079E+02  .6812E+02   .9999797 -.0058899  .0024259
T  975  2 .5074719E+07   3600205E-02 -.5663E+01  .2980E+02   .9999958 -.0017138  .0023575
T  976  2 .5079869E+07   3600187E-02 -.3480E+02  .2715E+02   .9998408 -.0178428 -.0003299
T  977  2 .5075857E+07   3600112E-02  .4049E+02 -.8894E+02   .9999819  .0037868 -.0046741
T  978  2 .5078366E+07   3600153E-02  .5695E+01  .6282E+02   .9999967  .0000414  .0025773
T  979  2 .5062626E+07   3600180E-02 -.4068E+02 -.2565E+02   .9999940 -.0010779 -.0032949
T  980  2 .5074699E+07   3600006E-02 -.3470E+02  .3541E+02   .9999949 -.0015695  .0027822
T  981  2 .5084564E+07   3600145E-02 -.5022E+02  .8170E+02   .9999886  .0022879  .0041936
T  982  2 .5060660E+07   3600199E-02 -.5199E+02 -.1303E+03   .9999958 -.0021228 -.0019721
T  983  2 .5061044E+07   3600063E-02  .6883E+01  .1179E+02   .9999927  .0037830  .0005727
T  984  2 .5067972E+07   3600166E-02 -.6863E+02 -.4925E+02   .9999783 -.0058518 -.0030102
T  985  2 .5085074E+07   3600073E-02 -.3325E+02 -.2016E+02   .9999906 -.0042266  .0009581
T  986  2 .5068775E+07   3600042E-02 -.1098E+03 -.1348E+03   .9999840 -.0046327 -.0032471
T  987  2 .5079318E+07   3600149E-02  .1142E+03  .6565E+02   .9999411  .0103491  .0032780
T  988  2 .5060886E+07   3600192E-02  .6367E+02 -.3158E+02   .9999906  .0035898 -.0024315
T  989  2 .5068827E+07   3600141E-02 -.1931E+02  .3050E+02   .9999973 -.0023195  .0002517
T  990  2 .5084384E+07   3600208E-02 -.8874E+02  .9285E+02   .9999950 -.0022717  .0021829
T  991  2 .5073821E+07   3600059E-02 -.6528E+02 -.6621E+02   .9999989 -.0009273  .0011733
T  992  2 .5054500E+07   3600177E-02 -.2722E+03  .3694E+03   .9999233 -.0079086  .0095307
T  993  2 .5084613E+07   3600188E-02 -.2137E+03  .2816E+03   .9995464 -.0174682  .0245310
T  994  2 .5089483E+07   3600100E-02 -.2046E+02  .8233E+02   .9999980 -.0019681  .0003850
T  995  2 .5075376E+07   3600126E-02 -.1919E+02  .1320E+02   .9999975 -.0001810  .0022286
T  996  2 .5081213E+07   3600029E-02 -.1208E+03  .5027E+02   .9999799 -.0050298  .0038621
T  997  2 .5075175E+07   3600016E-02 -.1696E+02  .5478E+02   .9999908 -.0038122  .0019784
T  998  2 .5091054E+07   3600006E-02 -.1225E+03 -.1090E+03   .9999853 -.0035664 -.0040895
T  999  2 .5087816E+07   3600105E-02 -.8555E+02  .1393E+02   .9999841 -.0056408  .0000334
T 1000  2 .5090497E+07   3600102E-02 -.1218E+02 -.3460E+02   .9999995 -.0010273  .0000068
