============================== SRIM-2008.04 ==============================
==============================================================================
===== TRIMOUT.txt: File of Transmitted / Backscattered / Sputtered Atoms =====
=  This file tabulates the kinetics of ions or atoms leaving the target.     =
=  Column #1: S= Sputtered Atom, B= Backscattered Ion, T= Transmitted Ion.   =
=  Col.#2: Ion Number, Col.#3: Z of atom leaving, Col.#4: Atom energy (eV).  =
=  Col.#5-7: Last location:  X= Depth into target, Y,Z= Transverse axes.     =
=  Col.#8-10: Cosines of final trajectory.                                   =
= *** This data file is in the same format as TRIM.DAT (see manual for uses).=
====== TRIM Calc.= He(5.48 MeV) ==> Mylar+Mylar+Mylar+Mylar( 14.3 um) ========
 Ion  Atom   Energy        Depth       Lateral-Position        Atom Direction      
 Numb Numb    (eV)          X(A)        Y(A)       Z(A)      Cos(X)  Cos(Y) Cos(Z) 
T    1  2 .3681730E+07   1440020E-01 -.2228E+03  .2052E+03   .9999692  .0067403  .0040202
T    2  2 .3702266E+07   1440018E-01 -.4864E+03  .1438E+04   .9996981 -.0038177  .0242729
T    3  2 .3729977E+07   1440003E-01  .1910E+04  .7154E+03   .9991134  .0363299  .0212736
T    4  2 .3707292E+07   1440020E-01 -.4688E+03 -.1066E+03   .9999988 -.0015618 -.0001898
T    5  2 .3738715E+07   1440008E-01 -.1334E+03  .4049E+03   .9999989 -.0014247  .0003985
T    6  2 .3713878E+07   1440014E-01 -.2784E+03  .3749E+03   .9997995 -.0059818  .0191105
T    7  2 .3703153E+07   1440019E-01  .7553E+03  .2219E+04   .9999547  .0041647  .0085607
T    8  2 .3693556E+07   1440011E-01 -.2242E+03 -.1487E+03   .9999742 -.0067194  .0025250
T    9  2 .3692134E+07   1440019E-01  .7168E+03 -.2700E+03   .9999822  .0008446 -.0059087
T   10  2 .3670683E+07   1440000E-01  .8678E+03  .2586E+04   .9996277  .0082901  .0259959
T   11  2 .3628139E+07   1440019E-01  .5762E+03  .4526E+03   .9999305  .0105281  .0052971
T   12  2 .3733987E+07   1440003E-01  .7059E+03 -.6009E+03   .9996717  .0139316 -.0215023
T   13  2 .3645581E+07   1440017E-01 -.6018E+03  .1271E+04   .9998869 -.0000845  .0150411
T   14  2 .3682805E+07   1440016E-01  .7123E+03 -.2460E+04   .9994265 -.0082717 -.0328367
T   15  2 .3679858E+07   1440012E-01 -.2878E+03 -.2033E+03   .9998964 -.0092537 -.0110294
T   16  2 .3662056E+07   1440002E-01 -.8473E+03 -.2880E+03   .9998955 -.0138389 -.0041759
T   17  2 .3638930E+07   1440007E-01  .4601E+04 -.7729E+04   .9856533  .0855620 -.1454877
T   18  2 .3689575E+07   1440017E-01  .6872E+03 -.1655E+03   .9999289  .0116428 -.0025958
T   19  2 .3720397E+07   1440017E-01  .2438E+03 -.9405E+03   .9997204  .0061813 -.0228240
T   20  2 .3658260E+07   1440021E-01 -.3352E+03  .9655E+03   .9999413  .0036842  .0101876
T   21  2 .3681085E+07   1440013E-01 -.7076E+03  .5224E+03   .9999836 -.0013877  .0055626
T   22  2 .3647720E+07   1440008E-01  .9632E+03 -.1389E+03   .9998655  .0163474 -.0013001
T   23  2 .3729807E+07   1440010E-01 -.7234E+03  .8713E+03   .9999377 -.0026713  .0108355
T   24  2 .3666574E+07   1440005E-01  .3527E+03 -.3232E+03   .9999838  .0051245  .0024621
T   25  2 .3665945E+07   1440020E-01  .6033E+03 -.8058E+03   .9998876  .0062606 -.0136233
T   26  2 .3722644E+07   1440019E-01 -.4121E+03 -.1044E+04   .9998779 -.0025135 -.0154236
T   27  2 .3688588E+07   1440020E-01 -.6427E+03 -.9791E+03   .9996570 -.0201901 -.0166808
T   28  2 .3680375E+07   1440014E-01 -.1559E+03  .5418E+03   .9999322 -.0081104  .0083522
T   29  2 .3726490E+07   1440006E-01 -.8691E+03  .1206E+04   .9995175 -.0211975  .0227052
T   30  2 .3691765E+07   1440015E-01 -.7857E+03 -.2042E+03   .9997875 -.0185081 -.0090743
T   31  2 .3712795E+07   1440008E-01 -.7842E+03 -.1075E+04   .9997321 -.0113486 -.0201750
T   32  2 .3642987E+07   1440017E-01  .3991E+00 -.6322E+03   .9996491  .0126591 -.0232679
T   33  2 .3712068E+07   1440009E-01 -.1307E+04 -.8948E+03   .9998483 -.0126595 -.0119665
T   34  2 .3656046E+07   1440020E-01 -.1494E+04 -.5031E+03   .9999746 -.0068196 -.0020676
T   35  2 .3715974E+07   1440013E-01 -.5217E+03 -.5456E+02   .9999774 -.0028869 -.0060706
T   36  2 .3712109E+07   1440019E-01 -.2629E+02  .8509E+03   .9999399 -.0039335  .0102313
T   37  2 .3647280E+07   1440005E-01  .3068E+03  .1793E+03   .9998792  .0013194  .0154872
T   38  2 .3635267E+07   1440014E-01 -.2962E+03 -.2853E+03   .9999938 -.0034594  .0006484
T   39  2 .3722024E+07   1440007E-01  .1566E+04 -.1140E+04   .9997040  .0130167 -.0205547
T   40  2 .3650616E+07   1440012E-01 -.5210E+03 -.3801E+03   .9999688  .0012927 -.0077911
T   41  2 .3611012E+07   1440017E-01  .5492E+03  .1044E+04   .9997960  .0114046  .0166693
T   42  2 .3653973E+07   1440007E-01  .3325E+04  .3159E+04   .9985935  .0406058  .0340913
T   43  2 .3690670E+07   1440010E-01 -.4799E+03  .3701E+03   .9998595  .0122666  .0114256
T   44  2 .3661352E+07   1440009E-01  .9422E+03  .1387E+04   .9998613  .0122722  .0112637
T   45  2 .3688917E+07   1440007E-01  .4300E+03 -.1195E+01   .9997709  .0159782  .0142405
T   46  2 .3655943E+07   1440020E-01 -.8676E+02 -.1792E+03   .9999491 -.0099413  .0017033
T   47  2 .3683146E+07   1440004E-01  .1152E+03  .1161E+04   .9999387 -.0041268  .0102732
T   48  2 .3692886E+07   1440009E-01 -.3529E+03  .2909E+03   .9999861  .0008582 -.0051982
T   49  2 .3694534E+07   1440002E-01 -.5625E+02 -.2201E+03   .9999491 -.0008174 -.0100596
T   50  2 .3692540E+07   1440006E-01 -.2058E+03 -.2092E+02   .9999938 -.0034853 -.0004735
T   51  2 .3692565E+07   1440019E-01  .4539E+03 -.6454E+03   .9999367  .0098847 -.0053716
T   52  2 .3677427E+07   1440017E-01 -.1980E+03 -.1145E+04   .9999923  .0015855 -.0036032
T   53  2 .3732978E+07   1440017E-01 -.1437E+03 -.7170E+03   .9999260 -.0044547 -.0113238
T   54  2 .3671843E+07   1440012E-01 -.4900E+03  .2518E+01   .9999614 -.0082978 -.0028737
T   55  2 .3650664E+07   1440020E-01 -.3534E+02  .1722E+03   .9993642 -.0356024 -.0019335
T   56  2 .3746093E+07   1440021E-01  .2068E+03  .1239E+04   .9999034  .0002675  .0138985
T   57  2 .3702490E+07   1440010E-01  .1023E+04  .4193E+03   .9997838  .0086737  .0188961
T   58  2 .3637642E+07   1440018E-01 -.7833E+03  .3095E+03   .9999772 -.0033727  .0058453
T   59  2 .3706928E+07   1440015E-01  .6080E+03  .1576E+03   .9999967  .0003191  .0025644
T   60  2 .3644236E+07   1440015E-01 -.3700E+03  .9151E+03   .9995888 -.0091101  .0271907
T   61  2 .3707727E+07   1440019E-01  .1331E+04 -.9115E+03   .9997491  .0178275 -.0135597
T   62  2 .3736010E+07   1440014E-01 -.5825E+01 -.2656E+03   .9999943  .0005564  .0033284
T   63  2 .3706403E+07   1440005E-01  .2605E+03  .7979E+01   .9999868 -.0015342  .0049042
T   64  2 .3694132E+07   1440003E-01  .2235E+04  .1854E+03   .9998316  .0182599  .0018435
T   65  2 .3659986E+07   1440016E-01  .1218E+04 -.2356E+03   .9999932  .0023469 -.0028531
T   66  2 .3685883E+07   1440019E-01 -.7955E+01  .2485E+03   .9999488 -.0074651 -.0068301
T   67  2 .3682210E+07   1440007E-01 -.3699E+04  .5444E+03   .9993648 -.0351986  .0055769
T   68  2 .3667136E+07   1440017E-01 -.1901E+04  .6516E+03   .9998413 -.0109737  .0140314
T   69  2 .3646830E+07   1440001E-01 -.1057E+03 -.4258E+03   .9999966 -.0025973 -.0003372
T   70  2 .3677841E+07   1440010E-01  .3349E+03 -.1788E+04   .9998255 -.0029288 -.0184485
T   71  2 .3681517E+07   1440003E-01 -.5103E+03  .8193E+03   .9998419 -.0110158  .0139596
T   72  2 .3734418E+07   1440015E-01 -.1138E+04 -.3615E+03   .9998250 -.0186844 -.0008902
T   73  2 .3696402E+07   1440006E-01 -.9756E+03  .1547E+04   .9998469 -.0118081  .0129145
T   74  2 .3663736E+07   1440000E-01  .1346E+04 -.2734E+04   .9991951  .0297617 -.0268955
T   75  2 .3684698E+07   1440007E-01 -.1784E+03  .8604E+03   .9997884 -.0059685  .0196860
T   76  2 .3722371E+07   1440018E-01  .8454E+03 -.7162E+03   .9995000  .0189914 -.0252781
T   77  2 .3654746E+07   1440010E-01  .1383E+04  .8695E+02   .9999579  .0079363  .0046078
T   78  2 .3721042E+07   1440008E-01 -.2742E+04  .2504E+04   .9989998 -.0302523  .0329273
T   79  2 .3718418E+07   1440020E-01  .8874E+03 -.5390E+03   .9997448  .0213361 -.0074286
T   80  2 .3646941E+07   1440003E-01  .3891E+03 -.1403E+03   .9999122  .0119699  .0056803
T   81  2 .3669524E+07   1440010E-01  .8211E+03  .1121E+04   .9998912  .0112608  .0095237
T   82  2 .3749519E+07   1440010E-01 -.1390E+03  .3446E+03   .9998128  .0098255  .0166680
T   83  2 .3688451E+07   1440007E-01 -.4730E+03 -.1242E+03   .9999428 -.0105479 -.0017492
T   84  2 .3739823E+07   1440010E-01 -.1129E+03 -.2621E+03   .9998665 -.0159615 -.0035003
T   85  2 .3644941E+07   1440009E-01  .2698E+03 -.9991E+03   .9997858  .0162866 -.0127733
T   86  2 .3625777E+07   1440008E-01 -.7459E+03  .5159E+03   .9999898 -.0013455  .0043157
T   87  2 .3657225E+07   1440011E-01 -.5939E+03 -.4943E+03   .9998928 -.0102440 -.0104586
T   88  2 .3703342E+07   1440007E-01  .1242E+03 -.4759E+03   .9999762 -.0057151 -.0038587
T   89  2 .3653543E+07   1440014E-01 -.3667E+04  .2280E+04   .9976400 -.0597117  .0338973
T   90  2 .3695242E+07   1440011E-01  .5592E+03  .1131E+04   .9998520  .0101529  .0138894
T   91  2 .3702620E+07   1440022E-01  .1428E+03  .6641E+03   .9999307  .0004861  .0117588
T   92  2 .3661357E+07   1440018E-01  .4278E+03  .5352E+03   .9999742  .0057027  .0043622
T   93  2 .3624683E+07   1440005E-01 -.3116E+03  .3184E+03   .9998282 -.0119505  .0141719
T   94  2 .3699294E+07   1440016E-01 -.4643E+03  .5205E+03   .9997684 -.0161560  .0142184
T   95  2 .3701602E+07   1440022E-01 -.5843E+02  .7498E+03   .9999621 -.0048469 -.0072392
T   96  2 .3650941E+07   1440009E-01 -.4523E+02 -.2481E+03   .9999629  .0063643 -.0058131
T   97  2 .3650976E+07   1440021E-01 -.2455E+03  .2293E+03   .9999701  .0055095 -.0054316
T   98  2 .3669850E+07   1440021E-01  .3608E+03  .9533E+03   .9999414  .0034764  .0102530
T   99  2 .3678016E+07   1440007E-01 -.1387E+04 -.7145E+03   .9998378 -.0179503 -.0014669
T  100  2 .3676418E+07   1440014E-01 -.1393E+03  .7893E+03   .9999500 -.0048534  .0087460
T  101  2 .3696720E+07   1440015E-01 -.4186E+02  .2528E+04   .9990352 -.0003909  .0439159
T  102  2 .3683191E+07   1440018E-01  .8982E+03  .5475E+03   .9998456  .0174139  .0023418
T  103  2 .3751773E+07   1440017E-01  .1085E+04 -.3516E+02   .9998823  .0152457  .0016949
T  104  2 .3724884E+07   1440019E-01 -.6706E+03 -.4692E+03   .9999565 -.0091013 -.0020318
T  105  2 .3685345E+07   1440005E-01 -.2169E+03 -.1956E+03   .9999456 -.0104080 -.0006421
T  106  2 .3681887E+07   1440015E-01  .3832E+03  .1361E+04   .9998841 -.0002761  .0152188
T  107  2 .3708649E+07   1440011E-01 -.1094E+04  .4228E+03   .9999622 -.0079846 -.0034421
T  108  2 .3736322E+07   1440021E-01  .1189E+03  .1115E+04   .9999351 -.0052763  .0101015
T  109  2 .3708480E+07   1440012E-01 -.1696E+03 -.6301E+03   .9999352 -.0086059  .0074573
T  110  2 .3651302E+07   1440008E-01  .1062E+04 -.5083E+03   .9999678  .0078580  .0016513
T  111  2 .3690322E+07   1440021E-01 -.1057E+04 -.3566E+03   .9998046 -.0175671 -.0090629
T  112  2 .3715397E+07   1440020E-01  .6311E+03 -.1448E+03   .9999403  .0108667  .0011276
T  113  2 .3680644E+07   1440007E-01 -.5055E+03 -.3036E+03   .9999604 -.0070581 -.0054153
T  114  2 .3654896E+07   1440012E-01  .6893E+03 -.6940E+03   .9999586  .0051211 -.0075258
T  115  2 .3750438E+07   1440009E-01  .1555E+04 -.1058E+04   .9996975  .0201835 -.0140537
T  116  2 .3666248E+07   1440016E-01  .2915E+02  .1941E+02   .9999962  .0010508 -.0025397
T  117  2 .3695392E+07   1440017E-01  .1428E+04  .1408E+04   .9997456  .0207752  .0087854
T  118  2 .3677748E+07   1440012E-01 -.5701E+02 -.9778E+02   .9999679  .0006149  .0079864
T  119  2 .3697674E+07   1440019E-01  .2876E+03  .9113E+03   .9998459  .0015507  .0174859
T  120  2 .3700958E+07   1440017E-01  .3231E+02 -.7490E+03   .9999034 -.0053737 -.0128217
T  121  2 .3713741E+07   1440017E-01  .6340E+03 -.4076E+03   .9997712  .0070862 -.0201819
T  122  2 .3717862E+07   1440001E-01  .6064E+03  .1526E+04   .9994341  .0192511  .0275830
T  123  2 .3672977E+07   1440005E-01 -.7575E+03 -.5549E+02   .9999869 -.0030579 -.0040983
T  124  2 .3707370E+07   1440019E-01  .1420E+04 -.7449E+03   .9996686  .0233683 -.0107983
T  125  2 .3631437E+07   1440005E-01  .7257E+03  .1691E+03   .9999419  .0037842  .0100901
T  126  2 .3635709E+07   1440001E-01  .1700E+04 -.5732E+02   .9997955  .0201775 -.0013611
T  127  2 .3680650E+07   1440018E-01 -.1563E+04  .3248E+03   .9998489 -.0166140  .0051120
T  128  2 .3658319E+07   1440014E-01 -.2769E+03  .6706E+03   .9998353  .0002262  .0181497
T  129  2 .3633853E+07   1440013E-01  .5193E+03  .1079E+03   .9995762  .0245623  .0156218
T  130  2 .3678898E+07   1440022E-01 -.1069E+04  .9433E+02   .9999462 -.0102389  .0016888
T  131  2 .3688785E+07   1440021E-01  .1036E+03 -.5805E+03   .9999457 -.0009178 -.0103819
T  132  2 .3740898E+07   1440021E-01 -.1199E+04  .8857E+02   .9999528 -.0071578  .0065715
T  133  2 .3697098E+07   1440007E-01  .3865E+03  .4781E+03   .9999808 -.0005656  .0061725
T  134  2 .3670970E+07   1440002E-01 -.3916E+03  .7760E+03   .9999518 -.0067474  .0071343
T  135  2 .3683297E+07   1440014E-01  .1627E+04  .1546E+03   .9998747  .0158284 -.0002593
T  136  2 .3674195E+07   1440006E-01  .7034E+03  .5797E+03   .9999587  .0090681 -.0006418
T  137  2 .3723353E+07   1440007E-01 -.4050E+03  .1164E+04   .9999297 -.0108477  .0047776
T  138  2 .3753952E+07   1440016E-01  .4119E+03  .1888E+04   .9997695 -.0023481  .0213386
T  139  2 .3658483E+07   1440006E-01 -.1397E+01  .2281E+04   .9997177 -.0017761  .0236924
T  140  2 .3695698E+07   1440015E-01  .2244E+03  .4457E+03   .9999685 -.0008379  .0078979
T  141  2 .3690239E+07   1440015E-01 -.2641E+03  .1808E+03   .9999989 -.0014442 -.0002918
T  142  2 .3675849E+07   1440010E-01  .6687E+03 -.1702E+04   .9986153  .0292367 -.0437333
T  143  2 .3708562E+07   1440008E-01  .3322E+03  .4778E+03   .9999547  .0094884  .0006888
T  144  2 .3656205E+07   1440001E-01  .9590E+03 -.7610E+03   .9998161  .0186254 -.0045666
T  145  2 .3705029E+07   1440018E-01  .2699E+03 -.8165E+03   .9999281  .0046576 -.0110456
T  146  2 .3655354E+07   1440012E-01  .8758E+03 -.6593E+03   .9998553  .0150540 -.0079252
T  147  2 .3667264E+07   1440015E-01  .1486E+03 -.3295E+02   .9999964  .0004027  .0026494
T  148  2 .3691818E+07   1440014E-01 -.1172E+04 -.6712E+03   .9997597 -.0206688 -.0073060
T  149  2 .3713391E+07   1440015E-01 -.1279E+04  .5996E+03   .9999193 -.0072168  .0104555
T  150  2 .3678688E+07   1440013E-01 -.2506E+03 -.6387E+03   .9998242 -.0062200 -.0176865
T  151  2 .3642110E+07   1440013E-01 -.1508E+04  .4679E+03   .9997672 -.0161034  .0143592
T  152  2 .3637195E+07   1440009E-01  .9340E+03  .2404E+03   .9999643  .0079045 -.0029884
T  153  2 .3690098E+07   1440011E-01 -.1031E+04  .1787E+04   .9998114 -.0032233  .0191511
T  154  2 .3696206E+07   1440008E-01 -.5559E+03  .3748E+03   .9999667  .0067487  .0045857
T  155  2 .3640582E+07   1440007E-01  .1096E+04 -.1035E+04   .9995446  .0262676 -.0148550
T  156  2 .3722989E+07   1440008E-01 -.3919E+03  .1197E+03   .9999686 -.0075464  .0024343
T  157  2 .3693561E+07   1440021E-01 -.5047E+03  .2004E+03   .9999869 -.0050970  .0005188
T  158  2 .3653410E+07   1440017E-01 -.4306E+03 -.9977E+02   .9998892 -.0085425 -.0121915
T  159  2 .3649489E+07   1440000E-01  .1830E+04  .1696E+03   .9998124  .0187096  .0050108
T  160  2 .3711336E+07   1440010E-01 -.1487E+03  .2944E+03   .9998943  .0049003  .0136853
T  161  2 .3673895E+07   1440017E-01 -.1000E+05 -.2759E+04   .9963583 -.0826771 -.0208493
T  162  2 .3654163E+07   1440011E-01  .5105E+03 -.1193E+04   .9999747  .0044053 -.0055774
T  163  2 .3677958E+07   1440022E-01  .1046E+04 -.1125E+04   .9999082  .0112551 -.0075459
T  164  2 .3669036E+07   1440011E-01  .5708E+03 -.9265E+03   .9999107  .0130483  .0028854
T  165  2 .3692282E+07   1440016E-01 -.1141E+03 -.1939E+03   .9999144 -.0026780 -.0128068
T  166  2 .3661617E+07   1440003E-01  .2989E+04 -.1011E+04   .9994807  .0283749 -.0152694
T  167  2 .3660655E+07   1440008E-01 -.1787E+04 -.5830E+04   .9984751 -.0099428 -.0543019
T  168  2 .3682850E+07   1440017E-01  .3848E+03 -.6457E+03   .9999827  .0058860 -.0000291
T  169  2 .3658596E+07   1440020E-01  .7219E+03  .6156E+03   .9997501  .0086475  .0206139
T  170  2 .3704312E+07   1440019E-01  .8869E+02  .8378E+03   .9999226 -.0076587  .0098024
T  171  2 .3686229E+07   1440007E-01  .2965E+04  .2557E+04   .9983338  .0449211  .0362186
T  172  2 .3640908E+07   1440020E-01 -.8658E+02  .4135E+03   .9996474 -.0124390  .0234593
T  173  2 .3708819E+07   1440018E-01 -.1843E+03  .5958E+03   .9999978 -.0008663  .0019108
T  174  2 .3691893E+07   1440021E-01 -.4863E+02 -.1083E+04   .9999321  .0116543 -.0001729
T  175  2 .3625675E+07   1440001E-01 -.1371E+04  .3372E+02   .9998659 -.0163497 -.0008922
T  176  2 .3674354E+07   1440008E-01  .1504E+03  .8198E+02   .9999966 -.0015776  .0020671
T  177  2 .3668487E+07   1440020E-01  .4055E+03 -.1644E+03   .9999350  .0110007 -.0030097
T  178  2 .3674992E+07   1440021E-01  .1106E+02 -.8617E+03   .9999047 -.0093866 -.0101200
T  179  2 .3666706E+07   1440019E-01 -.1435E+04 -.1829E+03   .9998980 -.0134610 -.0047790
T  180  2 .3728380E+07   1440020E-01  .1058E+04  .6733E+03   .9999392  .0039972  .0102768
T  181  2 .3650692E+07   1440017E-01  .9395E+03 -.1074E+04   .9998756  .0054552 -.0148024
T  182  2 .3732986E+07   1440008E-01 -.4849E+02  .5664E+03   .9999781  .0000588  .0066189
T  183  2 .3659777E+07   1440015E-01  .5417E+03  .1739E+04   .9998076  .0080733  .0178785
T  184  2 .3669900E+07   1440018E-01 -.8662E+03 -.7050E+03   .9999466 -.0098856 -.0029985
T  185  2 .3709504E+07   1440022E-01  .6542E+03 -.1634E+03   .9992927 -.0055253 -.0371960
T  186  2 .3636931E+07   1440012E-01  .2522E+03 -.6035E+02   .9999804  .0058194 -.0023175
T  187  2 .3720092E+07   1440005E-01 -.1845E+04  .1104E+03   .9999247 -.0041281  .0115531
T  188  2 .3691679E+07   1440008E-01  .5788E+03 -.4089E+03   .9999866  .0040444 -.0032425
T  189  2 .3607157E+07   1440020E-01 -.1368E+05 -.1910E+05   .9843616 -.1020817 -.1435674
T  190  2 .3722430E+07   1440020E-01 -.1672E+04  .3949E+03   .9996312 -.0236361  .0133690
T  191  2 .3701953E+07   1440007E-01  .1594E+04 -.5441E+03   .9996431  .0237147 -.0122993
T  192  2 .3716479E+07   1440017E-01 -.2154E+04 -.7348E+03   .9996537 -.0230499 -.0126967
T  193  2 .3664217E+07   1440001E-01  .5902E+02  .6294E+03   .9999569  .0043207  .0082178
T  194  2 .3684913E+07   1440019E-01  .2961E+03 -.3613E+03   .9999850  .0033325 -.0043450
T  195  2 .3670657E+07   1440007E-01 -.1361E+04 -.6950E+03   .9997581 -.0216374 -.0039523
T  196  2 .3672852E+07   1440005E-01 -.4794E+03  .3564E+03   .9999996  .0005704 -.0006409
T  197  2 .3683882E+07   1440011E-01 -.2907E+03  .1332E+04   .9997896 -.0003253  .0205112
T  198  2 .3654314E+07   1440018E-01  .6315E+03  .7340E+02   .9998422  .0146453 -.0100579
T  199  2 .3639745E+07   1440002E-01 -.7783E+03  .3511E+03   .9999271 -.0104095  .0061156
T  200  2 .3715051E+07   1440017E-01 -.1609E+03  .8190E+03   .9998795  .0043550  .0148993
T  201  2 .3695762E+07   1440021E-01  .5357E+03  .1682E+04   .9996751  .0051350  .0249671
T  202  2 .3705732E+07   1440001E-01  .1211E+03 -.1126E+04   .9998176 -.0008769 -.0190797
T  203  2 .3681646E+07   1440012E-01  .1450E+03 -.1580E+03   .9999859 -.0048841 -.0020990
T  204  2 .3698882E+07   1440011E-01  .9719E+03 -.1069E+04   .9999068  .0123151 -.0058999
T  205  2 .3655195E+07   1440020E-01 -.6786E+03 -.8688E+02   .9997770 -.0210887  .0010592
T  206  2 .3719144E+07   1440020E-01  .1300E+03 -.1677E+04   .9998315  .0018933 -.0182575
T  207  2 .3705869E+07   1440004E-01  .2544E+03 -.3925E+03   .9999811  .0036685 -.0049349
T  208  2 .3719528E+07   1440020E-01 -.3749E+03  .1472E+04   .9998198 -.0013023  .0189376
T  209  2 .3723482E+07   1440020E-01  .9315E+02  .8427E+03   .9999474 -.0039538  .0094640
T  210  2 .3666313E+07   1440008E-01  .8616E+02  .1084E+04   .9998940  .0135099  .0054332
T  211  2 .3692826E+07   1440005E-01 -.2297E+04  .5682E+03   .9995206 -.0308422  .0027134
T  212  2 .3657306E+07   1440002E-01 -.6930E+02  .2029E+03   .9999562  .0093468  .0004136
T  213  2 .3723840E+07   1440010E-01 -.8144E+03 -.3905E+03   .9998658 -.0130717 -.0098791
T  214  2 .3649299E+07   1440021E-01  .2031E+04 -.9546E+03   .9998170  .0154683 -.0112540
T  215  2 .3675556E+07   1440003E-01 -.1317E+04  .6001E+01   .9998714 -.0160189  .0007616
T  216  2 .3668291E+07   1440012E-01  .7798E+03  .3123E+03   .9998614  .0157020 -.0055377
T  217  2 .3697072E+07   1440010E-01  .4962E+03 -.1695E+04   .9998762  .0045426 -.0150645
T  218  2 .3649845E+07   1440016E-01 -.5501E+03 -.1074E+03   .9999520 -.0037299  .0090625
T  219  2 .3698342E+07   1440022E-01  .6619E+03 -.3900E+03   .9999778  .0066363  .0005584
T  220  2 .3689493E+07   1440005E-01  .6308E+03  .8704E+03   .9998788  .0151316  .0036698
T  221  2 .3654318E+07   1440009E-01  .3043E+03  .6412E+03   .9999330  .0104132  .0050467
T  222  2 .3698670E+07   1440021E-01 -.3568E+03  .1327E+04   .9994262 -.0026692  .0337663
T  223  2 .3664002E+07   1440004E-01  .5352E+03 -.2144E+03   .9999629  .0049503 -.0070430
T  224  2 .3685150E+07   1440009E-01  .1528E+03 -.2879E+03   .9999881  .0043154 -.0022718
T  225  2 .3672180E+07   1440009E-01  .8748E+03  .2254E+03   .9997547  .0148828  .0164041
T  226  2 .3699454E+07   1440004E-01 -.1384E+03 -.5065E+02   .9999911  .0022807 -.0035373
T  227  2 .3689115E+07   1440018E-01 -.7223E+03 -.3243E+03   .9998271 -.0166665 -.0082463
T  228  2 .3701945E+07   1440008E-01  .7942E+03 -.1377E+04   .9995088  .0211583 -.0231172
T  229  2 .3675204E+07   1440012E-01  .2878E+03 -.3275E+03   .9999711  .0073579 -.0019137
T  230  2 .3712879E+07   1440005E-01  .9028E+02 -.2002E+03   .9999643 -.0078723  .0030761
T  231  2 .3670456E+07   1440018E-01  .1762E+04 -.1751E+04   .9989746  .0374915 -.0253814
T  232  2 .3735209E+07   1440018E-01 -.2523E+03  .7902E+03   .9998964 -.0074608  .0123083
T  233  2 .3694887E+07   1440016E-01  .7542E+03 -.1121E+03   .9999554  .0091099  .0024986
T  234  2 .3719795E+07   1440004E-01 -.7246E+03  .2109E+04   .9994639 -.0081117  .0317198
T  235  2 .3627895E+07   1440018E-01 -.1822E+04  .6704E+03   .9996996  .0184432 -.0161398
T  236  2 .3731450E+07   1440015E-01  .1200E+04 -.7390E+03   .9999460  .0101141  .0023687
T  237  2 .3674947E+07   1440006E-01 -.2031E+03  .2234E+03   .9999944  .0004888  .0033045
T  238  2 .3690560E+07   1440008E-01  .6567E+03  .1273E+04   .9998641  .0016406  .0164054
T  239  2 .3707692E+07   1440020E-01  .3068E+03  .3997E+03   .9997870  .0152561  .0139005
T  240  2 .3656981E+07   1440008E-01 -.1971E+03 -.6963E+03   .9999463 -.0095931  .0039278
T  241  2 .3647426E+07   1440015E-01 -.5747E+02 -.5265E+02   .9999740 -.0042651  .0058223
T  242  2 .3638923E+07   1440005E-01 -.1376E+04  .4715E+03   .9998846 -.0142313  .0053083
T  243  2 .3634959E+07   1440020E-01 -.4531E+02 -.6783E+03   .9999640 -.0048733 -.0069412
T  244  2 .3707972E+07   1440000E-01 -.8491E+03  .6901E+03   .9999483 -.0095772  .0034122
T  245  2 .3727107E+07   1440001E-01  .4909E+03  .3462E+03   .9999830  .0058258  .0003618
T  246  2 .3676931E+07   1440019E-01  .1410E+04  .2259E+03   .9999130  .0128401  .0030092
T  247  2 .3709164E+07   1440011E-01  .1334E+04 -.2358E+04   .9998012 -.0008111 -.0199245
T  248  2 .3679131E+07   1440012E-01  .7187E+03  .4225E+03   .9999757  .0059120  .0036969
T  249  2 .3676566E+07   1440005E-01  .1113E+03  .1209E+04   .9978890 -.0303252  .0574268
T  250  2 .3704572E+07   1440000E-01 -.4653E+03 -.3714E+03   .9999742 -.0042071 -.0058288
T  251  2 .3718854E+07   1440011E-01  .9009E+03 -.2857E+03   .9999118  .0125536 -.0043423
T  252  2 .3656219E+07   1440021E-01  .2304E+03  .3974E+02   .9999696  .0071442 -.0031087
T  253  2 .3674148E+07   1440014E-01  .1880E+04 -.2672E+03   .9994896  .0302293 -.0103348
T  254  2 .3709020E+07   1440013E-01  .1001E+04 -.4550E+03   .9999297  .0118012 -.0011880
T  255  2 .3682748E+07   1440013E-01 -.1033E+02  .3791E+03   .9999200  .0098620  .0079184
T  256  2 .3746303E+07   1440006E-01 -.1490E+03  .1028E+04   .9999247 -.0048600  .0112677
T  257  2 .3718496E+07   1440008E-01 -.5404E+03 -.9118E+03   .9998819 -.0116564 -.0100131
T  258  2 .3641652E+07   1440005E-01 -.2262E+03  .1226E+04   .9999632  .0000223  .0085801
T  259  2 .3702541E+07   1440020E-01 -.1938E+02  .3271E+03   .9999827  .0053105  .0025306
T  260  2 .3655858E+07   1440004E-01 -.3712E+04 -.1162E+04   .9992643 -.0349814 -.0157218
T  261  2 .3662131E+07   1440010E-01  .4282E+03  .5078E+03   .9999920  .0003171  .0039881
T  262  2 .3687765E+07   1440020E-01 -.7018E+03  .3613E+03   .9999658  .0018033  .0080686
T  263  2 .3675525E+07   1440004E-01 -.7836E+03  .4094E+03   .9998666 -.0161170  .0026334
T  264  2 .3651751E+07   1440004E-01  .1396E+03  .1156E+04   .9998288  .0048754  .0178488
T  265  2 .3661474E+07   1440015E-01  .4286E+03 -.1772E+04   .9997603  .0086833 -.0200977
T  266  2 .3708191E+07   1440009E-01 -.1363E+04  .5806E+03   .9998434 -.0175603  .0022113
T  267  2 .3699884E+07   1440003E-01 -.6800E+02  .5602E+03   .9999777 -.0050885  .0043313
T  268  2 .3703631E+07   1440021E-01 -.2017E+04  .3383E+04   .9979049 -.0409483  .0500904
T  269  2 .3694286E+07   1440020E-01 -.1124E+04  .2499E+02   .9999102 -.0130325 -.0031343
T  270  2 .3669581E+07   1440002E-01 -.4746E+03 -.1033E+04   .9998371 -.0125907 -.0129294
T  271  2 .3667553E+07   1440016E-01 -.1302E+04 -.2903E+04   .9993621 -.0163537 -.0317476
T  272  2 .3632002E+07   1440015E-01  .2016E+03  .7658E+03   .9999072  .0103711  .0088362
T  273  2 .3736056E+07   1440017E-01 -.7996E+03 -.4847E+03   .9999512 -.0098741 -.0001258
T  274  2 .3657106E+07   1440014E-01 -.1011E+03  .1001E+04   .9992062  .0094244  .0387057
T  275  2 .3662223E+07   1440021E-01 -.1012E+04  .1374E+03   .9999106 -.0129220  .0034381
T  276  2 .3713982E+07   1440011E-01  .1545E+03  .6287E+03   .9999822 -.0011253  .0058676
T  277  2 .3665999E+07   1440006E-01 -.1136E+04 -.5134E+03   .9999756 -.0002290 -.0069797
T  278  2 .3750493E+07   1440000E-01  .2696E+03  .3356E+03   .9999616 -.0001114 -.0087631
T  279  2 .3697308E+07   1440019E-01  .5639E+03  .4518E+02   .9999932  .0036883  .0001005
T  280  2 .3677305E+07   1440016E-01 -.1462E+04 -.7546E+03   .9998132 -.0128424 -.0144438
T  281  2 .3674308E+07   1440003E-01 -.3646E+04 -.1844E+04   .9994946 -.0281089 -.0148490
T  282  2 .3674496E+07   1440010E-01 -.1139E+03  .1281E+03   .9999905 -.0004519  .0043277
T  283  2 .3644718E+07   1440000E-01 -.4857E+03  .1207E+04   .9999412  .0009352  .0108031
T  284  2 .3719801E+07   1440017E-01  .2792E+04 -.1365E+04   .9995486  .0262317 -.0146436
T  285  2 .3658277E+07   1440006E-01  .4287E+03  .2765E+03   .9999757  .0069705  .0002427
T  286  2 .3630181E+07   1440000E-01 -.7913E+03  .8933E+03   .9998373 -.0128153  .0126959
T  287  2 .3709601E+07   1440017E-01 -.1449E+03 -.6182E+03   .9998498 -.0129394 -.0115346
T  288  2 .3685985E+07   1440001E-01 -.1042E+04 -.4348E+03   .9998982 -.0032986 -.0138824
T  289  2 .3680813E+07   1440012E-01 -.1423E+03 -.1385E+03   .9999956  .0013787  .0026211
T  290  2 .3663716E+07   1440005E-01  .1113E+04  .6252E+02   .9998937  .0123567  .0077360
T  291  2 .3720376E+07   1440014E-01 -.1585E+04  .2683E+03   .9997302 -.0221943  .0068552
T  292  2 .3654661E+07   1440002E-01 -.1748E+04 -.9202E+03   .9998445 -.0157301 -.0079753
T  293  2 .3670845E+07   1440014E-01  .3024E+03 -.3703E+03   .9999899  .0044332  .0006887
T  294  2 .3684649E+07   1440021E-01  .4815E+03  .1546E+04   .9998520  .0070506  .0156950
T  295  2 .3661272E+07   1440019E-01  .1178E+04  .1221E+04   .9999535  .0089197  .0036711
T  296  2 .3595410E+07   1440017E-01 -.6842E+03 -.3126E+03   .9999374 -.0111317 -.0011131
T  297  2 .3644080E+07   1440020E-01 -.7804E+03 -.8010E+01   .9999796  .0047277 -.0043049
T  298  2 .3683414E+07   1440001E-01  .2864E+03 -.1435E+04   .9987510  .0247995 -.0433744
T  299  2 .3676541E+07   1440006E-01 -.2265E+03  .8238E+03   .9999704  .0032470  .0069731
T  300  2 .3715738E+07   1440020E-01  .7564E+03 -.7316E+03   .9999305  .0079903 -.0086667
T  301  2 .3693814E+07   1440021E-01 -.6998E+03 -.4448E+03   .9998197 -.0189811  .0006111
T  302  2 .3598634E+07   1440001E-01 -.6749E+03 -.4016E+03   .9998596 -.0147669 -.0079259
T  303  2 .3691811E+07   1440005E-01 -.7210E+03  .2755E+03   .9999800 -.0062078  .0012418
T  304  2 .3734041E+07   1440006E-01  .9531E+03 -.5362E+03   .9999172  .0114451 -.0058907
T  305  2 .3705871E+07   1440020E-01  .1098E+04 -.8469E+03   .9999742  .0048863 -.0052614
T  306  2 .3705381E+07   1440021E-01  .1719E+04 -.1064E+04   .9996803  .0217065 -.0129698
T  307  2 .3679792E+07   1440022E-01  .2664E+03  .9507E+03   .9999564  .0044883  .0081942
T  308  2 .3694250E+07   1440003E-01  .8107E+02 -.6387E+03   .9999536  .0035740 -.0089422
T  309  2 .3669095E+07   1440012E-01  .4022E+03 -.1457E+04   .9998023  .0073458 -.0184757
T  310  2 .3672697E+07   1440007E-01  .2019E+04 -.2141E+03   .9994165  .0301235 -.0160999
T  311  2 .3707365E+07   1440015E-01  .6672E+02 -.6873E+03   .9999886 -.0023091 -.0041825
T  312  2 .3707202E+07   1440000E-01  .6292E+02  .4726E+03   .9999362 -.0048472  .0101995
T  313  2 .3662113E+07   1440001E-01 -.5751E+03  .9762E+02   .9999970  .0019458 -.0014922
T  314  2 .3700170E+07   1440019E-01 -.1204E+04  .2880E+03   .9999691 -.0073504  .0027785
T  315  2 .3698646E+07   1440011E-01 -.5890E+03  .2788E+03   .9999223 -.0109917  .0058775
T  316  2 .3641784E+07   1440001E-01  .8028E+03 -.1224E+03   .9999506  .0097277 -.0020294
T  317  2 .3663627E+07   1440006E-01  .4426E+04  .2225E+04   .9989097  .0431448  .0178335
T  318  2 .3672340E+07   1440018E-01  .8064E+03  .3821E+03   .9999633  .0081881  .0025328
T  319  2 .3649450E+07   1440014E-01 -.2196E+03 -.7527E+03   .9999602 -.0044251 -.0077411
T  320  2 .3708850E+07   1440015E-01 -.9950E+03  .1500E+04   .9998035 -.0078532  .0181999
T  321  2 .3674660E+07   1440002E-01  .8516E+02  .1329E+04   .9998185  .0002613  .0190487
T  322  2 .3724272E+07   1440017E-01  .1230E+04 -.1901E+04   .9998016  .0095281 -.0174919
T  323  2 .3739570E+07   1440020E-01 -.1126E+04 -.9612E+03   .9998460 -.0146488 -.0096633
T  324  2 .3709675E+07   1440013E-01  .2348E+03 -.4275E+03   .9997240  .0187614 -.0141397
T  325  2 .3636843E+07   1440021E-01 -.1258E+04  .2937E+03   .9999286 -.0112777  .0039382
T  326  2 .3692296E+07   1440021E-01 -.9724E+03  .1235E+04   .9999985 -.0015407 -.0008418
T  327  2 .3717459E+07   1440011E-01 -.1820E+03  .5709E+03   .9999856 -.0035051  .0040740
T  328  2 .3704804E+07   1440021E-01  .1683E+04  .4926E+03   .9998777  .0142280  .0064975
T  329  2 .3649327E+07   1440007E-01 -.1067E+03 -.1723E+04   .9997183  .0148991 -.0184779
T  330  2 .3677897E+07   1440005E-01  .5110E+03  .7677E+03   .9999695  .0077787 -.0006878
T  331  2 .3710063E+07   1440014E-01 -.8949E+02  .3919E+03   .9999987  .0000572 -.0015974
T  332  2 .3678021E+07   1440006E-01  .1340E+03  .1003E+04   .9999228  .0013421  .0123494
T  333  2 .3729799E+07   1440005E-01 -.8478E+03  .5757E+02   .9999964 -.0006407  .0025884
T  334  2 .3712695E+07   1440016E-01 -.1218E+04  .8167E+02   .9999659 -.0081395 -.0014164
T  335  2 .3732037E+07   1440002E-01  .7278E+03  .1436E+04   .9993181  .0150832  .0337033
T  336  2 .3638585E+07   1440003E-01  .4589E+03  .1719E+04   .9986612  .0048145  .0515032
T  337  2 .3690295E+07   1440011E-01  .2124E+04  .3176E+03   .9995826  .0288897 -.0002141
T  338  2 .3702231E+07   1440001E-01  .1308E+03 -.1402E+03   .9999960  .0026759 -.0009373
T  339  2 .3696829E+07   1440003E-01  .1430E+04  .1716E+03   .9998156  .0192018 -.0001726
T  340  2 .3694872E+07   1440015E-01 -.8329E+03  .3949E+03   .9999518 -.0052260  .0083153
T  341  2 .3702175E+07   1440016E-01 -.5039E+03  .9859E+03   .9998736 -.0078278  .0138365
T  342  2 .3735080E+07   1440004E-01  .2301E+04 -.8150E+03   .9998439  .0159711 -.0075564
T  343  2 .3722102E+07   1440002E-01  .9476E+03  .3164E+03   .9992764  .0373516  .0071836
T  344  2 .3655588E+07   1440002E-01 -.1625E+04 -.2434E+03   .9999123 -.0129720  .0026827
T  345  2 .3689560E+07   1440015E-01  .1482E+03 -.5285E+02   .9999749 -.0024830 -.0066292
T  346  2 .3623038E+07   1440008E-01 -.1990E+02 -.3464E+02   .9999645 -.0049424  .0068253
T  347  2 .3669126E+07   1440007E-01 -.4501E+03  .2015E+03   .9998853 -.0083661  .0126232
T  348  2 .3642490E+07   1440021E-01 -.6230E+03 -.6671E+03   .9999218 -.0080143 -.0095970
T  349  2 .3680651E+07   1440012E-01  .5745E+02 -.5861E+03   .9998973 -.0053616  .0132892
T  350  2 .3699910E+07   1440021E-01 -.2655E+04  .2721E+04   .9995284 -.0269222  .0147707
T  351  2 .3679228E+07   1440021E-01  .1393E+04  .6407E+03   .9996906  .0224597  .0106932
T  352  2 .3701623E+07   1440007E-01  .1892E+03  .1589E+04   .9996281 -.0088682  .0257889
T  353  2 .3680153E+07   1440017E-01  .1467E+03 -.3079E+03   .9998999  .0006951 -.0141310
T  354  2 .3695146E+07   1440021E-01 -.1707E+03  .5263E+03   .9999931 -.0007995  .0036291
T  355  2 .3676444E+07   1440009E-01 -.8235E+03  .5887E+03   .9998846 -.0151395  .0012453
T  356  2 .3684770E+07   1440009E-01  .2273E+03  .2429E+03   .9999749 -.0011723  .0069806
T  357  2 .3653891E+07   1440014E-01  .3951E+04  .1422E+04   .9873485  .1548038  .0343310
T  358  2 .3642585E+07   1440015E-01  .1860E+04  .1579E+03   .9997275  .0233275 -.0008773
T  359  2 .3677581E+07   1440019E-01  .1005E+03  .1271E+03   .9999947 -.0006095 -.0031867
T  360  2 .3682531E+07   1440005E-01 -.1317E+04 -.2334E+03   .9998152 -.0107164 -.0159621
T  361  2 .3668962E+07   1440020E-01  .2595E+03 -.6517E+03   .9998923 -.0041916 -.0140619
T  362  2 .3725749E+07   1440000E-01  .1106E+04  .4864E+03   .9999231  .0110559  .0056176
T  363  2 .3693124E+07   1440008E-01  .9471E+03 -.7249E+02   .9999983  .0017241 -.0005792
T  364  2 .3678716E+07   1440015E-01 -.1845E+04 -.7197E+03   .9995584 -.0295765 -.0028795
T  365  2 .3703386E+07   1440011E-01 -.1991E+03 -.1321E+03   .9999869 -.0047328 -.0019705
T  366  2 .3664533E+07   1440008E-01 -.4474E+03  .7143E+03   .9999896 -.0033749  .0030565
T  367  2 .3690761E+07   1440016E-01 -.1057E+04  .6859E+03   .9997699 -.0201197  .0074400
T  368  2 .3677984E+07   1440014E-01 -.3935E+03 -.5901E+03   .9999321 -.0116027  .0010965
T  369  2 .3675796E+07   1440016E-01 -.2642E+03  .2903E+02   .9999643 -.0062065  .0057323
T  370  2 .3655023E+07   1440008E-01 -.6441E+03  .4375E+03   .9999606 -.0067058  .0058169
T  371  2 .3709721E+07   1440009E-01  .4510E+03  .5941E+02   .9999355  .0113240  .0008311
T  372  2 .3626244E+07   1440015E-01 -.1914E+04 -.5778E+03   .9999547 -.0081973  .0048365
T  373  2 .3677133E+07   1440005E-01  .2481E+04  .9083E+03   .9990465  .0392535  .0191119
T  374  2 .3743934E+07   1440014E-01 -.9306E+03 -.1618E+03   .9999409 -.0077817 -.0075968
T  375  2 .3686010E+07   1440016E-01  .6303E+03  .1509E+04   .9998437  .0020252  .0175632
T  376  2 .3725199E+07   1440007E-01  .4384E+01  .2196E+03   .9999956 -.0024379 -.0016852
T  377  2 .3699504E+07   1440015E-01 -.8857E+03  .7134E+03   .9998929 -.0131367  .0064544
T  378  2 .3641132E+07   1440010E-01  .1141E+03 -.8914E+03   .9998379  .0156821 -.0088476
T  379  2 .3679654E+07   1440015E-01 -.7095E+03 -.4899E+03   .9999951 -.0031389  .0001858
T  380  2 .3686595E+07   1440019E-01 -.6698E+03  .4548E+03   .9999735 -.0031696  .0065490
T  381  2 .3634114E+07   1440017E-01  .1154E+04  .5591E+02   .9998315  .0078498 -.0165920
T  382  2 .3712064E+07   1440004E-01 -.1112E+03 -.2109E+03   .9999901 -.0041874 -.0015376
T  383  2 .3708614E+07   1440020E-01  .1565E+04 -.1690E+02   .9996719  .0255561  .0017130
T  384  2 .3705415E+07   1440014E-01  .2284E+03 -.5161E+03   .9999790  .0047855 -.0043606
T  385  2 .3663257E+07   1440009E-01  .1158E+04 -.1475E+03   .9997241  .0232658  .0032272
T  386  2 .3707374E+07   1440001E-01 -.5990E+03 -.1644E+03   .9997670 -.0214948 -.0019553
T  387  2 .3654575E+07   1440011E-01  .1156E+04  .1199E+04   .9999091 -.0002482  .0134806
T  388  2 .3685356E+07   1440011E-01  .4340E+03  .3500E+03   .9997408  .0100913  .0204064
T  389  2 .3678735E+07   1440018E-01 -.8055E+03  .3127E+03   .9997721 -.0150096  .0151834
T  390  2 .3667254E+07   1440003E-01 -.4125E+03  .1528E+04   .9999585 -.0032569  .0085079
T  391  2 .3682877E+07   1440020E-01 -.5108E+03 -.4841E+03   .9999641 -.0061865 -.0057831
T  392  2 .3663896E+07   1440011E-01  .8511E+02 -.6560E+03   .9999909  .0041792 -.0008331
T  393  2 .3666166E+07   1440012E-01  .5188E+03  .4625E+03   .9999710  .0032470  .0068933
T  394  2 .3651168E+07   1440014E-01  .8626E+03  .3919E+03   .9998157  .0162737  .0101806
T  395  2 .3701781E+07   1440010E-01 -.1319E+04 -.1497E+04   .9999511 -.0087464 -.0046086
T  396  2 .3698481E+07   1440014E-01 -.2064E+04  .9065E+02   .9999459 -.0076168  .0070905
T  397  2 .3658953E+07   1440003E-01  .5532E+03  .3332E+03   .9999796  .0024703  .0058890
T  398  2 .3673106E+07   1440012E-01 -.1550E+03 -.1279E+03   .9994617  .0125424 -.0303134
T  399  2 .3670052E+07   1440021E-01  .1092E+04 -.4196E+03   .9998473  .0174385  .0011567
T  400  2 .3675805E+07   1440014E-01 -.9572E+03  .1137E+04   .9991943 -.0401155  .0012086
T  401  2 .3679416E+07   1440021E-01 -.4273E+03  .4733E+01   .9999587 -.0053819 -.0073175
T  402  2 .3680681E+07   1440009E-01  .7008E+03  .2218E+04   .9995451  .0163043  .0253708
T  403  2 .3670691E+07   1440016E-01 -.3991E+02 -.5004E+03   .9999787 -.0039502 -.0051985
T  404  2 .3711673E+07   1440002E-01 -.1296E+03  .4137E+03   .9999829 -.0010477 -.0057503
T  405  2 .3641930E+07   1440017E-01  .9415E+03  .9486E+03   .9997382  .0159127  .0164435
T  406  2 .3704664E+07   1440001E-01  .2079E+04  .1289E+04   .9995671  .0278705  .0094255
T  407  2 .3632093E+07   1440010E-01  .2559E+03  .1558E+03   .9999921  .0018115  .0035327
T  408  2 .3679137E+07   1440018E-01  .2213E+03  .2498E+03   .9999333  .0096585  .0063394
T  409  2 .3682320E+07   1440019E-01 -.3108E+03  .3191E+03   .9999962 -.0027421 -.0002116
T  410  2 .3701395E+07   1440010E-01 -.5218E+03  .2242E+03   .9998101 -.0184710  .0062053
T  411  2 .3690068E+07   1440003E-01  .8084E+03  .2836E+03   .9999918  .0033148  .0023388
T  412  2 .3640770E+07   1440011E-01 -.8612E+03 -.2859E+03   .9998654 -.0158341 -.0043033
T  413  2 .3645544E+07   1440020E-01 -.3498E+02  .2065E+04   .9997479  .0076348  .0211168
T  414  2 .3724128E+07   1440021E-01 -.1376E+03  .4317E+03   .9999946  .0016844 -.0028378
T  415  2 .3723866E+07   1440010E-01  .1072E+04 -.2503E+02   .9999662  .0075886  .0031588
T  416  2 .3649556E+07   1440019E-01 -.2197E+03 -.8027E+03   .9999304  .0113610 -.0031912
T  417  2 .3694807E+07   1440007E-01 -.3445E+03  .1396E+03   .9998429 -.0176436  .0017061
T  418  2 .3666558E+07   1440007E-01  .1988E+03  .3099E+04   .9993565  .0044080  .0355971
T  419  2 .3652157E+07   1440016E-01  .1493E+03  .5405E+03   .9999765 -.0043995  .0052510
T  420  2 .3655875E+07   1440010E-01  .1038E+04 -.4877E+02   .9999328  .0115239 -.0012632
T  421  2 .3709118E+07   1440021E-01 -.7592E+03  .1114E+04   .9999971  .0020544  .0012603
T  422  2 .3710548E+07   1440010E-01  .4813E+03  .1382E+03   .9999979 -.0020339  .0002919
T  423  2 .3611100E+07   1440019E-01 -.1134E+02 -.3668E+03   .9998780  .0109817 -.0111042
T  424  2 .3694798E+07   1440011E-01 -.7943E+03  .3615E+03   .9998442 -.0103793  .0142780
T  425  2 .3648438E+07   1440017E-01  .7589E+03  .3504E+02   .9999249  .0119625  .0026606
T  426  2 .3703625E+07   1440006E-01  .3335E+03 -.8206E+02   .9996095  .0276812 -.0038125
T  427  2 .3681932E+07   1440019E-01  .4610E+03  .5961E+03   .9998954  .0126645  .0069800
T  428  2 .3678792E+07   1440017E-01 -.8660E+02 -.1758E+04   .9998311  .0050794 -.0176620
T  429  2 .3647053E+07   1440006E-01  .2424E+03  .9461E+03   .9999251  .0058321  .0107607
T  430  2 .3693950E+07   1440007E-01 -.2318E+03  .6150E+03   .9998275 -.0120551  .0141324
T  431  2 .3680068E+07   1440006E-01  .4923E+03 -.5905E+03   .9999070  .0057355 -.0123713
T  432  2 .3705042E+07   1440011E-01  .7449E+02  .1238E+03   .9999860 -.0050955  .0014287
T  433  2 .3684431E+07   1440006E-01  .6468E+03  .7935E+03   .9999952 -.0024948  .0018577
T  434  2 .3675531E+07   1440000E-01  .1554E+04 -.3301E+02   .9999682  .0078442  .0014054
T  435  2 .3680448E+07   1440016E-01  .6907E+02 -.3133E+03   .9999083  .0100161 -.0091139
T  436  2 .3665466E+07   1440017E-01  .7249E+03  .1535E+04   .9997415  .0104235  .0202067
T  437  2 .3660909E+07   1440000E-01 -.1545E+04 -.3897E+03   .9999212 -.0119251 -.0039128
T  438  2 .3665468E+07   1440012E-01  .2395E+04  .9043E+03   .9996251  .0236451  .0138040
T  439  2 .3705779E+07   1440002E-01 -.2390E+03  .8328E+03   .9999549 -.0005657  .0094847
T  440  2 .3675848E+07   1440019E-01  .9495E+02  .8329E+02   .9999933  .0034638  .0011567
T  441  2 .3694469E+07   1440000E-01 -.5791E+02 -.1181E+03   .9999920 -.0027315 -.0029057
T  442  2 .3700621E+07   1440009E-01 -.6382E+03 -.9377E+03   .9999581 -.0053044 -.0074563
T  443  2 .3688683E+07   1440007E-01  .5974E+03  .1062E+03   .9999395  .0107225 -.0024689
T  444  2 .3684487E+07   1440018E-01 -.3589E+03  .1897E+03   .9999685 -.0078760 -.0010265
T  445  2 .3691986E+07   1440019E-01 -.6486E+03  .6180E+03   .9999125 -.0112952  .0068890
T  446  2 .3699249E+07   1440017E-01 -.2303E+04 -.7524E+03   .9996196 -.0269446 -.0058863
T  447  2 .3694368E+07   1440000E-01 -.5425E+03  .1934E+03   .9999363 -.0111695  .0016105
T  448  2 .3699947E+07   1440003E-01 -.2289E+03 -.1070E+03   .9999874  .0049906  .0006254
T  449  2 .3658777E+07   1440020E-01  .9053E+03  .1144E+03   .9999260  .0117050 -.0033135
T  450  2 .3663087E+07   1440017E-01 -.3768E+03 -.1350E+04   .9998849 -.0065063 -.0137054
T  451  2 .3636648E+07   1440021E-01 -.1039E+03  .2288E+02   .9999946  .0031985  .0007633
T  452  2 .3646236E+07   1440020E-01 -.2618E+03  .3782E+02   .9999928 -.0016808 -.0034040
T  453  2 .3630753E+07   1440002E-01 -.8257E+03 -.3985E+03   .9999657 -.0077191  .0030047
T  454  2 .3742705E+07   1440016E-01  .7940E+03  .2530E+04   .9999183 -.0000700  .0127824
T  455  2 .3712223E+07   1440006E-01  .1184E+03  .3516E+03   .9999837  .0006678  .0056727
T  456  2 .3666310E+07   1440019E-01 -.2709E+03  .1076E+04   .9999145 -.0124768  .0039134
T  457  2 .3659773E+07   1440018E-01  .6809E+03 -.1194E+04   .9998668  .0054883 -.0153691
T  458  2 .3709901E+07   1440020E-01  .3904E+03  .4832E+02   .9999697  .0076784 -.0012667
T  459  2 .3707285E+07   1440007E-01 -.2355E+03  .5606E+03   .9999990 -.0014170 -.0000580
T  460  2 .3730613E+07   1440013E-01  .4228E+04  .2139E+04   .9989466  .0415919  .0193859
T  461  2 .3676347E+07   1440004E-01  .6312E+03 -.6646E+03   .9999710  .0014938 -.0074735
T  462  2 .3666560E+07   1440008E-01  .7514E+03 -.9365E+02   .9999963  .0012655 -.0024258
T  463  2 .3701119E+07   1440015E-01  .8046E+03 -.4687E+03   .9999313  .0106573 -.0048897
T  464  2 .3654186E+07   1440020E-01  .1363E+03 -.7010E+03   .9999758  .0062471 -.0030571
T  465  2 .3621410E+07   1440002E-01 -.5121E+02  .4837E+02   .9999672  .0071023 -.0038941
T  466  2 .3701864E+07   1440016E-01  .3766E+03 -.1511E+04   .9998763  .0097011 -.0123819
T  467  2 .3716198E+07   1440000E-01 -.7529E+03 -.1464E+04   .9998286 -.0134155 -.0127597
T  468  2 .3676772E+07   1440000E-01  .3638E+03 -.3908E+02   .9999091  .0067458  .0116772
T  469  2 .3656725E+07   1440005E-01 -.1153E+04  .2976E+03   .9998549 -.0167696  .0029960
T  470  2 .3675487E+07   1440018E-01 -.1563E+04  .3706E+03   .9996609 -.0258792  .0028863
T  471  2 .3700242E+07   1440011E-01  .5550E+02  .2069E+04   .9997685  .0112779  .0183233
T  472  2 .3700982E+07   1440002E-01 -.4577E+03 -.5260E+03   .9999541 -.0033972 -.0089565
T  473  2 .3673902E+07   1440015E-01  .2639E+03  .1287E+04   .9998100  .0068338  .0182531
T  474  2 .3680226E+07   1440000E-01 -.1625E+03  .1923E+03   .9999286  .0110917  .0044414
T  475  2 .3676547E+07   1440013E-01 -.1372E+04 -.1060E+04   .9999086 -.0127950 -.0043643
T  476  2 .3662834E+07   1440000E-01 -.1552E+03  .1388E+03   .9999599 -.0042782 -.0078699
T  477  2 .3724923E+07   1440011E-01  .7920E+03 -.6848E+03   .9999363  .0110434 -.0023460
T  478  2 .3704408E+07   1440010E-01 -.3229E+02  .7324E+03   .9999307 -.0035735  .0112209
T  479  2 .3688682E+07   1440014E-01 -.1175E+04  .4651E+03   .9999531 -.0095712  .0014830
T  480  2 .3722278E+07   1440006E-01  .4016E+03 -.1799E+04   .9999294  .0019218 -.0117303
T  481  2 .3704594E+07   1440010E-01 -.8009E+02  .1123E+04   .9999251 -.0056280  .0108660
T  482  2 .3693820E+07   1440006E-01 -.7922E+03 -.1668E+03   .9999837 -.0043300  .0037224
T  483  2 .3675341E+07   1440006E-01 -.6233E+03 -.2411E+03   .9999759 -.0046037 -.0051978
T  484  2 .3697418E+07   1440014E-01 -.7870E+03 -.1197E+04   .9999086 -.0117476 -.0066948
T  485  2 .3705853E+07   1440015E-01  .1215E+04  .9180E+03   .9999204  .0093544  .0084614
T  486  2 .3751341E+07   1440000E-01 -.1392E+03  .1275E+03   .9999863 -.0016964  .0049548
T  487  2 .3698458E+07   1440020E-01 -.1104E+04  .6348E+02   .9998959 -.0140228 -.0033882
T  488  2 .3623847E+07   1440015E-01  .3671E+04  .3890E+03   .9990754  .0429910 -.0002728
T  489  2 .3688198E+07   1440004E-01 -.1205E+04  .3313E+03   .9996734 -.0253933 -.0028671
T  490  2 .3671487E+07   1440007E-01  .4711E+03 -.6849E+03   .9998994  .0116909 -.0080288
T  491  2 .3706247E+07   1440014E-01  .1032E+03  .4070E+03   .9999385 -.0077737  .0079154
T  492  2 .3696662E+07   1440008E-01 -.3150E+03  .2018E+02   .9999779 -.0033174  .0057544
T  493  2 .3668599E+07   1440009E-01 -.1881E+03 -.2381E+02   .9995289 -.0249130 -.0179282
T  494  2 .3700887E+07   1440002E-01 -.1432E+03 -.3672E+03   .9999775  .0066363  .0010021
T  495  2 .3675648E+07   1440001E-01 -.5131E+03  .5733E+03   .9999169 -.0093098  .0089150
T  496  2 .3725648E+07   1440004E-01 -.8345E+03  .7589E+03   .9997140 -.0207800  .0118328
T  497  2 .3730058E+07   1440005E-01  .8244E+03 -.1299E+03   .9999567  .0089905 -.0023851
T  498  2 .3672435E+07   1440014E-01 -.3692E+04 -.8686E+03   .9992401 -.0385644 -.0056641
T  499  2 .3686616E+07   1440001E-01 -.1226E+04  .1689E+04   .9998618 -.0096727  .0135194
T  500  2 .3671875E+07   1440002E-01 -.1120E+03  .3728E+03   .9999463 -.0064127  .0081371
T  501  2 .3681794E+07   1440015E-01 -.3493E+03 -.1102E+04   .9997889  .0055672 -.0197756
T  502  2 .3685353E+07   1440014E-01  .1412E+04 -.5166E+03   .9998510  .0160051 -.0064695
T  503  2 .3685082E+07   1440020E-01 -.2137E+03 -.9510E+03   .9999986  .0012808 -.0010668
T  504  2 .3686318E+07   1440001E-01 -.5763E+03 -.9339E+03   .9999111 -.0037602 -.0127951
T  505  2 .3657598E+07   1440007E-01  .1386E+03 -.1405E+02   .9999843 -.0055552  .0006723
T  506  2 .3673428E+07   1440012E-01  .1212E+04  .7371E+03   .9997669  .0196326  .0089863
T  507  2 .3693285E+07   1440001E-01  .8773E+03  .1155E+03   .9999822  .0054285 -.0024723
T  508  2 .3670185E+07   1440020E-01 -.3217E+02  .1648E+04   .9998769 -.0042879  .0150962
T  509  2 .3698049E+07   1440022E-01  .3011E+03 -.5206E+03   .9999263  .0099595 -.0069404
T  510  2 .3653297E+07   1440010E-01  .9698E+03 -.9276E+03   .9998388  .0065374 -.0167205
T  511  2 .3635111E+07   1440005E-01 -.3938E+03 -.2654E+03   .9999865  .0020470 -.0047672
T  512  2 .3693511E+07   1440020E-01 -.4851E+03  .5482E+03   .9999321 -.0079397  .0085253
T  513  2 .3720355E+07   1440012E-01  .2041E+03 -.2118E+03   .9999799  .0060265 -.0019763
T  514  2 .3712916E+07   1440009E-01  .2343E+04 -.3460E+02   .9996973  .0244322  .0028867
T  515  2 .3688046E+07   1440013E-01 -.9155E+03 -.7904E+03   .9997123 -.0192406 -.0143214
T  516  2 .3690883E+07   1440013E-01 -.9730E+03 -.1733E+03   .9997869 -.0189552 -.0081773
T  517  2 .3667479E+07   1440016E-01  .1188E+04 -.1553E+03   .9999070  .0112891 -.0076566
T  518  2 .3659331E+07   1440000E-01  .6232E+01 -.6744E+02   .9999724  .0038967 -.0063216
T  519  2 .3684384E+07   1440008E-01 -.5823E+02 -.6948E+03   .9999344  .0097869  .0059474
T  520  2 .3661179E+07   1440004E-01 -.6058E+03 -.2592E+03   .9999629  .0050377 -.0069942
T  521  2 .3693453E+07   1440011E-01 -.3181E+03 -.1043E+04   .9997475 -.0084524 -.0208221
T  522  2 .3636334E+07   1440019E-01  .7930E+03  .1319E+04   .9999537 -.0027081  .0092306
T  523  2 .3667670E+07   1440020E-01 -.6527E+02  .6450E+03   .9999517  .0008118  .0097953
T  524  2 .3704056E+07   1440015E-01  .1960E+04  .1664E+04   .9997233  .0164123  .0168491
T  525  2 .3639692E+07   1440010E-01  .3826E+03 -.4425E+03   .9999888  .0044856 -.0015094
T  526  2 .3614528E+07   1440018E-01 -.1702E+04  .2932E+04   .9990648 -.0233719  .0363774
T  527  2 .3722866E+07   1440009E-01  .3256E+03  .4819E+03   .9999790 -.0015594  .0062901
T  528  2 .3681340E+07   1440019E-01  .7950E+02  .1625E+03   .9999542 -.0041148  .0086392
T  529  2 .3643584E+07   1440018E-01  .3809E+03 -.7471E+03   .9999069  .0083226 -.0108177
T  530  2 .3697645E+07   1440017E-01 -.1527E+04  .1211E+02   .9999092 -.0134733 -.0001835
T  531  2 .3697725E+07   1440001E-01  .1571E+04  .2821E+03   .9998242  .0165325  .0088500
T  532  2 .3645519E+07   1440013E-01  .2967E+04  .2065E+04   .9997774  .0166476  .0129591
T  533  2 .3635830E+07   1440022E-01  .3548E+02  .1818E+04   .9999494  .0002007  .0100530
T  534  2 .3699532E+07   1440010E-01  .5916E+02 -.2183E+03   .9999652  .0006969  .0083108
T  535  2 .3728479E+07   1440002E-01  .1466E+04  .1506E+04   .9995823  .0252032  .0141435
T  536  2 .3676117E+07   1440014E-01 -.4779E+03 -.1224E+04   .9998888 -.0112491 -.0097864
T  537  2 .3710482E+07   1440021E-01  .2294E+03 -.1851E+02   .9999889  .0031726  .0034908
T  538  2 .3703400E+07   1440021E-01 -.1520E+03 -.1524E+04   .9997359 -.0071256 -.0218474
T  539  2 .3671856E+07   1440011E-01 -.5094E+03  .1546E+03   .9999545 -.0095147  .0006280
T  540  2 .3692794E+07   1440020E-01 -.1609E+03 -.1535E+03   .9999974  .0008342  .0021364
T  541  2 .3690877E+07   1440000E-01 -.8283E+03 -.5051E+03   .9999863 -.0025826 -.0045516
T  542  2 .3702528E+07   1440015E-01 -.4055E+02  .6188E+03   .9999996 -.0006095 -.0006127
T  543  2 .3662144E+07   1440006E-01  .3006E+03  .7120E+03   .9997921  .0203361  .0014893
T  544  2 .3730100E+07   1440000E-01 -.1347E+04 -.1928E+03   .9997244 -.0233227  .0026717
T  545  2 .3671606E+07   1440006E-01  .7046E+03 -.9390E+03   .9998160  .0134073 -.0137182
T  546  2 .3656481E+07   1440016E-01  .1121E+04  .5333E+03   .9999607  .0062783  .0062598
T  547  2 .3686802E+07   1440002E-01  .6161E+03 -.1272E+04   .9997343  .0152391 -.0172931
T  548  2 .3669284E+07   1440017E-01  .1563E+03 -.1822E+03   .9999960  .0026392 -.0010434
T  549  2 .3658331E+07   1440021E-01 -.1276E+03 -.3313E+03   .9999884  .0003305 -.0047974
T  550  2 .3634561E+07   1440004E-01  .1610E+03  .4496E+03   .9999828  .0046481  .0035764
T  551  2 .3712867E+07   1440016E-01  .1411E+03 -.5380E+02   .9999863 -.0021213  .0047925
T  552  2 .3694531E+07   1440003E-01 -.1518E+03  .7638E+02   .9999786 -.0065490 -.0000517
T  553  2 .3639295E+07   1440003E-01  .8136E+03 -.5839E+03   .9998717  .0142563  .0073089
T  554  2 .3669936E+07   1440012E-01  .2297E+03 -.4254E+03   .9999418  .0055394 -.0092633
T  555  2 .3640179E+07   1440008E-01 -.2444E+03  .5500E+03   .9999679 -.0052708  .0060358
T  556  2 .3709292E+07   1440017E-01  .6893E+03 -.1308E+04   .9999572 -.0007534 -.0092182
T  557  2 .3688067E+07   1440012E-01  .2586E+02  .4131E+03   .9998748 -.0151965  .0044142
T  558  2 .3705308E+07   1440021E-01 -.1276E+04 -.1894E+04   .9997814 -.0074381 -.0195425
T  559  2 .3704908E+07   1440000E-01 -.6853E+03  .4703E+03   .9999209 -.0068979  .0105166
T  560  2 .3702880E+07   1440021E-01  .3243E+03 -.1041E+04   .9999857  .0019484 -.0049754
T  561  2 .3652326E+07   1440014E-01 -.2243E+04  .2024E+02   .9996810 -.0224717  .0115254
T  562  2 .3678694E+07   1440005E-01 -.9950E+03  .5003E+03   .9997461 -.0211270  .0078378
T  563  2 .3732098E+07   1440013E-01  .7995E+02 -.2226E+03   .9999977 -.0002134 -.0021329
T  564  2 .3681969E+07   1440010E-01  .4483E+03  .1872E+03   .9999925  .0033281  .0019664
T  565  2 .3679414E+07   1440009E-01  .2723E+04  .1958E+04   .9995859  .0224865  .0179539
T  566  2 .3738306E+07   1440015E-01 -.1673E+03  .6581E+03   .9998806 -.0055220  .0144323
T  567  2 .3659224E+07   1440021E-01 -.6021E+03 -.7272E+03   .9999504 -.0020556 -.0097444
T  568  2 .3693964E+07   1440021E-01  .3915E+03 -.4890E+03   .9997920 -.0099053 -.0178259
T  569  2 .3705187E+07   1440011E-01 -.2503E+03  .1967E+03   .9999779 -.0060100  .0028516
T  570  2 .3726942E+07   1440013E-01 -.1295E+03 -.5716E+03   .9999958 -.0027852  .0007631
T  571  2 .3707430E+07   1440006E-01  .6554E+03  .4640E+03   .9997701  .0152108 -.0151126
T  572  2 .3690628E+07   1440001E-01 -.1710E+03 -.7068E+02   .9999757  .0049715 -.0048829
T  573  2 .3658439E+07   1440021E-01 -.1687E+04 -.2666E+03   .9998440 -.0168800 -.0051921
T  574  2 .3689464E+07   1440019E-01  .3955E+02 -.3709E+03   .9997325  .0226101 -.0048752
T  575  2 .3694928E+07   1440014E-01  .1180E+04 -.6036E+02   .9998799  .0150502 -.0036864
T  576  2 .3716406E+07   1440016E-01 -.5793E+03 -.2177E+04   .9998373  .0010767 -.0180082
T  577  2 .3658917E+07   1440018E-01  .5996E+03  .1361E+04   .9995537  .0137776  .0265074
T  578  2 .3619556E+07   1440015E-01 -.9762E+02  .2280E+03   .9999938  .0032859  .0012571
T  579  2 .3690401E+07   1440012E-01  .2533E+03 -.5513E+03   .9999546  .0080262  .0051373
T  580  2 .3720308E+07   1440017E-01  .3959E+03  .2606E+03   .9998825 -.0116916  .0099097
T  581  2 .3675108E+07   1440019E-01  .1561E+02  .8627E+03   .9997117 -.0052217  .0234349
T  582  2 .3623163E+07   1440016E-01 -.3811E+03 -.2153E+03   .9999790 -.0053311 -.0036768
T  583  2 .3704608E+07   1440018E-01  .7061E+03 -.7361E+03   .9998798  .0108541 -.0110681
T  584  2 .3691019E+07   1440012E-01 -.1346E+04 -.9427E+03   .9995810 -.0204057 -.0205295
T  585  2 .3673431E+07   1440015E-01 -.7469E+02  .1183E+03   .9999754 -.0066293  .0022997
T  586  2 .3655021E+07   1440006E-01  .1263E+04  .5965E+03   .9999393 -.0008536  .0109805
T  587  2 .3721323E+07   1440011E-01  .4393E+03 -.6109E+03   .9999826  .0058930 -.0002328
T  588  2 .3739851E+07   1440021E-01  .5129E+03  .1452E+02   .9999538  .0076372  .0058347
T  589  2 .3721975E+07   1440009E-01  .7933E+03 -.8560E+03   .9999545  .0078088 -.0054703
T  590  2 .3712345E+07   1440000E-01 -.1340E+03  .5293E+02   .9999433 -.0084432  .0064943
T  591  2 .3692240E+07   1440018E-01  .5240E+03  .7654E+03   .9998121  .0157419  .0113144
T  592  2 .3675201E+07   1440016E-01  .8469E+03  .1183E+04   .9999933  .0024777  .0026951
T  593  2 .3701581E+07   1440007E-01 -.3401E+03 -.9345E+03   .9996460 -.0001583 -.0266051
T  594  2 .3720893E+07   1440005E-01 -.7975E+03 -.1117E+04   .9996966 -.0133266 -.0207132
T  595  2 .3702252E+07   1440008E-01  .3852E+03 -.1025E+03   .9999949  .0029095  .0013257
T  596  2 .3680304E+07   1440014E-01  .3731E+03 -.6027E+03   .9997062  .0170277 -.0172531
T  597  2 .3659231E+07   1440007E-01  .6654E+03 -.4606E+02   .9999116  .0114579  .0067478
T  598  2 .3691124E+07   1440009E-01 -.3311E+03  .2254E+03   .9999003 -.0002450  .0141161
T  599  2 .3718559E+07   1440017E-01 -.3102E+03 -.9139E+03   .9999107 -.0102075 -.0086312
T  600  2 .3734189E+07   1440019E-01  .3027E+04  .5454E+03   .9995582  .0295765  .0029268
T  601  2 .3696201E+07   1440001E-01  .1474E+04 -.5022E+03   .9998145  .0163068 -.0102544
T  602  2 .3722229E+07   1440021E-01  .5611E+01  .3778E+03   .9999924  .0004991  .0038565
T  603  2 .3729466E+07   1440010E-01  .4861E+03 -.3365E+03   .9999547  .0093367  .0018642
T  604  2 .3681069E+07   1440019E-01  .1233E+03 -.1379E+03   .9999776  .0064953 -.0016100
T  605  2 .3674030E+07   1440018E-01 -.3371E+03  .2083E+03   .9999898 -.0000635  .0045224
T  606  2 .3657541E+07   1440010E-01  .3674E+03  .3173E+03   .9999714  .0075684  .0001161
T  607  2 .3695401E+07   1440011E-01 -.7277E+03  .2274E+04   .9996963 -.0072764  .0235436
T  608  2 .3722006E+07   1440016E-01 -.3488E+03 -.2279E+03   .9999809 -.0060817  .0011114
T  609  2 .3740284E+07   1440009E-01 -.1061E+04  .8793E+02   .9999094 -.0118376 -.0064124
T  610  2 .3698839E+07   1440001E-01  .1205E+04 -.3715E+03   .9999125  .0110486 -.0072721
T  611  2 .3708388E+07   1440007E-01  .6541E+03 -.8590E+03   .9996745  .0193968  .0165722
T  612  2 .3695685E+07   1440018E-01 -.4331E+03  .3504E+03   .9999420 -.0080743  .0071300
T  613  2 .3663836E+07   1440020E-01  .7409E+03  .4423E+03   .9999841  .0056333  .0000408
T  614  2 .3643612E+07   1440003E-01  .1633E+04  .1091E+04   .9998753  .0157492 -.0011570
T  615  2 .3696677E+07   1440006E-01  .5545E+03  .7599E+03   .9999736  .0056706  .0045507
T  616  2 .3709924E+07   1440001E-01  .6705E+03 -.2357E+03   .9998897  .0145634 -.0029163
T  617  2 .3675274E+07   1440002E-01 -.1002E+03  .2573E+04   .9996964  .0064363  .0237862
T  618  2 .3717658E+07   1440008E-01  .1400E+04 -.1386E+03   .9996571  .0252295  .0070093
T  619  2 .3683779E+07   1440010E-01 -.3675E+03  .1463E+04   .9997289 -.0173312  .0155499
T  620  2 .3663954E+07   1440014E-01 -.3268E+03  .5931E+03   .9999930  .0000253  .0037311
T  621  2 .3678636E+07   1440015E-01  .2569E+03 -.2111E+03   .9999852  .0048564 -.0024632
T  622  2 .3663046E+07   1440014E-01 -.6500E+02  .6784E+03   .9999262  .0077277  .0093770
T  623  2 .3649280E+07   1440001E-01 -.2970E+02  .7179E+03   .9998960 -.0130248  .0061891
T  624  2 .3672549E+07   1440014E-01  .3002E+03  .3880E+03   .9998800  .0104679  .0114159
T  625  2 .3751752E+07   1440009E-01  .3815E+03 -.1022E+04   .9999578  .0058382 -.0070965
T  626  2 .3688825E+07   1440021E-01  .5092E+02 -.6020E+03   .9999677 -.0036112 -.0071786
T  627  2 .3689323E+07   1440011E-01 -.4395E+03  .1258E+04   .9998458 -.0018684  .0174584
T  628  2 .3728941E+07   1440005E-01 -.4825E+03 -.8521E+03   .9999803 -.0040611 -.0047925
T  629  2 .3667192E+07   1440004E-01  .8079E+03  .3899E+03   .9999927  .0036722 -.0010930
T  630  2 .3665399E+07   1440016E-01 -.1510E+04  .1221E+03   .9998934 -.0123165  .0078454
T  631  2 .3653819E+07   1440004E-01 -.7729E+03 -.4713E+03   .9999374 -.0103209 -.0043107
T  632  2 .3644027E+07   1440013E-01  .1682E+03  .3943E+03   .9999531  .0032542  .0091215
T  633  2 .3642060E+07   1440018E-01 -.8079E+03  .5304E+03   .9999516 -.0077891  .0060105
T  634  2 .3666602E+07   1440020E-01 -.1508E+04  .3044E+04   .9993975 -.0118428  .0326250
T  635  2 .3699602E+07   1440002E-01 -.4830E+03  .8540E+03   .9998244  .0178827  .0056005
T  636  2 .3637690E+07   1440007E-01  .6182E+03  .1289E+03   .9999487  .0101139  .0006197
T  637  2 .3687636E+07   1440001E-01 -.5718E+03  .1919E+03   .9999242 -.0121917 -.0017329
T  638  2 .3690416E+07   1440020E-01  .1006E+04  .3668E+02   .9999178 -.0060173 -.0113197
T  639  2 .3666865E+07   1440021E-01 -.4058E+03 -.7766E+03   .9998686 -.0037833 -.0157651
T  640  2 .3666794E+07   1440010E-01  .2859E+02  .8028E+03   .9998880 -.0123641  .0084363
T  641  2 .3697857E+07   1440022E-01  .5224E+03  .1090E+04   .9998951  .0076245  .0123109
T  642  2 .3723919E+07   1440021E-01 -.3016E+03  .9690E+03   .9998959 -.0052476  .0134371
T  643  2 .3682029E+07   1440009E-01  .3760E+03  .2204E+03   .9999723  .0073264 -.0013312
T  644  2 .3712581E+07   1440012E-01  .8342E+03 -.1155E+04   .9999382  .0019419 -.0109421
T  645  2 .3659504E+07   1440007E-01 -.1521E+03 -.1243E+04   .9999990 -.0004490  .0013146
T  646  2 .3698810E+07   1440018E-01  .7717E+02 -.4338E+03   .9999920  .0017621  .0036034
T  647  2 .3635190E+07   1440019E-01 -.1410E+04 -.3364E+04   .9995697 -.0065202 -.0285987
T  648  2 .3682270E+07   1440019E-01 -.2657E+03  .2077E+03   .9999304 -.0048939  .0107319
T  649  2 .3685405E+07   1440010E-01  .8885E+03  .1488E+03   .9999677  .0028188 -.0075226
T  650  2 .3694671E+07   1440009E-01 -.2912E+03  .1210E+03   .9999701 -.0059498  .0049468
T  651  2 .3696235E+07   1440009E-01 -.1402E+02 -.3067E+03   .9999805  .0056620 -.0026176
T  652  2 .3709693E+07   1440009E-01  .1743E+04 -.2346E+04   .9996527  .0119753 -.0234763
T  653  2 .3677613E+07   1440002E-01 -.2416E+04  .1716E+04   .9994095 -.0285610  .0191025
T  654  2 .3678910E+07   1440019E-01 -.5043E+02  .8382E+03   .9999653 -.0021817  .0080353
T  655  2 .3667082E+07   1440018E-01 -.3522E+04 -.3586E+04   .9994148 -.0211719 -.0268664
T  656  2 .3645491E+07   1440020E-01  .9890E+02  .3422E+03   .9999239  .0096961  .0076310
T  657  2 .3732042E+07   1440019E-01 -.1077E+04 -.2824E+03   .9998139 -.0185211  .0054020
T  658  2 .3659849E+07   1440015E-01 -.7393E+02  .1804E+03   .9999046 -.0038911  .0132563
T  659  2 .3674139E+07   1440006E-01  .2771E+04  .5900E+03   .9996181  .0257397  .0100608
T  660  2 .3711446E+07   1440021E-01 -.5451E+03 -.1665E+03   .9999333 -.0100589 -.0056805
T  661  2 .3666846E+07   1440021E-01 -.7534E+02 -.8034E+03   .9999544  .0016975 -.0093935
T  662  2 .3701394E+07   1440011E-01 -.9832E+03  .8313E+03   .9999035 -.0122866  .0064907
T  663  2 .3649094E+07   1440011E-01 -.3852E+03  .7178E+03   .9999842 -.0055178 -.0010525
T  664  2 .3680230E+07   1440002E-01 -.2065E+04 -.1201E+04   .9996239 -.0209962 -.0176388
T  665  2 .3670740E+07   1440003E-01 -.1042E+04  .2705E+03   .9999690 -.0056965  .0054333
T  666  2 .3652397E+07   1440009E-01 -.2329E+03  .5119E+03   .9997339 -.0083792  .0214906
T  667  2 .3718439E+07   1440006E-01 -.9839E+03  .1686E+04   .9997757 -.0093098  .0190231
T  668  2 .3677902E+07   1440001E-01  .5301E+03  .2993E+03   .9999082  .0132964  .0026189
T  669  2 .3690637E+07   1440014E-01 -.1971E+04  .1360E+04   .9998803 -.0154698  .0000630
T  670  2 .3722303E+07   1440000E-01  .6806E+03  .8327E+03   .9998106  .0137149  .0138104
T  671  2 .3613714E+07   1440021E-01 -.2003E+03 -.1650E+04   .9997640  .0012243 -.0216913
T  672  2 .3654192E+07   1440021E-01  .5337E+03 -.2140E+03   .9998244  .0112770 -.0149670
T  673  2 .3686801E+07   1440017E-01 -.4085E+03 -.1562E+03   .9999278 -.0119756  .0009924
T  674  2 .3639958E+07   1440018E-01  .1349E+04 -.8132E+03   .9997457  .0206587 -.0090433
T  675  2 .3700479E+07   1440001E-01 -.5271E+03 -.4013E+03   .9999877  .0044358 -.0022039
T  676  2 .3662754E+07   1440017E-01 -.6312E+03 -.2392E+01   .9999892 -.0044693  .0012533
T  677  2 .3743962E+07   1440001E-01 -.1313E+04 -.9218E+03   .9997256 -.0200916 -.0120402
T  678  2 .3662611E+07   1440015E-01  .2607E+03 -.5192E+03   .9999861 -.0012125 -.0051352
T  679  2 .3675298E+07   1440003E-01  .9401E+03  .2220E+03   .9998539  .0052533  .0162647
T  680  2 .3679274E+07   1440010E-01  .9428E+02 -.8097E+03   .9999967  .0022301 -.0012655
T  681  2 .3657451E+07   1440003E-01  .2983E+03 -.1835E+03   .9981576  .0366225  .0483765
T  682  2 .3659779E+07   1440013E-01 -.1705E+04 -.1018E+04   .9996848 -.0232347 -.0095141
T  683  2 .3710943E+07   1440017E-01 -.6264E+03  .3137E+03   .9998111 -.0190092  .0040425
T  684  2 .3673074E+07   1440019E-01 -.4881E+03  .3517E+03   .9998331 -.0099149  .0153438
T  685  2 .3728156E+07   1440018E-01  .3413E+03 -.5509E+03   .9998719  .0158124 -.0024930
T  686  2 .3669472E+07   1440021E-01 -.3134E+03 -.6452E+03   .9999875  .0032597  .0037976
T  687  2 .3709081E+07   1440010E-01  .2316E+04  .8044E+03   .9995835  .0179532  .0225934
T  688  2 .3686199E+07   1440004E-01 -.1569E+04 -.3653E+03   .9998831 -.0090689 -.0123141
T  689  2 .3644251E+07   1440006E-01 -.8096E+03  .1281E+04   .9998524 -.0100444  .0139398
T  690  2 .3706651E+07   1440020E-01 -.1555E+04  .3163E+03   .9995871 -.0281764  .0056381
T  691  2 .3669117E+07   1440021E-01  .4784E+03 -.3497E+03   .9997151  .0036204 -.0235945
T  692  2 .3633263E+07   1440016E-01  .3495E+03  .1933E+03   .9999555  .0087535  .0035088
T  693  2 .3644937E+07   1440007E-01 -.5013E+03 -.7231E+03   .9998619 -.0133592  .0098823
T  694  2 .3715508E+07   1440021E-01 -.4721E+03 -.4928E+03   .9999099 -.0043720 -.0126911
T  695  2 .3706715E+07   1440021E-01  .7050E+03  .4323E+03   .9999850  .0007795  .0054294
T  696  2 .3720946E+07   1440001E-01  .1393E+03  .1487E+03   .9999662  .0019648 -.0079812
T  697  2 .3704928E+07   1440018E-01 -.4261E+03  .3517E+03   .9999335 -.0027273  .0112024
T  698  2 .3683321E+07   1440019E-01  .8264E+03 -.1245E+04   .9997898  .0145833 -.0144134
T  699  2 .3682674E+07   1440011E-01  .1542E+04  .4354E+03   .9980554  .0611982  .0118428
T  700  2 .3685806E+07   1440017E-01 -.8824E+03 -.3713E+03   .9999031 -.0129255 -.0051783
T  701  2 .3728617E+07   1440016E-01 -.2389E+03  .7113E+03   .9999565  .0068648  .0063086
T  702  2 .3726764E+07   1440010E-01  .3903E+03  .1683E+03   .9999818  .0004795  .0060214
T  703  2 .3705819E+07   1440021E-01  .5482E+03 -.9739E+03   .9998380  .0043719 -.0174598
T  704  2 .3679842E+07   1440009E-01 -.1616E+04 -.1845E+03   .9997856 -.0191752 -.0078193
T  705  2 .3678824E+07   1440016E-01 -.1167E+04 -.1548E+01   .9998033 -.0195287 -.0034516
T  706  2 .3714331E+07   1440017E-01  .1597E+03  .1016E+04   .9998792  .0023476  .0153652
T  707  2 .3696344E+07   1440016E-01 -.1399E+03  .2763E+03   .9999813 -.0021893  .0057022
T  708  2 .3687223E+07   1440015E-01 -.8595E+02  .5481E+02   .9999408  .0099964 -.0042955
T  709  2 .3725097E+07   1440012E-01 -.1556E+03 -.3589E+02   .9999509 -.0068445 -.0071706
T  710  2 .3662678E+07   1440000E-01 -.6577E+02 -.3582E+03   .9999346 -.0046834 -.0104327
T  711  2 .3691989E+07   1440001E-01  .3420E+03  .1087E+04   .9996896 -.0041508  .0245650
T  712  2 .3682134E+07   1440003E-01 -.1624E+02 -.4577E+03   .9999728 -.0035222 -.0064831
T  713  2 .3707224E+07   1440016E-01  .3724E+03  .1890E+03   .9999956  .0001521 -.0029502
T  714  2 .3673188E+07   1440020E-01  .5329E+02  .7421E+03   .9998405 -.0005638  .0178483
T  715  2 .3688307E+07   1440011E-01 -.2828E+03 -.2194E+03   .9983234 -.0567077 -.0116048
T  716  2 .3696049E+07   1440004E-01  .8906E+03 -.1011E+03   .9999228  .0120608  .0029938
T  717  2 .3688292E+07   1440007E-01  .6695E+03  .1583E+03   .9999206  .0117148  .0046518
T  718  2 .3653077E+07   1440001E-01  .2529E+03 -.2452E+03   .9999414 -.0046055 -.0097929
T  719  2 .3664816E+07   1440012E-01 -.2177E+04 -.3488E+03   .9996277 -.0270456 -.0036117
T  720  2 .3713749E+07   1440010E-01  .3875E+03 -.1347E+04   .9999194  .0079185 -.0099235
T  721  2 .3682991E+07   1440010E-01 -.4669E+03  .3402E+03   .9999108 -.0048866  .0124315
T  722  2 .3713254E+07   1440000E-01 -.4443E+03 -.1372E+04   .9997879 -.0063151 -.0196046
T  723  2 .3694471E+07   1440021E-01 -.1050E+04 -.1229E+03   .9998050 -.0159555 -.0116317
T  724  2 .3686698E+07   1440012E-01  .6430E+01 -.5400E+02   .9998632  .0112655  .0121117
T  725  2 .3713113E+07   1440003E-01 -.8286E+03  .4379E+03   .9998889 -.0134911  .0063336
T  726  2 .3668307E+07   1440015E-01  .2757E+03  .6179E+03   .9998850  .0125244  .0085529
T  727  2 .3687134E+07   1440009E-01 -.2737E+03 -.6841E+03   .9997033 -.0039384 -.0240384
T  728  2 .3709226E+07   1440019E-01 -.7604E+03 -.6155E+00   .9999627 -.0062704  .0059352
T  729  2 .3650995E+07   1440009E-01 -.1263E+04 -.2062E+03   .9998798 -.0149046 -.0042628
T  730  2 .3716197E+07   1440021E-01 -.1678E+04 -.2856E+04   .9986114 -.0300508 -.0432688
T  731  2 .3736020E+07   1440010E-01 -.5753E+03 -.3321E+03   .9999937 -.0000612  .0035452
T  732  2 .3747882E+07   1440021E-01  .4701E+03 -.3744E+03   .9999801  .0063006  .0003497
T  733  2 .3718695E+07   1440009E-01  .1148E+04  .1252E+03   .9997465  .0032655  .0222759
T  734  2 .3680887E+07   1440008E-01  .1144E+04  .9019E+03   .9996247  .0260293  .0085374
T  735  2 .3739297E+07   1440011E-01 -.5897E+03  .4093E+02   .9997490 -.0175789  .0138922
T  736  2 .3689831E+07   1440000E-01 -.5285E+02  .6494E+03   .9998952 -.0029911  .0141655
T  737  2 .3715768E+07   1440007E-01 -.2314E+03  .1040E+04   .9999108 -.0002953  .0133555
T  738  2 .3670088E+07   1440021E-01  .3222E+03 -.1035E+04   .9999859  .0000346 -.0053069
T  739  2 .3731462E+07   1440008E-01  .2403E+04  .1168E+03   .9991306  .0360500  .0209405
T  740  2 .3691543E+07   1440003E-01 -.5584E+03 -.7727E+03   .9998542 -.0109068 -.0131379
T  741  2 .3645959E+07   1440017E-01  .7754E+03  .1916E+04   .9993763  .0228805  .0268977
T  742  2 .3635834E+07   1440019E-01 -.8292E+02 -.3842E+03   .9995160 -.0188447 -.0247514
T  743  2 .3685295E+07   1440015E-01  .1257E+04 -.5269E+03   .9999656  .0080166 -.0021077
T  744  2 .3689642E+07   1440018E-01  .3194E+03  .1037E+03   .9999380 -.0040998 -.0103517
T  745  2 .3674623E+07   1440019E-01 -.3665E+04 -.7066E+03   .9993386 -.0352679 -.0088567
T  746  2 .3683298E+07   1440016E-01  .3325E+03 -.8916E+03   .9999218 -.0015519 -.0124131
T  747  2 .3662094E+07   1440011E-01  .9938E+03  .7252E+03   .9999392  .0072526  .0083028
T  748  2 .3624739E+07   1440015E-01 -.2058E+04  .7867E+03   .9998073 -.0162932  .0109526
T  749  2 .3685082E+07   1440007E-01  .5954E+03  .4052E+03   .9999108  .0014353  .0132789
T  750  2 .3687010E+07   1440007E-01 -.5399E+03 -.2712E+03   .9996950 -.0243126  .0043250
T  751  2 .3681032E+07   1440000E-01  .7792E+03 -.1412E+04   .9989051  .0151240 -.0442710
T  752  2 .3660203E+07   1440021E-01 -.3513E+03 -.4246E+03   .9999159  .0010139 -.0129316
T  753  2 .3697854E+07   1440010E-01 -.7401E+03  .1332E+04   .9997442 -.0099600  .0203044
T  754  2 .3711821E+07   1440003E-01  .3401E+02 -.4687E+03   .9999217  .0065903 -.0106367
T  755  2 .3453388E+07   1440002E-01 -.3627E+05  .7061E+04   .9526936 -.2987652  .0558049
T  756  2 .3696981E+07   1440021E-01 -.1063E+04 -.1369E+03   .9997598 -.0214614  .0044416
T  757  2 .3650577E+07   1440003E-01 -.1151E+04 -.5550E+03   .9998755 -.0134453 -.0082562
T  758  2 .3645480E+07   1440021E-01  .2080E+03  .1456E+04   .9997631  .0101866  .0192351
T  759  2 .3704244E+07   1440006E-01  .6696E+03 -.2673E+03   .9999799  .0042708 -.0046782
T  760  2 .3653627E+07   1440017E-01  .2214E+02 -.1151E+04   .9994885 -.0185228 -.0260711
T  761  2 .3663202E+07   1440015E-01  .3976E+03 -.1692E+03   .9999332  .0063073 -.0096813
T  762  2 .3677317E+07   1440008E-01  .4026E+02  .6882E+02   .9998515  .0138950  .0101977
T  763  2 .3705782E+07   1440018E-01  .7213E+03 -.6521E+03   .9998775  .0140829 -.0068289
T  764  2 .3701727E+07   1440021E-01  .1344E+02 -.1428E+04   .9999208 -.0022345 -.0123862
T  765  2 .3664516E+07   1440019E-01  .4582E+03 -.3576E+02   .9999817  .0022876  .0055939
T  766  2 .3713873E+07   1440013E-01  .2938E+03  .9119E+03   .9998609  .0060581  .0155378
T  767  2 .3711672E+07   1440020E-01  .3774E+03  .1335E+04   .9999721 -.0001559  .0074702
T  768  2 .3671147E+07   1440011E-01  .2187E+04  .6765E+03   .9996272  .0269871  .0041399
T  769  2 .3693262E+07   1440008E-01  .2136E+04  .2129E+04   .9989708  .0390733  .0230343
T  770  2 .3703067E+07   1440016E-01  .3017E+02 -.1179E+04   .9998401 -.0060886 -.0168115
T  771  2 .3725999E+07   1440016E-01 -.4613E+03 -.1259E+04   .9998737 -.0005965 -.0158818
T  772  2 .3707833E+07   1440010E-01 -.6671E+03  .2666E+03   .9998447 -.0114204  .0134213
T  773  2 .3687334E+07   1440020E-01  .2142E+03 -.5078E+02   .9999784 -.0062872 -.0019305
T  774  2 .3644246E+07   1440017E-01 -.8443E+03 -.1506E+04   .9997453 -.0019616 -.0224818
T  775  2 .3690457E+07   1440014E-01 -.7234E+03 -.7034E+03   .9997859 -.0132629 -.0158795
T  776  2 .3750156E+07   1440011E-01 -.3886E+03 -.5315E+03   .9998862 -.0050518 -.0142124
T  777  2 .3697430E+07   1440020E-01  .9611E+03  .5828E+03   .9998660  .0104673  .0125869
T  778  2 .3686058E+07   1440014E-01  .1667E+03 -.7785E+00   .9998966 -.0140988 -.0028212
T  779  2 .3724276E+07   1440021E-01 -.2775E+03 -.4159E+03   .9999132 -.0079855 -.0104834
T  780  2 .3677211E+07   1440002E-01 -.3477E+03 -.1096E+04   .9999926 -.0026278 -.0028091
T  781  2 .3641231E+07   1440012E-01 -.1132E+04 -.8489E+03   .9997049 -.0162828 -.0180269
T  782  2 .3658096E+07   1440010E-01 -.7021E+03 -.6302E+03   .9999147 -.0106962 -.0074942
T  783  2 .3654930E+07   1440016E-01  .1297E+04 -.4391E+03   .9998488  .0106873 -.0137152
T  784  2 .3722003E+07   1440008E-01 -.5618E+03  .2932E+03   .9999402 -.0097804  .0048975
T  785  2 .3672731E+07   1440013E-01  .1094E+04  .2929E+03   .9999157  .0127124  .0026450
T  786  2 .3655236E+07   1440018E-01  .1061E+04  .1310E+04   .9998046  .0135119  .0144301
T  787  2 .3739649E+07   1440018E-01 -.7865E+02 -.1402E+04   .9999410  .0004984 -.0108554
T  788  2 .3652795E+07   1440006E-01 -.1456E+03 -.2470E+03   .9999585 -.0037685 -.0082937
T  789  2 .3689541E+07   1440009E-01  .9938E+03 -.2329E+04   .9997221  .0059772 -.0228037
T  790  2 .3703018E+07   1440005E-01 -.7737E+03 -.4955E+03   .9999235 -.0123238  .0010465
T  791  2 .3686719E+07   1440007E-01  .1488E+04  .1071E+04   .9997005  .0228481  .0087724
T  792  2 .3703071E+07   1440001E-01 -.8794E+03 -.2003E+03   .9998110 -.0193936 -.0013356
T  793  2 .3686762E+07   1440009E-01  .4310E+02  .4184E+03   .9999727  .0060879  .0041960
T  794  2 .3691651E+07   1440001E-01 -.1948E+03  .4362E+03   .9999807 -.0024395 -.0057143
T  795  2 .3679598E+07   1440004E-01  .2871E+03  .2413E+03   .9999919  .0029182  .0027837
T  796  2 .3679905E+07   1440014E-01 -.2536E+04  .1240E+04   .9997993 -.0185994  .0074439
T  797  2 .3652541E+07   1440019E-01 -.3193E+02 -.5206E+03   .9997883  .0053663 -.0198617
T  798  2 .3695337E+07   1440017E-01 -.4988E+03 -.4411E+03   .9999915 -.0013410 -.0039030
T  799  2 .3679961E+07   1440015E-01 -.1194E+04 -.6272E+03   .9998685 -.0131636 -.0094730
T  800  2 .3683079E+07   1440018E-01  .1752E+04 -.5018E+02   .9996911  .0238392  .0070348
T  801  2 .3661658E+07   1440022E-01  .1722E+03 -.7177E+03   .9999650  .0023460 -.0080262
T  802  2 .3670347E+07   1440009E-01 -.3694E+03 -.2246E+03   .9989260 -.0439853 -.0145661
T  803  2 .3670409E+07   1440016E-01  .6272E+03 -.1826E+04   .9997831  .0073465 -.0194868
T  804  2 .3648467E+07   1440000E-01 -.1223E+04  .1246E+04   .9997729 -.0140220  .0160490
T  805  2 .3697025E+07   1440019E-01 -.6449E+03 -.5683E+03   .9998238 -.0164485 -.0090431
T  806  2 .3743808E+07   1440015E-01  .4805E+03  .1890E+04   .9996272  .0229258  .0148279
T  807  2 .3700269E+07   1440016E-01 -.1195E+04 -.8027E+02   .9994189 -.0331589 -.0078959
T  808  2 .3705940E+07   1440014E-01  .9044E+03 -.6594E+03   .9998735  .0110307 -.0114548
T  809  2 .3721137E+07   1440022E-01  .8673E+03  .9864E+03   .9999339  .0098603  .0059055
T  810  2 .3693933E+07   1440010E-01 -.1432E+04 -.1971E+04   .9996476 -.0116719 -.0238413
T  811  2 .3670584E+07   1440007E-01 -.1597E+04  .7057E+03   .9997209 -.0153459  .0179603
T  812  2 .3643243E+07   1440019E-01  .1026E+04 -.6361E+03   .9998776  .0141196 -.0067343
T  813  2 .3668738E+07   1440002E-01  .1420E+04  .4915E+03   .9997202  .0234074  .0034108
T  814  2 .3690329E+07   1440019E-01  .1117E+04  .1502E+04   .9997797  .0103514  .0182587
T  815  2 .3664805E+07   1440009E-01 -.4188E+03  .8615E+03   .9999144 -.0066190  .0112839
T  816  2 .3714673E+07   1440017E-01  .1022E+04 -.7426E+03   .9998759  .0156361 -.0019427
T  817  2 .3697052E+07   1440004E-01 -.5658E+03  .5170E+03   .9998737 -.0126228  .0096572
T  818  2 .3685695E+07   1440015E-01  .2163E+02  .7658E+03   .9999622  .0063406  .0059547
T  819  2 .3671514E+07   1440001E-01 -.5934E+02 -.8342E+03   .9999528 -.0034466 -.0090824
T  820  2 .3673073E+07   1440021E-01  .6541E+03  .1551E+04   .9995328  .0183189  .0244647
T  821  2 .3685830E+07   1440012E-01 -.3769E+03  .2910E+03   .9998510 -.0169603  .0032088
T  822  2 .3660634E+07   1440014E-01  .1562E+03 -.4447E+03   .9999193 -.0054290 -.0114891
T  823  2 .3631227E+07   1440020E-01 -.8199E+04  .6768E+04   .9818836 -.1509930  .1144803
T  824  2 .3645854E+07   1440008E-01 -.2433E+03  .1141E+03   .9999688 -.0078885  .0003748
T  825  2 .3661440E+07   1440007E-01  .1425E+04 -.1459E+04   .9998583  .0151793 -.0072744
T  826  2 .3673963E+07   1440019E-01 -.4794E+02 -.1034E+04   .9999183  .0042924 -.0120383
T  827  2 .3651604E+07   1440009E-01 -.4149E+02  .4817E+03   .9999579 -.0023131  .0088741
T  828  2 .3640232E+07   1440013E-01  .6307E+03  .6921E+03   .9998936  .0082649  .0120164
T  829  2 .3652486E+07   1440013E-01 -.4007E+03 -.4689E+03   .9999483 -.0096381 -.0032529
T  830  2 .3696575E+07   1440003E-01  .6041E+02 -.1034E+04   .9998588 -.0060321 -.0156874
T  831  2 .3669279E+07   1440019E-01  .5020E+03  .4373E+03   .9999886  .0029993  .0037210
T  832  2 .3751451E+07   1440007E-01  .5686E+03 -.8051E+03   .9999787  .0044856 -.0047410
T  833  2 .3697920E+07   1440019E-01  .9644E+03 -.1077E+04   .9958131  .0521132 -.0751034
T  834  2 .3678061E+07   1440017E-01  .4422E+03  .2969E+04   .9994496  .0039858  .0329332
T  835  2 .3702923E+07   1440002E-01  .1026E+04 -.1477E+02   .9997047  .0223286 -.0095836
T  836  2 .3651599E+07   1440021E-01 -.2878E+03  .1059E+04   .9998936 -.0085111  .0118497
T  837  2 .3694227E+07   1440001E-01 -.8616E+03 -.1893E+04   .9998682 -.0074311 -.0144348
T  838  2 .3711933E+07   1440011E-01 -.4305E+03  .1190E+04   .9998436 -.0027367  .0174719
T  839  2 .3697203E+07   1440018E-01 -.6832E+03  .1997E+04   .9997884 -.0056345  .0197819
T  840  2 .3692844E+07   1440020E-01 -.6737E+03 -.2208E+03   .9999774  .0041304 -.0053015
T  841  2 .3694377E+07   1440000E-01 -.3824E+01 -.3515E+02   .9999028 -.0038928 -.0133857
T  842  2 .3672758E+07   1440002E-01 -.8015E+03 -.1423E+02   .9999402 -.0109262  .0003893
T  843  2 .3731533E+07   1440008E-01  .7559E+03 -.1375E+03   .9999717  .0013707 -.0073982
T  844  2 .3660101E+07   1440001E-01  .1612E+04 -.4319E+04   .9975583  .0281704 -.0639047
T  845  2 .3651333E+07   1440008E-01 -.1188E+04 -.9786E+03   .9998161 -.0140150 -.0130868
T  846  2 .3658195E+07   1440016E-01 -.3055E+03 -.4233E+03   .9999044 -.0138000 -.0008176
T  847  2 .3685715E+07   1440018E-01 -.2576E+03  .1815E+03   .9999844  .0053054  .0017296
T  848  2 .3664874E+07   1440011E-01 -.4564E+03  .3902E+03   .9998302 -.0170980  .0068771
T  849  2 .3611570E+07   1440020E-01 -.1275E+04  .6481E+03   .9878453 -.1546772  .0153823
T  850  2 .3719562E+07   1440014E-01 -.1208E+04 -.7702E+03   .9998287 -.0122755 -.0138523
T  851  2 .3731029E+07   1440014E-01 -.2708E+03  .1067E+04   .9999082 -.0079845  .0109509
T  852  2 .3646799E+07   1440020E-01 -.6812E+02  .4718E+03   .9999755  .0034385  .0060938
T  853  2 .3685688E+07   1440001E-01 -.2955E+03  .7976E+03   .9999540 -.0049824  .0081990
T  854  2 .3704942E+07   1440016E-01 -.1923E+03 -.1700E+03   .9999910  .0023647 -.0035247
T  855  2 .3722685E+07   1440006E-01  .1233E+04  .4954E+03   .9999117  .0091654  .0096204
T  856  2 .3706890E+07   1440022E-01  .8248E+03 -.1101E+04   .9994164  .0215445 -.0265099
T  857  2 .3683283E+07   1440010E-01 -.1114E+03 -.7719E+03   .9995328 -.0137596 -.0272907
T  858  2 .3700081E+07   1440006E-01 -.1525E+03 -.5870E+01   .9999465  .0101575  .0019556
T  859  2 .3721627E+07   1440001E-01  .4393E+03  .3054E+03   .9999996 -.0008607 -.0003367
T  860  2 .3643805E+07   1440014E-01  .1402E+03 -.9326E+03   .9998785 -.0073797 -.0137306
T  861  2 .3658945E+07   1440003E-01  .1053E+04  .4479E+03   .9999048  .0137922 -.0004611
T  862  2 .3668227E+07   1440003E-01  .9264E+03  .5902E+03   .9999908  .0042814  .0001445
T  863  2 .3690935E+07   1440014E-01  .9081E+02 -.5930E+03   .9999772  .0061390 -.0028274
T  864  2 .3705309E+07   1440006E-01  .7564E+03 -.1372E+04   .9998963  .0122125 -.0076280
T  865  2 .3688183E+07   1440018E-01  .1294E+04 -.9150E+03   .9995967  .0271825 -.0082198
T  866  2 .3683362E+07   1440013E-01  .1190E+03  .9208E+03   .9998571  .0017307  .0168168
T  867  2 .3691497E+07   1440018E-01 -.1884E+04  .1288E+04   .9996980 -.0223780  .0101528
T  868  2 .3654091E+07   1440020E-01  .6532E+04 -.8371E+03   .9843272  .1734975 -.0316020
T  869  2 .3723391E+07   1440013E-01 -.9457E+02  .3738E+03   .9999932  .0013760  .0034307
T  870  2 .3690504E+07   1440018E-01 -.1486E+04 -.3402E+02   .9998338 -.0180940  .0022405
T  871  2 .3668580E+07   1440011E-01  .6224E+03  .1505E+04   .9996510  .0156497  .0212839
T  872  2 .3692730E+07   1440005E-01  .3197E+03 -.5529E+03   .9998459 -.0067701 -.0161994
T  873  2 .3697299E+07   1440005E-01 -.2380E+04 -.1305E+04   .9981652 -.0567559 -.0210932
T  874  2 .3710549E+07   1440012E-01 -.3561E+03  .2114E+03   .9999732 -.0036824  .0063288
T  875  2 .3689805E+07   1440009E-01  .3565E+02 -.5820E+02   .9999474 -.0049503 -.0089783
T  876  2 .3703721E+07   1440002E-01  .9949E+03  .6420E+03   .9998791  .0127477  .0089047
T  877  2 .3669316E+07   1440013E-01  .2015E+04 -.1168E+04   .9996936  .0245098 -.0034564
T  878  2 .3622821E+07   1440009E-01  .7777E+03  .3520E+03   .9999112  .0104011  .0083299
T  879  2 .3654659E+07   1440014E-01 -.3706E+04  .9197E+03   .9994485 -.0310938  .0116591
T  880  2 .3685321E+07   1440021E-01 -.3916E+03 -.1650E+03   .9999606  .0076315 -.0045402
T  881  2 .3733016E+07   1440016E-01  .3230E+03  .1161E+03   .9999600  .0031239  .0083803
T  882  2 .3654614E+07   1440003E-01  .1104E+04  .4095E+03   .9998566  .0168638 -.0015683
T  883  2 .3670684E+07   1440014E-01  .4255E+03 -.2243E+03   .9999004 -.0026650 -.0138585
T  884  2 .3712075E+07   1440020E-01 -.3135E+03 -.5469E+03   .9999692 -.0046724 -.0063123
T  885  2 .3669986E+07   1440021E-01 -.3665E+03  .6168E+03   .9999824 -.0042492  .0041369
T  886  2 .3684759E+07   1440006E-01 -.1098E+04  .3780E+02   .9996918 -.0247869 -.0013725
T  887  2 .3711373E+07   1440012E-01  .1669E+03  .1315E+03   .9999727  .0004654  .0073728
T  888  2 .3722399E+07   1440001E-01 -.5903E+02 -.2509E+03   .9999806  .0058845  .0020643
T  889  2 .3700710E+07   1440017E-01 -.3611E+03  .3050E+03   .9999876 -.0043001  .0025002
T  890  2 .3664349E+07   1440013E-01  .1064E+04 -.2426E+03   .9997208  .0198983 -.0127458
T  891  2 .3666786E+07   1440010E-01 -.2207E+04 -.1788E+04   .9993443 -.0273097 -.0237711
T  892  2 .3663568E+07   1440012E-01 -.2541E+04 -.3877E+03   .9996788 -.0244255 -.0067605
T  893  2 .3712252E+07   1440007E-01 -.7251E+03 -.4699E+01   .9999184 -.0127238  .0011622
T  894  2 .3685009E+07   1440011E-01 -.7296E+03  .3313E+01   .9998804 -.0152921 -.0023015
T  895  2 .3690147E+07   1440011E-01  .1198E+04 -.3628E+04   .9994954  .0044918 -.0314433
T  896  2 .3681357E+07   1440013E-01 -.1791E+02  .1441E+02   .9998715 -.0107947  .0118524
T  897  2 .3643267E+07   1440021E-01  .1700E+04  .8449E+03   .9997445  .0164925  .0154591
T  898  2 .3674624E+07   1440004E-01  .4085E+03 -.1089E+04   .9995625  .0253171 -.0152897
T  899  2 .3670583E+07   1440015E-01 -.9006E+03  .1874E+04   .9994178 -.0075800  .0332654
T  900  2 .3673773E+07   1440007E-01 -.5293E+03 -.8675E+03   .9998420 -.0129975 -.0121285
T  901  2 .3624153E+07   1440002E-01 -.6125E+02  .1650E+04   .9997517  .0014429  .0222386
T  902  2 .3670662E+07   1440005E-01 -.4194E+04 -.4282E+04   .9923512 -.0883177 -.0862496
T  903  2 .3719495E+07   1440006E-01 -.1158E+04  .3908E+03   .9998831 -.0137562  .0066795
T  904  2 .3689274E+07   1440015E-01 -.4314E+03  .6741E+03   .9997134 -.0202168  .0128254
T  905  2 .3704679E+07   1440010E-01 -.8530E+03  .4258E+03   .9999656 -.0048601  .0067170
T  906  2 .3748597E+07   1440015E-01  .1440E+04 -.5493E+03   .9997881  .0175442 -.0107679
T  907  2 .3680488E+07   1440019E-01 -.1347E+02 -.3367E+03   .9999885  .0001888  .0047877
T  908  2 .3681542E+07   1440002E-01 -.5470E+03 -.4040E+03   .9999627 -.0046866 -.0072588
T  909  2 .3690741E+07   1440022E-01 -.6568E+03 -.1260E+04   .9993262 -.0093977 -.0354804
T  910  2 .3677396E+07   1440014E-01  .2070E+04 -.6444E+03   .9998719  .0153037  .0046825
T  911  2 .3660477E+07   1440019E-01 -.4567E+03  .9747E+03   .9997446 -.0158423  .0161169
T  912  2 .3699573E+07   1440002E-01  .1225E+04 -.7070E+02   .9997820  .0196215 -.0071443
T  913  2 .3706914E+07   1440022E-01  .6287E+03  .7499E+03   .9999746  .0057041 -.0042641
T  914  2 .3706295E+07   1440001E-01 -.3129E+04  .2276E+04   .9992555 -.0321075  .0213921
T  915  2 .3668853E+07   1440010E-01 -.4279E+03  .1099E+03   .9998257 -.0136610  .0127240
T  916  2 .3662446E+07   1440021E-01  .1961E+03 -.3756E+03   .9999909  .0022069  .0036412
T  917  2 .3710152E+07   1440017E-01 -.3043E+03 -.6557E+03   .9998921 -.0081843 -.0121949
T  918  2 .3650885E+07   1440011E-01  .9856E+02 -.3761E+03   .9999606  .0063014 -.0062487
T  919  2 .3678122E+07   1440022E-01 -.5847E+03  .2925E+03   .9998673 -.0120223  .0109958
T  920  2 .3703452E+07   1440009E-01  .1683E+03  .3235E+03   .9999764  .0064830  .0022826
T  921  2 .3707178E+07   1440016E-01 -.6996E+03  .1813E+03   .9998597 -.0153961  .0066059
T  922  2 .3709832E+07   1440014E-01 -.7561E+03 -.2647E+04   .9996169 -.0090995 -.0261410
T  923  2 .3706151E+07   1440011E-01  .3202E+03  .3585E+03   .9999736  .0068647 -.0023698
T  924  2 .3679447E+07   1440015E-01  .1436E+04 -.7293E+03   .9997992  .0197499 -.0033911
T  925  2 .3678376E+07   1440017E-01 -.1171E+04  .2779E+03   .9997973 -.0198343  .0034517
T  926  2 .3651872E+07   1440022E-01 -.4883E+03 -.7257E+03   .9997633 -.0117167 -.0183334
T  927  2 .3648443E+07   1440006E-01 -.3814E+03  .2455E+03   .9999993  .0011504  .0002782
T  928  2 .3707909E+07   1440020E-01 -.4990E+03  .3137E+03   .9999682 -.0077358 -.0019288
T  929  2 .3690383E+07   1440015E-01  .2567E+03 -.6057E+03   .9999936 -.0035897 -.0001065
T  930  2 .3754066E+07   1440014E-01  .1156E+04 -.9697E+03   .9998205  .0123619 -.0143550
T  931  2 .3646711E+07   1440003E-01  .3080E+03 -.1357E+03   .9999569  .0065436 -.0065856
T  932  2 .3676330E+07   1440017E-01 -.1035E+04 -.7646E+03   .9998960 -.0081128 -.0119215
T  933  2 .3727027E+07   1440017E-01  .1274E+04 -.2745E+04   .9993355  .0135816 -.0338245
T  934  2 .3680012E+07   1440017E-01  .1117E+04  .8618E+03   .9999986 -.0006865  .0015359
T  935  2 .3639725E+07   1440001E-01  .1069E+04 -.1053E+03   .9997323  .0151677 -.0174701
T  936  2 .3683186E+07   1440004E-01 -.3971E+03 -.4023E+02   .9999634 -.0085420  .0004212
T  937  2 .3669377E+07   1440021E-01  .2281E+03  .9123E+03   .9998213  .0027494  .0187048
T  938  2 .3663588E+07   1440015E-01  .3170E+03  .7796E+03   .9999721  .0073911  .0010415
T  939  2 .3709033E+07   1440003E-01 -.3585E+03  .9190E+03   .9999116 -.0068357  .0114062
T  940  2 .3698755E+07   1440020E-01 -.5181E+03 -.4903E+03   .9999577 -.0084688 -.0035976
T  941  2 .3664549E+07   1440007E-01  .1672E+03  .5633E+03   .9999542 -.0006521  .0095477
T  942  2 .3619548E+07   1440006E-01  .5912E+03 -.4127E+03   .9999626  .0014775 -.0085267
T  943  2 .3664417E+07   1440022E-01 -.3307E+03  .2536E+03   .9999979 -.0012652 -.0015900
T  944  2 .3647112E+07   1440014E-01  .7634E+03 -.4703E+03   .9999679  .0049546  .0062957
T  945  2 .3683893E+07   1440019E-01  .1559E+04 -.2068E+03   .9998645  .0161935 -.0029623
T  946  2 .3689217E+07   1440007E-01  .6903E+03  .1030E+04   .9996842  .0151126  .0200793
T  947  2 .3693553E+07   1440005E-01 -.7218E+03 -.2407E+03   .9999873 -.0049552  .0009271
T  948  2 .3726899E+07   1440008E-01 -.5151E+03  .7453E+03   .9999013  .0004938  .0140432
T  949  2 .3678194E+07   1440020E-01 -.1318E+04  .1939E+04   .9997454 -.0116459  .0193265
T  950  2 .3700767E+07   1440020E-01  .3793E+03  .1324E+04   .9998168  .0015469  .0190769
T  951  2 .3693541E+07   1440010E-01 -.6744E+03 -.3081E+03   .9999089 -.0129422  .0038399
T  952  2 .3732200E+07   1440009E-01  .9386E+03 -.2772E+03   .9991239  .0392077 -.0146327
T  953  2 .3649667E+07   1440020E-01 -.1450E+03 -.9519E+03   .9999036 -.0116411 -.0075677
T  954  2 .3700099E+07   1440022E-01  .4894E+02  .5567E+03   .9999436 -.0032350  .0101168
T  955  2 .3640754E+07   1440006E-01 -.3014E+03  .3471E+02   .9999749 -.0068875 -.0016502
T  956  2 .3669130E+07   1440013E-01  .5460E+03  .1963E+03   .9999086  .0125344  .0050774
T  957  2 .3700008E+07   1440020E-01  .2115E+03 -.8265E+03   .9998904 -.0015041 -.0147273
T  958  2 .3660967E+07   1440015E-01 -.1143E+03 -.2539E+03   .9998867 -.0017286 -.0149536
T  959  2 .3634675E+07   1440017E-01  .9113E+03 -.4423E+03   .9998160  .0148653 -.0121276
T  960  2 .3679054E+07   1440019E-01  .6451E+03 -.1300E+04   .9996832  .0081599 -.0238102
T  961  2 .3629915E+07   1440007E-01  .6446E+03  .2363E+03   .9998803 -.0147556  .0046447
T  962  2 .3707828E+07   1440015E-01 -.6948E+02  .4319E+03   .9999891 -.0027157  .0038019
T  963  2 .3747219E+07   1440014E-01  .5499E+03 -.8567E+03   .9999892  .0023883 -.0039919
T  964  2 .3657894E+07   1440015E-01  .3442E+03 -.7333E+03   .9999809  .0058295 -.0020380
T  965  2 .3711177E+07   1440020E-01  .3474E+03  .3459E+03   .9999768  .0067654 -.0007844
T  966  2 .3725028E+07   1440018E-01 -.6467E+03  .1665E+03   .9999955 -.0000177  .0030112
T  967  2 .3716888E+07   1440008E-01 -.5481E+03 -.3880E+03   .9999345 -.0049588 -.0103138
T  968  2 .3676576E+07   1440011E-01  .5266E+03  .2373E+03   .9999076  .0084963  .0106149
T  969  2 .3697161E+07   1440008E-01 -.1053E+04  .6462E+03   .9998928 -.0097343  .0109373
T  970  2 .3694362E+07   1440000E-01  .7785E+03 -.5366E+03   .9999651  .0063502 -.0054342
T  971  2 .3677240E+07   1440007E-01  .2342E+04 -.3206E+04   .9973445  .0356081 -.0635298
T  972  2 .3697161E+07   1440001E-01 -.2891E+03  .1016E+04   .9998683 -.0070472  .0146168
T  973  2 .3715248E+07   1440003E-01  .9688E+02 -.7540E+02   .9999943  .0000630 -.0033715
T  974  2 .3667033E+07   1440015E-01 -.4378E+03  .8030E+02   .9999387 -.0098137  .0051322
T  976  2 .3676321E+07   1440017E-01  .5850E+03 -.1318E+04   .9997356  .0137943 -.0183970
T  977  2 .3680935E+07   1440010E-01  .3048E+04  .1397E+03   .9992509  .0386402  .0021199
T  978  2 .3669063E+07   1440018E-01 -.1779E+03  .5025E+03   .9999578 -.0084058 -.0037194
T  979  2 .3681048E+07   1440009E-01  .7426E+03  .7451E+03   .9997374  .0092559  .0209620
T  980  2 .3680965E+07   1440001E-01  .1136E+04 -.3054E+03   .9998770  .0156742 -.0005188
T  981  2 .3670706E+07   1440015E-01 -.6181E+02 -.1468E+04   .9995102 -.0029936 -.0311519
T  982  2 .3653821E+07   1440013E-01 -.8480E+01 -.6401E+03   .9999755 -.0012346 -.0068959
T  983  2 .3638024E+07   1440017E-01 -.1218E+04 -.7751E+02   .9981849 -.0600034 -.0051396
T  984  2 .3731864E+07   1440004E-01  .7885E+03  .4717E+03   .9999348  .0049872  .0102712
T  985  2 .3658267E+07   1440001E-01  .8306E+03 -.5698E+03   .9997910  .0204382  .0004845
T  986  2 .3690998E+07   1440013E-01  .6561E+03 -.1663E+04   .9999103  .0043915 -.0126518
T  987  2 .3662861E+07   1440005E-01  .8913E+03  .6351E+03   .9997884  .0196038  .0062292
T  988  2 .3663863E+07   1440022E-01 -.1535E+03 -.1065E+03   .9999829  .0022010 -.0054100
T  989  2 .3737254E+07   1440009E-01  .2359E+04  .8052E+03   .9997823  .0204984  .0038987
T  990  2 .3679877E+07   1440015E-01 -.7473E+03 -.1100E+03   .9999815 -.0055827 -.0024271
T  991  2 .3659111E+07   1440020E-01 -.6599E+03 -.5407E+03   .9998885 -.0122292 -.0085667
T  992  2 .3724308E+07   1440005E-01  .9235E+03 -.2514E+02   .9999515  .0068655  .0070651
T  993  2 .3683774E+07   1440018E-01  .1090E+04 -.8926E+02   .9996372 -.0117465 -.0242363
T  994  2 .3683908E+07   1440008E-01 -.6179E+03  .1415E+04   .9997990 -.0103032  .0171993
T  995  2 .3686760E+07   1440015E-01  .1033E+04  .1622E+03   .9999749  .0069175 -.0015538
T  996  2 .3666973E+07   1440012E-01  .1213E+04 -.3147E+03   .9999534  .0096436  .0004737
T  997  2 .3666922E+07   1440015E-01  .2248E+02 -.5766E+03   .9999288  .0010860 -.0118855
T  998  2 .3704965E+07   1440017E-01 -.4600E+03  .9823E+02   .9999850 -.0045796 -.0030188
T  999  2 .3684306E+07   1440017E-01  .9906E+02 -.1542E+04   .9999479  .0046433 -.0090959
T 1000  2 .3646384E+07   1440004E-01  .1876E+04  .7622E+03   .9996741  .0251537  .0043525
