============================== SRIM-2008.04 ==============================
==============================================================================
=================  TRANSMIT.txt : File of Transmitted Ions  ==================
=  This file tabulates the kinetics of ions or atoms leaving the target.     =
=  Column #1: S= Sputtered Atom, B= Backscattered Ion, T= Transmitted Ion.   =
=  Col.#2: Ion Number, Col.#3: Z of atom leaving, Col.#4: Atom energy (eV).  =
=  Col.#5-7: Last location:  X= Depth into target, Y,Z= Transverse axes.     =
=  Col.#8-10: Cosines of final trajectory.                                   =
= *** This data file is in the same format as TRIM.DAT (see manual for uses).=
====== TRIM Calc.= He(5.48 MeV) ==> Mylar+Mylar( 7.19 um) ====================
 Ion  Atom   Energy        Depth       Lateral-Position        Atom Direction      
 Numb Numb    (eV)          X(A)        Y(A)       Z(A)      Cos(X)  Cos(Y) Cos(Z) 
T    1  2 .4626920E+07   7200157E-02 -.2343E+03 -.1693E+02   .9999665  .0073280 -.0036483
T    2  2 .4652857E+07   7200047E-02  .4123E+03 -.6552E+02   .9999872  .0001047 -.0050541
T    3  2 .4647697E+07   7200007E-02  .4985E+03  .2423E+03   .9990812  .0396954  .0161546
T    4  2 .4639716E+07   7200145E-02 -.2776E+03  .1506E+03   .9999881 -.0026335  .0041111
T    5  2 .4658582E+07   7200190E-02 -.2084E+03  .1977E+03   .9999919 -.0015702  .0037119
T    6  2 .4634321E+07   7200028E-02 -.1050E+04 -.4206E+03   .9998032 -.0189639 -.0058182
T    7  2 .4638357E+07   7200128E-02 -.4362E+03 -.9854E+02   .9999093 -.0133645 -.0016550
T    8  2 .4663225E+07   7200192E-02  .3622E+03  .1641E+03   .9999756  .0069878 -.0001636
T    9  2 .4628284E+07   7200215E-02  .1908E+03 -.2412E+03   .9998640  .0099617 -.0131404
T   10  2 .4658433E+07   7200216E-02 -.3903E+03  .2291E+03   .9998668 -.0125413  .0104436
T   11  2 .4638386E+07   7200110E-02 -.1248E+03 -.2428E+03   .9999723 -.0024595 -.0070229
T   12  2 .4628233E+07   7200182E-02  .1294E+03 -.7198E+02   .9999679  .0079913 -.0005895
T   13  2 .4631089E+07   7200009E-02 -.1614E+03 -.3159E+03   .9999830 -.0011563 -.0057145
T   14  2 .4629061E+07   7200072E-02 -.2022E+03 -.3458E+02   .9999780 -.0063621  .0018630
T   15  2 .4650316E+07   7200178E-02  .2582E+02 -.1379E+03   .9998706 -.0158251  .0028978
T   16  2 .4640373E+07   7200106E-02 -.1427E+03  .2511E+02   .9999094  .0072010 -.0113727
T   17  2 .4655264E+07   7200021E-02 -.3717E+02  .2267E+03   .9999907  .0015432  .0040280
T   18  2 .4646900E+07   7200208E-02  .7845E+01  .3697E+03   .9998670  .0011467  .0162705
T   19  2 .4616885E+07   7200189E-02 -.1239E+03  .2348E+03   .9999807  .0008941  .0061526
T   20  2 .4659978E+07   7200168E-02 -.7297E+02  .2486E+03   .9999971 -.0007441  .0023046
T   21  2 .4636211E+07   7200179E-02 -.1744E+03 -.3137E+03   .9999357 -.0039061 -.0106416
T   22  2 .4651530E+07   7200189E-02  .2272E+03 -.9736E+00   .9999662  .0076135 -.0031103
T   23  2 .4643062E+07   7200113E-02  .3236E+03 -.1510E+03   .9999406  .0102755 -.0036210
T   24  2 .4648607E+07   7200147E-02  .2225E+02 -.8407E+02   .9999592  .0032726 -.0084216
T   25  2 .4649599E+07   7200067E-02  .5071E+02 -.7158E+02   .9999678  .0001713 -.0080275
T   26  2 .4653162E+07   7200127E-02  .9317E+02 -.5866E+01   .9999864  .0050921 -.0011321
T   27  2 .4625016E+07   7200020E-02 -.1544E+03 -.5984E+03   .9997005 -.0191527 -.0152364
T   28  2 .4632067E+07   7200166E-02  .2019E+02 -.3286E+03   .9999742 -.0018939 -.0069361
T   29  2 .4628315E+07   7200065E-02 -.9810E+01  .1227E+03   .9999970 -.0014745 -.0019710
T   30  2 .4643763E+07   7200210E-02 -.3934E+03 -.1070E+03   .9998159 -.0186307  .0045805
T   31  2 .4693575E+07   7200182E-02  .3529E+03  .3548E+03   .9998876  .0112223  .0099398
T   32  2 .4632160E+07   7200118E-02 -.7931E+02  .3626E+03   .9999475  .0010369  .0101946
T   33  2 .4646991E+07   7200106E-02 -.3443E+03  .7996E+03   .9997659 -.0079145  .0201356
T   34  2 .4659531E+07   7200125E-02 -.1817E+03 -.1685E+02   .9999789 -.0064525 -.0007533
T   35  2 .4649810E+07   7200105E-02 -.3202E+03 -.7374E+01   .9999423 -.0095233  .0049693
T   36  2 .4630494E+07   7200020E-02  .2756E+03  .3509E+03   .9999146  .0058877  .0116698
T   37  2 .4645828E+07   7200209E-02  .4993E+02  .1477E+03   .9999916  .0027496 -.0030424
T   38  2 .4634535E+07   7200176E-02 -.4721E+03 -.2586E+03   .9999080 -.0107494 -.0082761
T   39  2 .4661797E+07   7200125E-02  .3755E+03 -.1686E+02   .9999457  .0074825  .0072474
T   40  2 .4652183E+07   7200201E-02  .1728E+03  .3822E+03   .9999595  .0055563  .0070762
T   41  2 .4651384E+07   7200017E-02 -.2293E+03 -.3743E+02   .9999841 -.0008710 -.0055712
T   42  2 .4649400E+07   7200096E-02  .1347E+03 -.3578E+03   .9999547  .0029651 -.0090439
T   43  2 .4678572E+07   7200169E-02  .4162E+03 -.2380E+03   .9998788  .0152199 -.0032762
T   44  2 .4626532E+07   7200054E-02 -.2385E+03 -.4193E+03   .9999934  .0015601 -.0032928
T   45  2 .4629614E+07   7200179E-02 -.3792E+03 -.4953E+03   .9998248 -.0070526 -.0173369
T   46  2 .4644700E+07   7200057E-02  .2394E+03  .1473E+03   .9999661  .0039646  .0072100
T   47  2 .4626811E+07   7200079E-02  .6331E+03 -.4135E+03   .9999573  .0090764 -.0017457
T   48  2 .4675092E+07   7200075E-02 -.1892E+03 -.1387E+03   .9999566 -.0040741 -.0083785
T   49  2 .4668036E+07   7200102E-02  .3963E+02  .1519E+03   .9999891  .0046373  .0005509
T   50  2 .4635766E+07   7200201E-02 -.3011E+03 -.1204E+03   .9999159 -.0093505 -.0089913
T   51  2 .4653147E+07   7200180E-02  .1495E+03  .1065E+03   .9999656  .0063909  .0052951
T   52  2 .4634472E+07   7200121E-02 -.1387E+03  .8368E+02   .9999960 -.0027033  .0008832
T   53  2 .4624233E+07   7200131E-02  .1401E+03 -.1412E+03   .9993834  .0307210 -.0169984
T   54  2 .4616931E+07   7200041E-02  .1999E+03 -.6166E+02   .9999948  .0030162 -.0011655
T   55  2 .4662785E+07   7200129E-02  .3652E+03  .2991E+03   .9999421  .0078105  .0073961
T   56  2 .4650921E+07   7200023E-02  .1619E+02 -.9304E+02   .9999973  .0023267 -.0001734
T   57  2 .4665349E+07   7200131E-02 -.3091E+03 -.9329E+02   .9999511 -.0098763 -.0005947
T   58  2 .4603584E+07   7200114E-02 -.4181E+03 -.5028E+03   .9998408 -.0149057 -.0098054
T   59  2 .4640414E+07   7200142E-02  .3836E+03 -.1525E+03   .9999363  .0084174 -.0075212
T   60  2 .4688337E+07   7200020E-02 -.2275E+03  .3572E+03   .9998891 -.0116907  .0092259
T   61  2 .4661608E+07   7200165E-02 -.9927E+02  .5761E+02   .9999898 -.0039589  .0021619
T   62  2 .4620146E+07   7200085E-02  .4248E+03  .5492E+03   .9998597  .0082869  .0145594
T   63  2 .4612296E+07   7200142E-02  .1587E+03  .3180E+03   .9999627  .0035157  .0078884
T   64  2 .4653950E+07   7200135E-02  .2587E+02 -.3008E+03   .9999736  .0067639 -.0026685
T   65  2 .4626018E+07   7200167E-02  .1382E+03 -.3644E+02   .9999953  .0013234  .0027557
T   66  2 .4635096E+07   7200193E-02  .1179E+03 -.4081E+02   .9999976  .0018780  .0010867
T   67  2 .4640284E+07   7200160E-02  .1378E+03 -.1026E+03   .9999939  .0027557 -.0021626
T   68  2 .4652220E+07   7200163E-02 -.1706E+03  .3426E+02   .9999938 -.0032854  .0012460
T   69  2 .4669268E+07   7200193E-02  .5934E+02  .4023E+02   .9999809 -.0050612 -.0035475
T   70  2 .4656292E+07   7200160E-02 -.1336E+03 -.3904E+03   .9998329 -.0098010 -.0154279
T   71  2 .4688039E+07   7200125E-02 -.5821E+02 -.3705E+02   .9999898 -.0024175 -.0038216
T   72  2 .4643616E+07   7200181E-02 -.1930E+03  .1859E+03   .9999793 -.0061843  .0017770
T   73  2 .4692086E+07   7200163E-02 -.1666E+02 -.8910E+01   .9999873 -.0050297 -.0002058
T   74  2 .4674539E+07   7200110E-02 -.2419E+03  .1077E+03   .9999504 -.0096400  .0024991
T   75  2 .4631095E+07   7200094E-02 -.1784E+03 -.3427E+03   .9999491  .0029714 -.0096435
T   76  2 .4639063E+07   7200065E-02 -.1327E+03  .4507E+02   .9999897 -.0045211  .0003083
T   77  2 .4644413E+07   7200205E-02  .4492E+02 -.3808E+03   .9999529  .0003827 -.0096962
T   78  2 .4649065E+07   7200203E-02 -.3615E+03 -.4976E+02   .9999148 -.0121303  .0048287
T   79  2 .4655274E+07   7200196E-02 -.1011E+03  .1645E+03   .9999732 -.0040344  .0061017
T   80  2 .4641286E+07   7200160E-02 -.3160E+03  .1399E+03   .9997947  .0018279  .0201799
T   81  2 .4637521E+07   7200194E-02 -.3065E+03 -.2369E+03   .9999791 -.0044602 -.0046724
T   82  2 .4667788E+07   7200177E-02  .2945E+03 -.3488E+01   .9999858  .0043009  .0031617
T   83  2 .4643988E+07   7200164E-02 -.2109E+03 -.1319E+02   .9998921 -.0044502 -.0140012
T   84  2 .4657245E+07   7200049E-02  .7213E+02 -.3456E+03   .9999588  .0069106 -.0058802
T   85  2 .4637218E+07   7200122E-02  .2776E+03 -.2424E+02   .9999507  .0093548 -.0033188
T   86  2 .4654596E+07   7200175E-02 -.5218E+02 -.1571E+03   .9999891  .0000335 -.0046755
T   87  2 .4649209E+07   7200113E-02 -.1313E+03 -.1299E+03   .9999708 -.0047821 -.0059632
T   88  2 .4657621E+07   7200129E-02 -.1445E+03 -.2065E+03   .9999871 -.0040144 -.0031016
T   89  2 .4642022E+07   7200192E-02  .3577E+03 -.1525E+03   .9999709  .0052120 -.0055672
T   90  2 .4663122E+07   7200164E-02  .8212E+02 -.1912E+03   .9999592  .0074304 -.0051337
T   91  2 .4655242E+07   7200187E-02 -.1049E+03  .3086E+02   .9999835 -.0050674  .0026986
T   92  2 .4641921E+07   7200182E-02 -.1923E+03 -.9060E+02   .9999917 -.0038794 -.0012826
T   93  2 .4659100E+07   7200107E-02  .2839E+03  .2016E+04   .9996758  .0059524  .0247561
T   94  2 .4648557E+07   7200111E-02  .1132E+03 -.8969E+02   .9999784  .0028304 -.0059247
T   95  2 .4654875E+07   7200026E-02  .4737E+03 -.3135E+03   .9998750  .0137930 -.0077349
T   96  2 .4639882E+07   7200168E-02  .1689E+02 -.1516E+03   .9999949  .0009435 -.0030370
T   97  2 .4628560E+07   7200154E-02 -.8628E+03  .5469E+03   .9998171 -.0146514  .0122900
T   98  2 .4655099E+07   7200005E-02  .1839E+03 -.1714E+03   .9999877  .0044523 -.0022027
T   99  2 .4649076E+07   7200025E-02 -.4388E+03 -.3240E+03   .9999126 -.0111114 -.0071589
T  100  2 .4661378E+07   7200217E-02 -.5595E+01 -.5287E+02   .9999935 -.0034207  .0011569
T  101  2 .4644652E+07   7200041E-02  .1198E+03  .2361E+03   .9999713  .0055674  .0051392
T  102  2 .4648863E+07   7200097E-02  .2979E+03 -.7712E+02   .9999233  .0106253 -.0063579
T  103  2 .4656734E+07   7200007E-02  .5124E+03  .1002E+03   .9999464  .0094917 -.0041454
T  104  2 .4656491E+07   7200187E-02  .3158E+02 -.5229E+03   .9999559  .0013221 -.0093017
T  105  2 .4667060E+07   7200006E-02 -.1725E+02  .5593E+02   .9999861 -.0016939  .0049942
T  106  2 .4630033E+07   7200197E-02  .1410E+02  .1219E+03   .9999985 -.0003370  .0016725
T  107  2 .4637868E+07   7200194E-02  .1457E+03 -.1374E+03   .9999781 -.0063681 -.0018241
T  108  2 .4646042E+07   7200017E-02 -.9809E+02 -.3304E+03   .9998610 -.0028121 -.0164330
T  109  2 .4631299E+07   7200084E-02 -.2959E+03 -.3604E+02   .9999576 -.0091684  .0008403
T  110  2 .4633589E+07   7200102E-02 -.1354E+02  .5277E+02   .9999865  .0016440  .0049216
T  111  2 .4643363E+07   7200201E-02  .1064E+03 -.1094E+03   .9999898  .0017840  .0041462
T  112  2 .4672702E+07   7200052E-02 -.4480E+02 -.1661E+02   .9999894 -.0000748  .0046028
T  113  2 .4632727E+07   7200060E-02  .4743E+02  .1681E+03   .9997809  .0001585  .0209337
T  114  2 .4653153E+07   7200066E-02 -.1071E+03 -.1329E+03   .9999309 -.0105660 -.0051554
T  115  2 .4662385E+07   7200202E-02  .3233E+03  .4093E+02   .9999190  .0126183  .0016806
T  116  2 .4621668E+07   7200177E-02  .1610E+03 -.1874E+03   .9999806  .0049789 -.0037376
T  117  2 .4657071E+07   7200139E-02  .1985E+03  .2449E+03   .9999952 -.0016397  .0026459
T  118  2 .4645239E+07   7200021E-02 -.1867E+03 -.1337E+03   .9999708 -.0058445 -.0049304
T  119  2 .4641743E+07   7200147E-02 -.1661E+03 -.1351E+03   .9999959 -.0021553 -.0018809
T  120  2 .4649586E+07   7200193E-02 -.9769E+02 -.2040E+03   .9999641 -.0029236 -.0079546
T  121  2 .4625433E+07   7200163E-02 -.3100E+03  .9878E+02   .9999788 -.0058251  .0029153
T  122  2 .4642386E+07   7200133E-02  .1737E+03  .2364E+03   .9999418  .0092307  .0055861
T  123  2 .4664026E+07   7200051E-02  .1052E+03  .1521E+03   .9999471  .0070441  .0075017
T  124  2 .4651618E+07   7200162E-02  .1447E+03  .2067E+03   .9999752  .0010920  .0069589
T  125  2 .4640858E+07   7200146E-02 -.3465E+03 -.2431E+03   .9999001 -.0096271 -.0103518
T  126  2 .4645921E+07   7200002E-02  .2060E+03  .8758E+02   .9999203  .0091726  .0086751
T  127  2 .4617107E+07   7200054E-02 -.1168E+04 -.3315E+03   .9997394 -.0202999 -.0104394
T  128  2 .4646679E+07   7200175E-02  .4831E+03  .3439E+03   .9999441  .0068510  .0080556
T  129  2 .4647085E+07   7200177E-02  .1109E+03  .2520E+02   .9999950  .0010355  .0029802
T  130  2 .4668205E+07   7200098E-02 -.5644E+03 -.1888E+03   .9998382 -.0179865  .0002284
T  131  2 .4642494E+07   7200125E-02  .7075E+02 -.6348E+02   .9999757  .0049543 -.0049138
T  132  2 .4648456E+07   7200032E-02 -.3455E+02  .9945E+02   .9999965  .0020879  .0015970
T  133  2 .4604004E+07   7200156E-02  .2548E+03 -.1323E+02   .9999917  .0035398 -.0020284
T  134  2 .4663994E+07   7200131E-02 -.3801E+03  .4914E+02   .9999827 -.0043589  .0039560
T  135  2 .4666245E+07   7200114E-02 -.1706E+03 -.5776E+02   .9999850  .0005366  .0054487
T  136  2 .4640642E+07   7200201E-02 -.1501E+03  .2315E+03   .9999921 -.0012145  .0037857
T  137  2 .4635874E+07   7200146E-02  .2126E+03  .9804E+02   .9999964  .0021337  .0016240
T  138  2 .4679089E+07   7200130E-02  .7107E+03 -.1730E+03   .9999046  .0114932 -.0076612
T  139  2 .4678004E+07   7200113E-02 -.6546E+03 -.2848E+02   .9999261 -.0106374  .0058911
T  140  2 .4641228E+07   7200162E-02 -.8902E+02 -.2754E+03   .9999457 -.0071372 -.0075898
T  141  2 .4625306E+07   7200144E-02  .8896E+01  .2849E+03   .9999633  .0065314  .0055469
T  142  2 .4667858E+07   7200202E-02 -.1723E+03  .1532E+03   .9999877 -.0028139  .0040775
T  143  2 .4642988E+07   7200191E-02  .1511E+03  .2400E+03   .9999893  .0046170 -.0000163
T  144  2 .4615960E+07   7200161E-02  .8987E+02 -.4473E+03   .9998553 -.0053226 -.0161554
T  145  2 .4640585E+07   7200144E-02 -.1704E+03 -.1794E+03   .9999848 -.0048586 -.0025985
T  146  2 .4642328E+07   7200095E-02  .1248E+03 -.1650E+03   .9999934  .0008826 -.0035265
T  147  2 .4640242E+07   7200150E-02  .1664E+03 -.5884E+02   .9999787  .0062669 -.0018241
T  148  2 .4654585E+07   7200003E-02 -.1373E+03  .9470E+02   .9999719 -.0072185  .0020371
T  149  2 .4638541E+07   7200186E-02  .5924E+02  .2221E+03   .9999931  .0001049  .0037103
T  150  2 .4658038E+07   7200062E-02  .2904E+03 -.2346E+03   .9998236 -.0057122 -.0178938
T  151  2 .4667751E+07   7200060E-02  .3604E+02  .6066E+03   .9999163 -.0006101  .0129253
T  152  2 .4664669E+07   7200075E-02 -.6397E+03 -.1362E+03   .9998282 -.0183807  .0023939
T  153  2 .4673339E+07   7200101E-02 -.9752E+02  .3358E+02   .9999459  .0087335  .0056584
T  154  2 .4663805E+07   7200106E-02 -.3127E+03  .9755E+02   .9999866 -.0009572 -.0050962
T  155  2 .4663346E+07   7200175E-02 -.9142E+02 -.1729E+03   .9999724 -.0048912 -.0055843
T  156  2 .4662914E+07   7200152E-02 -.1764E+03 -.6617E+01   .9999372 -.0049175 -.0100707
T  157  2 .4650554E+07   7200134E-02  .3391E+02  .7951E+02   .9999953 -.0016886 -.0025499
T  158  2 .4638013E+07   7200207E-02  .1582E+03 -.6729E+02   .9999804  .0047303  .0041101
T  159  2 .4634697E+07   7200136E-02  .1017E+03 -.1016E+03   .9999887  .0031103 -.0035871
T  160  2 .4640999E+07   7200191E-02  .1699E+03  .1352E+03   .9999715  .0019829  .0072835
T  161  2 .4628896E+07   7200106E-02 -.9433E+02  .4184E+03   .9999584 -.0050588  .0075959
T  162  2 .4619200E+07   7200197E-02  .1403E+03 -.1536E+03   .9998453  .0171466 -.0039114
T  163  2 .4633088E+07   7200090E-02  .8553E+02 -.1241E+03   .9999984 -.0017286 -.0004846
T  164  2 .4631067E+07   7200204E-02 -.1656E+03 -.2443E+03   .9999705 -.0020094 -.0074174
T  165  2 .4641933E+07   7200105E-02 -.8601E+02  .1589E+03   .9999806 -.0054213  .0030605
T  166  2 .4655699E+07   7200124E-02 -.3377E+03 -.9328E+01   .9999671 -.0080951  .0005564
T  167  2 .4641085E+07   7200054E-02 -.1601E+03 -.4039E+03   .9999518 -.0022158 -.0095675
T  168  2 .4659732E+07   7200143E-02  .4801E+02  .1968E+03   .9999694 -.0002743  .0078242
T  169  2 .4626090E+07   7200083E-02 -.3991E+02  .1136E+03   .9999647 -.0021841  .0081089
T  170  2 .4649501E+07   7200081E-02 -.1216E+04  .1507E+03   .9997725 -.0213244  .0003693
T  171  2 .4654647E+07   7200026E-02  .6245E+02 -.1210E+03   .9999229  .0087244  .0088379
T  172  2 .4672553E+07   7200092E-02  .4772E+03  .5546E+03   .9997752  .0152849  .0146928
T  173  2 .4674293E+07   7200056E-02 -.7226E+03  .1027E+03   .9996664 -.0258288  .0001915
T  174  2 .4643815E+07   7200072E-02 -.2214E+03  .2048E+03   .9999758 -.0005660  .0069390
T  175  2 .4637908E+07   7200187E-02 -.1820E+03 -.2558E+03   .9999843 -.0032652 -.0045622
T  176  2 .4608272E+07   7200141E-02 -.8383E+02  .4170E+03   .9999860 -.0025936  .0046015
T  177  2 .4647937E+07   7200100E-02  .4438E+02 -.3709E+03   .9999903  .0011736 -.0042495
T  178  2 .4658688E+07   7200133E-02  .1624E+03 -.1941E+03   .9999588  .0055304 -.0072002
T  179  2 .4650791E+07   7200112E-02  .7341E+02  .8602E+02   .9999884  .0039471 -.0027632
T  180  2 .4602989E+07   7200153E-02 -.1189E+04 -.9569E+03   .9937216 -.0773498 -.0808356
T  181  2 .4653593E+07   7200064E-02 -.1897E+03  .3081E+03   .9999505 -.0016417  .0098109
T  182  2 .4642012E+07   7200182E-02 -.3646E+03  .2721E+03   .9999494  .0004108  .0100503
T  183  2 .4613596E+07   7200178E-02 -.1362E+03 -.2158E+03   .9999626 -.0052751 -.0068524
T  184  2 .4672694E+07   7200151E-02  .6853E+03 -.1316E+02   .9999062  .0124073 -.0057972
T  185  2 .4654414E+07   7200203E-02 -.1097E+03  .5895E+02   .9999905 -.0037365  .0022294
T  186  2 .4661185E+07   7200109E-02  .1135E+03 -.2585E+03   .9999244 -.0022541 -.0120869
T  187  2 .4639477E+07   7200139E-02  .3092E+03  .9026E+02   .9999555  .0090987 -.0024883
T  188  2 .4661895E+07   7200180E-02  .1958E+03  .2119E+03   .9999754  .0024763  .0065574
T  189  2 .4635745E+07   7200210E-02 -.1234E+04  .1682E+04   .9992698 -.0178579  .0337788
T  190  2 .4645883E+07   7200201E-02 -.9145E+02  .1585E+03   .9999852 -.0032854  .0043271
T  191  2 .4643514E+07   7200095E-02  .7502E+02 -.5965E+02   .9999938  .0013561 -.0032427
T  192  2 .4652614E+07   7200059E-02 -.1769E+03  .2282E+03   .9999749 -.0036348  .0060738
T  193  2 .4649173E+07   7200059E-02 -.1088E+03 -.1087E+03   .9999882 -.0045511 -.0017237
T  194  2 .4656564E+07   7200191E-02 -.2235E+03 -.1198E+03   .9999720 -.0034088 -.0066623
T  195  2 .4652345E+07   7200129E-02  .2056E+03  .2868E+02   .9999659  .0078821  .0024450
T  196  2 .4624736E+07   7200095E-02  .4109E+03  .4277E+03   .9999318  .0105346  .0050369
T  197  2 .4637950E+07   7200075E-02  .4335E+03  .2342E+03   .9999520  .0061547  .0076193
T  198  2 .4649046E+07   7200139E-02  .2145E+03  .7228E+02   .9999948  .0020861 -.0024417
T  199  2 .4644524E+07   7200169E-02  .3843E+03  .1484E+04   .9994402  .0127665  .0309254
T  200  2 .4633087E+07   7200066E-02  .9071E+02  .5999E+03   .9997852  .0006200  .0207151
T  201  2 .4640923E+07   7200066E-02  .3796E+02  .7855E+03   .9994226  .0330248  .0079919
T  202  2 .4639191E+07   7200077E-02 -.1007E+03 -.1917E+03   .9999764 -.0014267 -.0067272
T  203  2 .4654559E+07   7200026E-02  .8932E+02  .3194E+03   .9999808 -.0011488  .0060966
T  204  2 .4653397E+07   7200062E-02  .5653E+02 -.9545E+02   .9999959 -.0019687 -.0020882
T  205  2 .4658946E+07   7200051E-02 -.1582E+03  .5010E+02   .9999836 -.0049578 -.0028726
T  206  2 .4633385E+07   7200002E-02 -.5251E+02  .2502E+03   .9999848 -.0019166  .0051641
T  207  2 .4660395E+07   7200009E-02  .5632E+03  .8610E+02   .9999767  .0038924  .0056061
T  208  2 .4647938E+07   7200196E-02 -.4638E+02 -.1480E+03   .9999927 -.0004466 -.0038014
T  209  2 .4629650E+07   7200137E-02 -.3995E+03  .2699E+03   .9999689 -.0078805 -.0001960
T  210  2 .4652613E+07   7200126E-02 -.6816E+02 -.1128E+03   .9999979 -.0002474 -.0020248
T  211  2 .4643927E+07   7200138E-02  .3692E+02 -.1796E+03   .9999935 -.0035864  .0003297
T  212  2 .4650100E+07   7200204E-02 -.6857E+03 -.2082E+02   .9997500 -.0217294  .0052732
T  213  2 .4643913E+07   7200103E-02  .6231E+03 -.3493E+03   .9999874  .0047273 -.0016890
T  214  2 .4669861E+07   7200045E-02 -.4766E+02  .3266E+02   .9999860 -.0051868 -.0010109
T  215  2 .4653496E+07   7200073E-02  .3659E+03  .1105E+03   .9997327  .0211249  .0093927
T  216  2 .4646329E+07   7200001E-02 -.1384E+01 -.3353E+03   .9999462  .0093635 -.0044577
T  217  2 .4628004E+07   7200002E-02 -.7478E+02  .1043E+03   .9999925 -.0016323 -.0035017
T  218  2 .4638342E+07   7200152E-02  .2403E+02 -.7255E+02   .9999968  .0024063 -.0007275
T  219  2 .4633296E+07   7200025E-02 -.1316E+02  .3199E+03   .9999676 -.0046016  .0065990
T  220  2 .4653970E+07   7200167E-02  .3456E+03  .1080E+03   .9999330  .0109405  .0037782
T  221  2 .4632396E+07   7200146E-02  .1246E+03  .2662E+02   .9999702  .0059810 -.0048872
T  222  2 .4610929E+07   7200212E-02 -.7318E+02  .3323E+02   .9999644 -.0067808 -.0050152
T  223  2 .4613752E+07   7200150E-02  .3937E+03  .2709E+01   .9999235  .0123026 -.0013183
T  224  2 .4656257E+07   7200217E-02 -.3029E+03 -.4437E+03   .9998210 -.0108391 -.0155078
T  225  2 .4638341E+07   7200213E-02  .5537E+03 -.9138E+03   .9993996  .0157707 -.0308502
T  226  2 .4644567E+07   7200211E-02  .8117E+02  .3402E+02   .9999745  .0070372 -.0012419
T  227  2 .4648146E+07   7200090E-02 -.2833E+03 -.1479E+03   .9999345 -.0114492  .0000290
T  228  2 .4643301E+07   7200122E-02  .6211E+02 -.1878E+03   .9999934 -.0019081 -.0030939
T  229  2 .4657459E+07   7200175E-02 -.3375E+03  .6908E+02   .9999625 -.0083277 -.0023762
T  230  2 .4679266E+07   7200130E-02  .7216E+02  .2186E+03   .9999815  .0021245  .0057022
T  231  2 .4615283E+07   7200198E-02 -.9053E+02 -.8469E+02   .9999781 -.0057581  .0032696
T  232  2 .4648357E+07   7200019E-02  .1360E+03  .3671E+03   .9999777 -.0007521  .0066365
T  233  2 .4635674E+07   7200023E-02 -.8498E+02  .1648E+03   .9999941 -.0015255 -.0030655
T  234  2 .4661916E+07   7200032E-02 -.7397E+03 -.2122E+03   .9998971 -.0125453 -.0069554
T  235  2 .4632323E+07   7200000E-02 -.1698E+03 -.4098E+01   .9999595 -.0089439 -.0009866
T  236  2 .4661111E+07   7200125E-02  .7623E+01 -.3103E+02   .9999985 -.0001429 -.0017090
T  237  2 .4662709E+07   7200044E-02 -.3542E+03 -.6590E+01   .9999960 -.0011802  .0025824
T  238  2 .4644479E+07   7200029E-02  .4602E+03  .6059E+02   .9999093  .0131151 -.0030687
T  239  2 .4617441E+07   7200214E-02  .1507E+03 -.1017E+03   .9997011  .0207033  .0130025
T  240  2 .4668780E+07   7200203E-02 -.9340E+02 -.2794E+03   .9999610 -.0053704 -.0070166
T  241  2 .4654105E+07   7200045E-02 -.1431E+03 -.2415E+03   .9999921 -.0038829  .0008183
T  242  2 .4649325E+07   7200063E-02  .3690E+03 -.2409E+03   .9999491  .0090007 -.0045515
T  243  2 .4650452E+07   7200186E-02  .2550E+03  .1120E+03   .9999625  .0086432 -.0005524
T  244  2 .4667013E+07   7200110E-02  .3960E+02 -.1292E+03   .9999632  .0049792 -.0069920
T  245  2 .4624218E+07   7200159E-02  .4098E+02  .4689E+03   .9998648  .0000802  .0164432
T  246  2 .4661607E+07   7200134E-02 -.1977E+03  .2161E+03   .9999653 -.0083169 -.0004708
T  247  2 .4661773E+07   7200199E-02 -.3187E+02 -.2267E+03   .9999789 -.0005352 -.0064765
T  248  2 .4678755E+07   7200176E-02 -.1595E+03 -.1881E+03   .9999748 -.0035745 -.0061408
T  249  2 .4648901E+07   7200089E-02 -.1466E+03 -.1250E+03   .9999736 -.0058935  .0042529
T  250  2 .4648818E+07   7200038E-02  .5277E+02 -.2116E+03   .9999542  .0034189 -.0089430
T  251  2 .4662461E+07   7200117E-02  .1060E+02  .5005E+02   .9999912 -.0040420  .0011518
T  252  2 .4611685E+07   7200133E-02  .1877E+03  .1184E+03   .9999919 -.0026084 -.0030676
T  253  2 .4671262E+07   7200004E-02 -.1867E+03  .3686E+03   .9999174 -.0059447  .0113989
T  254  2 .4642966E+07   7200026E-02 -.5249E+01  .1054E+03   .9999867  .0000671  .0051607
T  255  2 .4682947E+07   7200183E-02  .1342E+03 -.1890E+02   .9999892  .0040691 -.0022438
T  256  2 .4636676E+07   7200111E-02  .3265E+02 -.3600E+03   .9999734  .0038882 -.0061662
T  257  2 .4638877E+07   7200205E-02  .1394E+03  .5833E+02   .9999926  .0037981  .0005710
T  258  2 .4661493E+07   7200075E-02  .3634E+03 -.3306E+03   .9999521  .0084293 -.0049668
T  259  2 .4658171E+07   7200019E-02  .1311E+03  .3737E+02   .9999964  .0017746 -.0020028
T  260  2 .4627584E+07   7200002E-02 -.2389E+03  .6981E+03   .9997615  .0001712  .0218375
T  261  2 .4646381E+07   7200175E-02 -.7482E+02 -.1023E+03   .9999667  .0008008 -.0081222
T  262  2 .4620311E+07   7200077E-02  .1169E+03 -.4186E+02   .9999986  .0006291 -.0015438
T  263  2 .4657136E+07   7200210E-02  .2403E+03  .1871E+03   .9999980  .0018837  .0007146
T  264  2 .4646407E+07   7200211E-02  .1075E+03  .1721E+03   .9999560  .0067451  .0065170
T  265  2 .4628883E+07   7200134E-02 -.1242E+03 -.1221E+03   .9999998 -.0002399 -.0005574
T  266  2 .4618367E+07   7200193E-02 -.6365E+02 -.1966E+03   .9999566 -.0030577 -.0088051
T  267  2 .4637616E+07   7200195E-02  .8310E+00  .7085E+02   .9999997 -.0005425  .0004986
T  268  2 .4632292E+07   7200203E-02 -.2914E+03  .2720E+03   .9996941 -.0022583  .0246282
T  269  2 .4688426E+07   7200090E-02 -.1309E+03  .6894E+02   .9999800 -.0060594  .0017896
T  270  2 .4643198E+07   7200147E-02 -.2382E+03 -.4619E+03   .9999744 -.0008472 -.0071083
T  271  2 .4646344E+07   7200096E-02 -.2395E+03  .1611E+03   .9999240 -.0120471 -.0026152
T  272  2 .4612033E+07   7200135E-02 -.2324E+04  .1762E+04   .9984858 -.0453348  .0311594
T  273  2 .4644723E+07   7200090E-02 -.2988E+03  .1030E+03   .9999113 -.0132548 -.0012665
T  274  2 .4634050E+07   7200078E-02  .5524E+00  .3634E+03   .9999363  .0037968  .0106282
T  275  2 .4656791E+07   7200119E-02 -.8567E+02  .6659E+02   .9999886  .0043621  .0019499
T  276  2 .4627148E+07   7200008E-02 -.3799E+03 -.2006E+03   .9999373 -.0073296 -.0084689
T  277  2 .4617717E+07   7200137E-02  .1853E+03 -.5552E+03   .9998386  .0072663 -.0164292
T  278  2 .4691075E+07   7200006E-02 -.5973E+02 -.4793E+03   .9999513 -.0015554 -.0097417
T  279  2 .4620113E+07   7200052E-02 -.1873E+03 -.2839E+03   .9999623 -.0054342 -.0067744
T  280  2 .4643590E+07   7200025E-02 -.1951E+03 -.4206E+02   .9999913 -.0018839  .0037347
T  281  2 .4592069E+07   7200137E-02 -.1712E+03 -.5028E+02   .9999751 -.0047318  .0052272
T  282  2 .4657950E+07   7200093E-02 -.1139E+03  .4559E+02   .9999939 -.0020364 -.0028262
T  283  2 .4662471E+07   7200187E-02 -.1041E+03  .1440E+03   .9999823  .0059458 -.0003082
T  284  2 .4620298E+07   7200127E-02  .8055E+03  .2339E+03   .9998614  .0163530  .0031281
T  285  2 .4644023E+07   7200041E-02  .1515E+03  .6540E+02   .9999439  .0092835  .0050972
T  286  2 .4656497E+07   7200194E-02 -.1645E+03  .3797E+03   .9998709 -.0031601  .0157572
T  287  2 .4648576E+07   7200159E-02 -.5677E+03  .3168E+03   .9998232 -.0170601  .0079047
T  288  2 .4651834E+07   7200184E-02  .1454E+03  .1274E+03   .9999372  .0079329  .0079170
T  289  2 .4625263E+07   7200167E-02  .4178E+02  .3780E+01   .9999989 -.0007929  .0012793
T  290  2 .4672449E+07   7200168E-02  .1261E+03 -.2436E+02   .9999833 -.0009976  .0056940
T  291  2 .4641607E+07   7200065E-02  .3875E+03  .7041E+03   .9989625 -.0455280 -.0010180
T  292  2 .4629560E+07   7200152E-02  .2857E+03  .1758E+03   .9999423  .0098757  .0042242
T  293  2 .4597625E+07   7200184E-02 -.2916E+03  .7547E+02   .9999567 -.0087622  .0031473
T  294  2 .4617232E+07   7200009E-02 -.6570E+02 -.4556E+02   .9999922 -.0027639 -.0028373
T  295  2 .4671471E+07   7200038E-02  .1120E+03  .1887E+03   .9999953 -.0012291  .0027955
T  296  2 .4638416E+07   7200201E-02 -.1459E+03 -.2499E+02   .9999785 -.0065511  .0002764
T  297  2 .4649219E+07   7200061E-02 -.2868E+03 -.4874E+02   .9999837 -.0018568  .0054030
T  298  2 .4635646E+07   7200106E-02  .2030E+03 -.1922E+03   .9999710  .0029076 -.0070448
T  299  2 .4636229E+07   7200159E-02  .8077E+03  .5506E+02   .9998987  .0141944  .0010210
T  300  2 .4653752E+07   7200210E-02  .1925E+03 -.2212E+02   .9999934  .0028689  .0022411
T  301  2 .4675776E+07   7200096E-02  .1313E+03  .1470E+02   .9999998  .0005128  .0003221
T  302  2 .4619017E+07   7200047E-02 -.9973E+02 -.1145E+03   .9999814 -.0047862 -.0037748
T  303  2 .4659578E+07   7200011E-02  .2054E+03 -.1510E+03   .9999818  .0043307 -.0042047
T  304  2 .4660612E+07   7200127E-02 -.6430E+01  .2407E+03   .9999838  .0001295  .0056981
T  305  2 .4667059E+07   7200062E-02 -.1722E+03 -.5962E+02   .9999830 -.0058185 -.0004332
T  306  2 .4626899E+07   7200082E-02  .1809E+03  .2220E+03   .9999905  .0003411  .0043404
T  307  2 .4648564E+07   7200187E-02 -.1307E+03 -.1194E+03   .9999527 -.0075759  .0061007
T  308  2 .4608863E+07   7200148E-02 -.2482E+03  .2411E+03   .9998968 -.0081774  .0118134
T  309  2 .4659970E+07   7200120E-02  .1025E+03 -.1692E+03   .9999757  .0051538 -.0047040
T  310  2 .4645805E+07   7200084E-02 -.3691E+02 -.1649E+03   .9999999  .0000908 -.0003232
T  311  2 .4646796E+07   7200200E-02  .1250E+03 -.1673E+03   .9999820  .0058369 -.0014063
T  312  2 .4642616E+07   7200122E-02  .2642E+03 -.4943E+02   .9999393  .0098536 -.0049215
T  313  2 .4678187E+07   7200078E-02 -.1591E+03 -.2295E+02   .9999863 -.0001659 -.0052357
T  314  2 .4658791E+07   7200037E-02 -.7506E+01  .7666E+02   .9999988 -.0013727  .0006625
T  315  2 .4666919E+07   7200064E-02  .1997E+02 -.3512E+03   .9999792  .0040709 -.0050066
T  316  2 .4660170E+07   7200008E-02 -.1777E+03 -.1797E+03   .9999833 -.0028137 -.0050505
T  317  2 .4651567E+07   7200148E-02 -.1046E+03 -.1329E+03   .9999961 -.0016635 -.0022481
T  318  2 .4680343E+07   7200113E-02 -.3339E+02 -.3304E+03   .9999755 -.0008599 -.0069436
T  319  2 .4640765E+07   7200182E-02  .1418E+03 -.1767E+03   .9999878 -.0011581 -.0047921
T  320  2 .4657501E+07   7200189E-02  .1576E+03 -.2595E+03   .9999140 -.0026020 -.0128533
T  321  2 .4650182E+07   7200206E-02 -.1042E+03 -.1616E+02   .9999887 -.0047422  .0004566
T  322  2 .4651515E+07   7200087E-02 -.9515E+02 -.4680E+02   .9999575  .0064705 -.0065750
T  323  2 .4664774E+07   7200203E-02 -.3999E+02 -.6090E+03   .9999065  .0006828 -.0136610
T  324  2 .4668011E+07   7200199E-02 -.4067E+02 -.8581E+02   .9999553 -.0065136 -.0068535
T  325  2 .4670204E+07   7200033E-02 -.2354E+03 -.8402E+01   .9999723 -.0071427 -.0020698
T  326  2 .4659840E+07   7200151E-02 -.1723E+02 -.7526E+02   .9999762 -.0067813 -.0012439
T  327  2 .4625976E+07   7200216E-02  .2363E+03 -.2223E+03   .9999138 -.0013565 -.0130608
T  328  2 .4668851E+07   7200213E-02 -.1120E+03  .3613E+03   .9999915 -.0041154  .0000776
T  329  2 .4663123E+07   7200021E-02  .2003E+00 -.5100E+02   .9999994 -.0003883  .0010345
T  330  2 .4617176E+07   7200130E-02 -.2929E+03 -.1342E+03   .9999971 -.0023809  .0003155
T  331  2 .4622659E+07   7200084E-02  .1673E+03 -.2184E+03   .9999496  .0080903 -.0059499
T  332  2 .4624702E+07   7200190E-02 -.3941E+03 -.1677E+03   .9998922 -.0146466 -.0010083
T  333  2 .4626877E+07   7200123E-02  .2748E+02  .3563E+02   .9999845  .0008805  .0054928
T  334  2 .4651532E+07   7200120E-02 -.1484E+03  .5855E+02   .9999865 -.0006387  .0051652
T  335  2 .4634654E+07   7200047E-02  .3859E+03  .3917E+03   .9999663  .0071287  .0040710
T  336  2 .4661572E+07   7200057E-02  .7159E+01 -.3029E+02   .9999891 -.0020959 -.0041656
T  337  2 .4655658E+07   7200194E-02 -.8402E+02 -.1489E+03   .9999909 -.0001807 -.0042592
T  338  2 .4650338E+07   7200018E-02  .4586E+03  .1404E+03   .9999328  .0101001  .0056878
T  339  2 .4659996E+07   7200150E-02 -.6100E+03 -.8557E+02   .9999406 -.0108533 -.0010279
T  340  2 .4617348E+07   7200147E-02 -.3696E+02 -.6243E+02   .9999880  .0040169 -.0027910
T  341  2 .4708327E+07   7200215E-02 -.2825E+03 -.4609E+02   .9999624 -.0084482 -.0019748
T  342  2 .4633197E+07   7200035E-02 -.4237E+03  .7216E+02   .9999729 -.0073540  .0003770
T  343  2 .4624709E+07   7200143E-02  .2435E+03  .1603E+03   .9999833  .0057797  .0000972
T  344  2 .4629637E+07   7200193E-02 -.2748E+03 -.9314E+02   .9999562 -.0082431  .0044288
T  345  2 .4643043E+07   7200060E-02  .1444E+03  .1803E+03   .9999976  .0019600 -.0009882
T  346  2 .4638517E+07   7200147E-02  .4014E+03 -.1452E+03   .9996257  .0217919 -.0165411
T  347  2 .4643690E+07   7200080E-02  .1770E+03 -.6225E+02   .9999932  .0036181 -.0007377
T  348  2 .4635192E+07   7200072E-02 -.3902E+03 -.4418E+03   .9998664 -.0105043 -.0125204
T  349  2 .4625955E+07   7200184E-02  .2195E+03 -.9629E+03   .9999219  .0047712 -.0115515
T  350  2 .4658685E+07   7200120E-02 -.7600E+03  .6690E+03   .9997922 -.0167909  .0115566
T  351  2 .4636084E+07   7200109E-02  .5041E+02 -.8214E+02   .9999942  .0026874 -.0021032
T  352  2 .4616989E+07   7200159E-02  .2321E+03  .2775E+03   .9999766  .0042264  .0053724
T  353  2 .4644606E+07   7200083E-02 -.7821E+02  .1552E+03   .9999769  .0043484  .0052210
T  354  2 .4647140E+07   7200122E-02  .2561E+02 -.7071E+03   .9998903  .0030873 -.0144882
T  355  2 .4608976E+07   7200051E-02 -.2235E+03 -.2312E+03   .9999605 -.0069925 -.0054803
T  356  2 .4630841E+07   7200166E-02  .2579E+03  .1656E+03   .9999780  .0050424  .0043153
T  357  2 .4630953E+07   7200167E-02  .1933E+03  .5131E+03   .9999049  .0014277  .0137184
T  358  2 .4609554E+07   7200100E-02  .1603E+02  .4421E+02   .9999656  .0037573  .0073997
T  359  2 .4638356E+07   7200198E-02  .1101E+03 -.3901E+01   .9999950  .0018652 -.0025460
T  360  2 .4621502E+07   7200131E-02 -.1839E+02 -.2097E+03   .9999531 -.0047255 -.0084572
T  361  2 .4684461E+07   7200177E-02  .1511E+03  .1113E+03   .9999921  .0011761  .0037849
T  362  2 .4655805E+07   7200208E-02 -.5942E+02 -.1169E+03   .9999926 -.0011186  .0036752
T  363  2 .4645852E+07   7200100E-02  .2320E+02  .1710E+03   .9999946  .0031615  .0008551
T  364  2 .4643822E+07   7200211E-02 -.1143E+03 -.5580E+02   .9997652 -.0068569 -.0205545
T  365  2 .4606507E+07   7200025E-02  .1988E+03  .2434E+03   .9999922  .0039039 -.0006780
T  366  2 .4624144E+07   7200135E-02 -.1108E+03 -.1232E+03   .9999928 -.0003401 -.0037871
T  367  2 .4651922E+07   7200154E-02 -.3632E+03 -.1667E+03   .9999198 -.0125999 -.0013144
T  368  2 .4655607E+07   7200069E-02 -.1122E+03 -.2089E+03   .9999692 -.0029255 -.0072777
T  369  2 .4632945E+07   7200001E-02  .8056E+02  .6547E+02   .9999921 -.0030092  .0025949
T  370  2 .4648830E+07   7200088E-02  .3311E+03  .5334E+02   .9999874  .0044896  .0022465
T  371  2 .4668810E+07   7200018E-02  .5548E+02  .3052E+03   .9999123  .0022244  .0130534
T  372  2 .4634124E+07   7200023E-02 -.2394E+03 -.1746E+03   .9999736 -.0051818 -.0051005
T  373  2 .4636332E+07   7200150E-02 -.3970E+03  .2467E+03   .9999746 -.0057395  .0042202
T  374  2 .4621002E+07   7200150E-02  .1273E+03  .4524E+03   .9999308 -.0019763  .0115989
T  375  2 .4625366E+07   7200063E-02 -.3337E+03  .3481E+03   .9999420 -.0081554  .0070311
T  376  2 .4658625E+07   7200153E-02  .6363E+03  .1921E+03   .9999688  .0070806  .0034894
T  377  2 .4649733E+07   7200147E-02 -.7116E+02 -.2065E+03   .9999952 -.0005743 -.0030466
T  378  2 .4648444E+07   7200209E-02 -.1515E+03 -.1132E+02   .9999999 -.0003661  .0004070
T  379  2 .4641187E+07   7200001E-02  .2726E+03  .3360E+03   .9999121  .0077280  .0107774
T  380  2 .4651239E+07   7200009E-02 -.6294E+02 -.9614E+02   .9999878  .0010831 -.0048129
T  381  2 .4641081E+07   7200027E-02 -.1839E+03 -.1187E+03   .9997678  .0035064 -.0212615
T  382  2 .4623229E+07   7200052E-02  .3069E+03  .8271E+02   .9999691  .0077762  .0011720
T  383  2 .4664919E+07   7200132E-02  .1789E+03  .4375E+03   .9999593  .0040063  .0080876
T  384  2 .4633693E+07   7200106E-02 -.2485E+03 -.2222E+03   .9999972 -.0010717 -.0021103
T  385  2 .4654192E+07   7200146E-02 -.2821E+02  .3091E+02   .9999953 -.0011747 -.0028370
T  386  2 .4599160E+07   7200200E-02  .1564E+03 -.1912E+03   .9999171  .0072062 -.0106687
T  387  2 .4654140E+07   7200217E-02  .2984E+03 -.2488E+03   .9999539  .0036084 -.0088961
T  388  2 .4667357E+07   7200130E-02 -.3358E+03 -.1516E+03   .9999867 -.0049412 -.0015062
T  389  2 .4651409E+07   7200179E-02 -.1729E+02  .5182E+03   .9999302 -.0006593  .0117935
T  390  2 .4640115E+07   7200206E-02 -.1502E+03 -.1882E+03   .9999533 -.0012011 -.0095910
T  391  2 .4615202E+07   7200090E-02  .1409E+03  .1410E+03   .9999863  .0052151 -.0003896
T  392  2 .4635773E+07   7200217E-02 -.8042E+02  .1317E+03   .9999919  .0002969  .0040140
T  393  2 .4653002E+07   7200153E-02  .3277E+03 -.4817E+03   .9998575  .0083315 -.0146790
T  394  2 .4666058E+07   7200010E-02 -.4206E+02  .6481E+02   .9999857 -.0037038  .0038589
T  395  2 .4656305E+07   7200057E-02  .1749E+03  .7753E+02   .9999359  .0108928  .0030992
T  396  2 .4643017E+07   7200082E-02 -.4959E+02  .6511E+02   .9999875 -.0024901  .0043292
T  397  2 .4640998E+07   7200091E-02 -.5950E+02  .4346E+02   .9999794 -.0001738  .0064113
T  398  2 .4645893E+07   7200119E-02  .1190E+03 -.5586E+03   .9998769 -.0037569 -.0152371
T  399  2 .4658110E+07   7200025E-02 -.2701E+03 -.2080E+03   .9999485 -.0097603 -.0027846
T  400  2 .4671243E+07   7200035E-02 -.3474E+02 -.6500E+02   .9999957 -.0027121 -.0010758
T  401  2 .4653643E+07   7200205E-02 -.1890E+02 -.1320E+02   .9999988 -.0013141 -.0008237
T  402  2 .4678299E+07   7200058E-02  .2652E+03  .1940E+03   .9999656  .0036505  .0074421
T  403  2 .4620205E+07   7200185E-02 -.3671E+03  .7422E+01   .9999200 -.0112384 -.0058004
T  404  2 .4627471E+07   7200076E-02  .8090E+02  .2509E+03   .9999814  .0002008  .0061023
T  405  2 .4669640E+07   7200068E-02 -.3784E+03  .8613E+02   .9999803 -.0052829 -.0033873
T  406  2 .4680348E+07   7200210E-02  .5464E+02  .4682E+03   .9999736  .0043258  .0058424
T  407  2 .4645846E+07   7200009E-02 -.6419E+02 -.2457E+03   .9999783 -.0040766 -.0051785
T  408  2 .4640533E+07   7200140E-02 -.1091E+03 -.1995E+03   .9999653 -.0045241 -.0069961
T  409  2 .4626336E+07   7200177E-02  .8903E+02 -.1672E+03   .9999987  .0002232 -.0016082
T  410  2 .4658520E+07   7200205E-02 -.4666E+02 -.9840E+02   .9999989  .0007757 -.0012495
T  411  2 .4615688E+07   7200119E-02  .5912E+01 -.2158E+03   .9999707 -.0017042 -.0074685
T  412  2 .4643812E+07   7200177E-02  .2614E+03  .1251E+02   .9999610  .0038403 -.0079527
T  413  2 .4652296E+07   7200103E-02  .5378E+03  .6643E+03   .9995985  .0164609  .0230622
T  414  2 .4621584E+07   7200169E-02  .1784E+03 -.3840E+02   .9999856  .0053447  .0004003
T  415  2 .4600316E+07   7200005E-02  .1629E+03 -.7396E+02   .9999982 -.0011859 -.0014629
T  416  2 .4652902E+07   7200143E-02  .2304E+02  .1197E+03   .9999950  .0031628 -.0001126
T  417  2 .4639688E+07   7200006E-02 -.2863E+03 -.2155E+03   .9999900 -.0040118 -.0019600
T  418  2 .4673423E+07   7200160E-02 -.4324E+03  .8792E+02   .9999487 -.0096417  .0031053
T  419  2 .4623772E+07   7200216E-02  .4392E+02 -.1650E+02   .9999812  .0058339  .0019007
T  420  2 .4623399E+07   7200007E-02 -.6071E+03 -.2321E+03   .9999244 -.0108869 -.0057153
T  421  2 .4630005E+07   7200114E-02 -.6278E+02  .1604E+03   .9999747 -.0033838  .0062622
T  422  2 .4625911E+07   7200137E-02 -.3118E+03  .7500E+02   .9999957 -.0025115 -.0015373
T  423  2 .4667720E+07   7200014E-02  .1531E+03 -.1072E+03   .9999760  .0057069 -.0039338
T  424  2 .4605487E+07   7200199E-02 -.1471E+03 -.1272E+03   .9999969 -.0007506 -.0023860
T  425  2 .4648136E+07   7200176E-02  .3056E+03 -.4262E+03   .9997735  .0152698 -.0148255
T  426  2 .4666114E+07   7200171E-02 -.3182E+03 -.3551E+03   .9999472 -.0067472 -.0077570
T  427  2 .4612661E+07   7200027E-02 -.1701E+03  .1006E+02   .9999911 -.0026383 -.0032965
T  428  2 .4638303E+07   7200178E-02 -.6410E+02 -.2615E+02   .9999669  .0048167  .0065591
T  429  2 .4630109E+07   7200118E-02 -.2220E+03  .2292E+03   .9999624 -.0065485  .0056832
T  430  2 .4648389E+07   7200207E-02  .2517E+03  .1749E+03   .9999587  .0090822 -.0003453
T  431  2 .4659444E+07   7200165E-02  .3730E+03  .3428E+03   .9999740  .0014054  .0070768
T  432  2 .4637877E+07   7200027E-02  .3567E+02  .6858E+02   .9999754 -.0067583 -.0018983
T  433  2 .4656901E+07   7200113E-02 -.1165E+03  .1550E+03   .9999892 -.0045373  .0010041
T  434  2 .4637162E+07   7200162E-02  .1667E+03  .9084E+02   .9999861  .0036303 -.0038202
T  435  2 .4643742E+07   7200172E-02 -.3950E+02  .1101E+03   .9999919 -.0031713  .0024872
T  436  2 .4643795E+07   7200132E-02  .9618E+02  .2218E+03   .9999808 -.0025895  .0056256
T  437  2 .4616013E+07   7200209E-02  .4736E+02 -.2387E+03   .9999612  .0070228 -.0053236
T  438  2 .4655161E+07   7200159E-02 -.1830E+03  .4421E+03   .9999510  .0003082  .0098951
T  439  2 .4662220E+07   7200216E-02 -.2323E+03 -.7574E+02   .9998710 -.0112342 -.0114829
T  440  2 .4647612E+07   7200215E-02 -.6022E+02 -.1104E+03   .9999905 -.0026864 -.0034469
T  441  2 .4652468E+07   7200156E-02  .1671E+03  .6234E+03   .9996905  .0080234  .0235482
T  442  2 .4651595E+07   7200010E-02  .4120E+02  .5354E+02   .9999832 -.0014223  .0056116
T  443  2 .4624966E+07   7200104E-02 -.1186E+02 -.6855E+03   .9999092 -.0007127 -.0134534
T  444  2 .4642802E+07   7200104E-02  .7752E+02  .1119E+03   .9999582  .0088211  .0023848
T  445  2 .4674397E+07   7200175E-02 -.1096E+03  .2034E+03   .9999950 -.0018973 -.0025235
T  446  2 .4673592E+07   7200171E-02  .5150E+02  .1818E+03   .9999999  .0003920  .0000286
T  447  2 .4629940E+07   7200017E-02  .1204E+03 -.6563E+02   .9999896  .0039764  .0022312
T  448  2 .4667931E+07   7200217E-02 -.6886E+02  .1449E+03   .9999933  .0008643  .0035544
T  449  2 .4645741E+07   7200208E-02 -.1113E+03 -.3381E+03   .9999728  .0027873 -.0068305
T  450  2 .4639999E+07   7200114E-02  .9611E+02  .1776E+03   .9999521  .0078234  .0058896
T  451  2 .4675459E+07   7200187E-02  .1153E+03 -.1923E+01   .9999912  .0037913 -.0017736
T  452  2 .4642885E+07   7200188E-02 -.6818E+02 -.7830E+01   .9999820 -.0026048 -.0053987
T  453  2 .4659051E+07   7200090E-02  .5534E+02  .2417E+02   .9999841  .0035503 -.0043706
T  454  2 .4633460E+07   7200188E-02  .1844E+02 -.9842E+02   .9999924  .0008963 -.0037889
T  455  2 .4662808E+07   7200180E-02  .4629E+03 -.1674E+03   .9999156  .0126234 -.0030695
T  456  2 .4618159E+07   7200069E-02 -.2886E+02  .4554E+03   .9999573 -.0032540  .0086535
T  457  2 .4637605E+07   7200095E-02 -.4781E+02  .9070E+02   .9999984 -.0013052 -.0012302
T  458  2 .4665460E+07   7200133E-02  .1217E+03 -.1072E+03   .9999920  .0018365 -.0035511
T  459  2 .4638029E+07   7200160E-02  .3225E+03  .1357E+02   .9998945  .0144155  .0017866
T  460  2 .4671526E+07   7200003E-02 -.3156E+03 -.4336E+02   .9999833 -.0038259 -.0043381
T  461  2 .4648864E+07   7200104E-02 -.1941E+02  .6318E+03   .9997936 -.0104010  .0174539
T  462  2 .4615325E+07   7200140E-02 -.4309E+03  .3069E+03   .9999023 -.0139281 -.0012001
T  463  2 .4659135E+07   7200114E-02 -.1563E+03  .2094E+03   .9999664 -.0033846  .0074697
T  464  2 .4577690E+07   7200107E-02  .3528E+04  .2354E+04   .9828473  .1538272  .1017272
T  465  2 .4630774E+07   7200188E-02 -.2788E+03 -.2862E+03   .9999611 -.0075471 -.0045691
T  466  2 .4643786E+07   7200119E-02 -.4393E+03  .1522E+03   .9999174 -.0107644  .0070236
T  467  2 .4670341E+07   7200112E-02 -.2222E+03 -.2634E+03   .9999383 -.0102278 -.0043257
T  468  2 .4656571E+07   7200062E-02 -.3680E+03  .9677E+02   .9999754 -.0065073 -.0026205
T  469  2 .4630566E+07   7200199E-02  .1998E+03 -.3015E+03   .9999807  .0001050 -.0062078
T  470  2 .4649543E+07   7200163E-02 -.2249E+03  .1381E+03   .9999947 -.0030465 -.0011591
T  471  2 .4655156E+07   7200086E-02 -.1485E+03  .1275E+03   .9999639 -.0070338  .0047687
T  472  2 .4639369E+07   7200067E-02  .9235E+02 -.1440E+03   .9998513 -.0022956  .0170937
T  473  2 .4645691E+07   7200188E-02  .1748E+03  .1094E+03   .9999887 -.0034375 -.0032926
T  474  2 .4657803E+07   7200177E-02 -.5608E+02 -.6891E+02   .9999909 -.0036458 -.0022008
T  475  2 .4656489E+07   7200215E-02  .3308E+03 -.2737E+03   .9999588  .0077004 -.0047965
T  476  2 .4653868E+07   7200003E-02 -.1889E+03  .6574E+02   .9999797 -.0057422  .0027691
T  477  2 .4622582E+07   7200129E-02  .3343E+01 -.3298E+02   .9999360 -.0031796 -.0108599
T  478  2 .4617489E+07   7200117E-02  .2431E+03 -.5227E+03   .9999339  .0014589 -.0114047
T  479  2 .4657488E+07   7200117E-02 -.1510E+03  .3644E+03   .9999289 -.0071080  .0095729
T  480  2 .4640102E+07   7200169E-02  .1429E+03  .5679E+03   .9998397  .0083872  .0158156
T  481  2 .4665333E+07   7200103E-02  .2926E+03 -.3226E+03   .9999401  .0092871 -.0057949
T  482  2 .4633273E+07   7200050E-02 -.6510E+02  .1758E+03   .9999931 -.0019268  .0031862
T  483  2 .4649875E+07   7200128E-02 -.3630E+03 -.1809E+03   .9999966 -.0003020 -.0025931
T  484  2 .4633254E+07   7200138E-02 -.1916E+03  .2798E+03   .9999704 -.0058932  .0049561
T  485  2 .4635810E+07   7200213E-02 -.2442E+03  .1559E+03   .9999446 -.0073311  .0075571
T  486  2 .4650111E+07   7200162E-02  .4048E+03 -.1092E+03   .9999366  .0111760  .0013477
T  487  2 .4661357E+07   7200128E-02 -.3996E+02 -.4258E+03   .9999734  .0016129 -.0071177
T  488  2 .4613926E+07   7200086E-02  .9140E+02 -.1746E+02   .9999998  .0003120  .0006066
T  489  2 .4661103E+07   7200170E-02 -.1311E+03 -.1731E+03   .9999756 -.0068730  .0012204
T  490  2 .4665114E+07   7200001E-02  .3289E+03  .5049E+02   .9999901  .0044485 -.0002427
T  491  2 .4617207E+07   7200151E-02 -.4771E+02 -.8264E+01   .9999959 -.0018628  .0021917
T  492  2 .4629680E+07   7200180E-02  .1533E+02 -.3827E+03   .9999072  .0001064 -.0136263
T  493  2 .4624158E+07   7200078E-02 -.3616E+02 -.2480E+03   .9999729 -.0036996 -.0063686
T  494  2 .4673272E+07   7200048E-02 -.1980E+03 -.2147E+03   .9999458 -.0053868 -.0089117
T  495  2 .4660291E+07   7200170E-02  .2132E+02  .1788E+03   .9999987  .0008563 -.0013356
T  496  2 .4623805E+07   7200012E-02 -.1441E+03  .4316E+02   .9999403 -.0092060 -.0058862
T  497  2 .4632599E+07   7200174E-02  .8397E+02  .2910E+02   .9999970  .0023894 -.0005934
T  498  2 .4674832E+07   7200014E-02 -.6377E+02  .4895E+03   .9998986  .0047149  .0134337
T  499  2 .4647540E+07   7200128E-02 -.4639E+03 -.8841E+02   .9999415 -.0099483 -.0042430
T  500  2 .4585729E+07   7200081E-02  .4185E+04  .3353E+04   .9959155  .0708533  .0559656
T  501  2 .4662547E+07   7200081E-02 -.3057E+02 -.1424E+03   .9999784  .0020820 -.0062345
T  502  2 .4658376E+07   7200120E-02 -.3765E+03  .3646E+03   .9998984 -.0128720  .0061268
T  503  2 .4630590E+07   7200131E-02  .1125E+01  .1445E+03   .9999631  .0060669  .0060811
T  504  2 .4625025E+07   7200102E-02 -.1667E+03  .1008E+03   .9999842 -.0024561  .0050572
T  505  2 .4673193E+07   7200010E-02  .2142E+03  .9528E+03   .9984538  .0002625  .0555867
T  506  2 .4613903E+07   7200108E-02 -.4619E+03  .3525E+02   .9999023 -.0134319  .0038628
T  507  2 .4645785E+07   7200164E-02 -.9383E+02 -.1728E+03   .9999092 -.0117550 -.0065820
T  508  2 .4652200E+07   7200212E-02 -.5957E+02 -.1704E+03   .9999966 -.0023274 -.0011876
T  509  2 .4636418E+07   7200035E-02 -.2048E+03  .2153E+02   .9999465 -.0093700  .0043847
T  510  2 .4672494E+07   7200147E-02  .7254E+02 -.1879E+03   .9999924  .0006725 -.0038470
T  511  2 .4651298E+07   7200164E-02 -.1328E+03  .2288E+03   .9999759 -.0066026  .0021385
T  512  2 .4650929E+07   7200128E-02 -.4323E+02  .2461E+02   .9999972 -.0007038  .0022614
T  513  2 .4663354E+07   7200143E-02  .6114E+03  .1360E+04   .9994407  .0164963  .0290879
T  514  2 .4649055E+07   7200205E-02 -.2418E+03  .8192E+02   .9999818 -.0022968  .0055757
T  515  2 .4660034E+07   7200158E-02 -.2782E+03 -.1747E+03   .9998658 -.0154968 -.0053167
T  516  2 .4638225E+07   7200067E-02 -.7707E+02  .3543E+03   .9999908  .0040257  .0014513
T  517  2 .4645486E+07   7200206E-02  .2195E+03  .4128E+03   .9999171  .0093565  .0088478
T  518  2 .4634938E+07   7200005E-02  .1130E+03 -.7123E+02   .9999757 -.0059886 -.0035621
T  519  2 .4623060E+07   7200191E-02 -.5540E+03  .1190E+03   .9999739 -.0071872 -.0007030
T  520  2 .4622448E+07   7200212E-02  .1479E+03 -.3432E+03   .9998904  .0106088 -.0103290
T  521  2 .4636298E+07   7200065E-02 -.2097E+03  .1436E+03   .9999784 -.0064885 -.0010589
T  522  2 .4682103E+07   7200007E-02  .1423E+03  .6108E+03   .9994438  .0010577  .0333311
T  523  2 .4644741E+07   7200087E-02 -.1485E+02  .1108E+03   .9999955 -.0025252  .0016371
T  524  2 .4636347E+07   7200176E-02 -.4807E+03  .4897E+03   .9997256 -.0158310  .0172658
T  525  2 .4644281E+07   7200183E-02  .1001E+03 -.3262E+02   .9999971  .0016353 -.0017801
T  526  2 .4646804E+07   7200097E-02  .1767E+03 -.1322E+02   .9999599  .0087111 -.0020565
T  527  2 .4658053E+07   7200065E-02 -.8478E+03  .4582E+03   .9991640 -.0362343  .0189310
T  528  2 .4640103E+07   7200181E-02  .3026E+02 -.4181E+02   .9999981  .0018264  .0006477
T  529  2 .4669986E+07   7200042E-02 -.1708E+03  .1068E+03   .9999947 -.0029522  .0013422
T  530  2 .4638005E+07   7200040E-02 -.5829E+03 -.1854E+02   .9997282 -.0232731 -.0013624
T  531  2 .4657807E+07   7200074E-02  .3091E+03  .3034E+03   .9999389  .0071584  .0084286
T  532  2 .4632191E+07   7200206E-02 -.9703E+02  .3670E+03   .9999561 -.0027623  .0089485
T  533  2 .4619882E+07   7200183E-02  .2736E+02  .1108E+02   .9999809  .0002250  .0061707
T  534  2 .4652071E+07   7200061E-02 -.9034E+01 -.3060E+03   .9999166 -.0074385 -.0105610
T  535  2 .4649004E+07   7200199E-02 -.4805E+02  .2255E+03   .9999895 -.0026633  .0037274
T  536  2 .4678011E+07   7200180E-02  .6712E+02  .3215E+03   .9999837 -.0041572  .0039150
T  537  2 .4632682E+07   7200185E-02  .2683E+03 -.9466E+03   .9998415  .0047741 -.0171521
T  538  2 .4660175E+07   7200003E-02  .5649E+02 -.3205E+02   .9999904  .0025914  .0035407
T  539  2 .4662253E+07   7200179E-02 -.2925E+03  .5439E+02   .9999801 -.0030488  .0055203
T  540  2 .4639422E+07   7200079E-02 -.3410E+03  .3325E+03   .9998420 -.0129446  .0121800
T  541  2 .4618663E+07   7200162E-02  .9255E+02  .9942E+02   .9999879 -.0027402  .0040902
T  542  2 .4636152E+07   7200009E-02 -.4812E+03 -.6950E+03   .9987312 -.0249753 -.0437286
T  543  2 .4630966E+07   7200097E-02  .1437E+03 -.1952E+03   .9999271  .0110844 -.0047791
T  544  2 .4660597E+07   7200186E-02 -.6406E+02 -.1599E+03   .9999616 -.0070607 -.0051874
T  545  2 .4631808E+07   7200059E-02 -.6991E+02 -.5876E+03   .9999509  .0035053 -.0092685
T  546  2 .4643535E+07   7200020E-02 -.2630E+02 -.1839E+03   .9999869 -.0028678 -.0042491
T  547  2 .4650627E+07   7200133E-02  .1228E+02  .2929E+02   .9999943 -.0033768  .0000482
T  548  2 .4628304E+07   7200178E-02  .2194E+03  .1280E+03   .9999796  .0029259  .0056695
T  549  2 .4643390E+07   7200191E-02  .6821E+02 -.4602E+03   .9998527  .0023180 -.0170080
T  550  2 .4677552E+07   7200171E-02 -.2967E+03  .8828E+02   .9999885 -.0003864  .0047711
T  551  2 .4639493E+07   7200068E-02  .3016E+02 -.4762E+02   .9999987 -.0012583  .0009960
T  552  2 .4640688E+07   7200183E-02  .1126E+02  .1992E+02   .9999870  .0023302  .0045293
T  553  2 .4672965E+07   7200145E-02 -.2461E+02  .1392E+03   .9999820 -.0036708  .0047358
T  554  2 .4626055E+07   7200021E-02  .1676E+03  .1687E+03   .9999732  .0068142  .0026714
T  555  2 .4638910E+07   7200096E-02  .4937E+02 -.3079E+03   .9999426 -.0084959 -.0065291
T  556  2 .4636430E+07   7200001E-02 -.3978E+02 -.8215E+02   .9999784 -.0034753 -.0055869
T  557  2 .4621991E+07   7200105E-02 -.9995E+02 -.1455E+03   .9999639 -.0007005 -.0084653
T  558  2 .4622265E+07   7200164E-02 -.2489E+03  .5836E+03   .9999412 -.0047270  .0097559
T  559  2 .4639728E+07   7200092E-02  .1588E+03 -.2262E+03   .9999747  .0040727 -.0058401
T  560  2 .4624518E+07   7200204E-02  .8460E+02  .4848E+03   .9998997  .0033921  .0137519
T  561  2 .4659177E+07   7200056E-02 -.4451E+02  .3438E+03   .9999792  .0002919  .0064415
T  562  2 .4648663E+07   7200172E-02  .4584E+02  .2599E+03   .9999858  .0013723  .0051570
T  563  2 .4662133E+07   7200136E-02  .1845E+03 -.1250E+03   .9999470  .0100834 -.0020733
T  564  2 .4669670E+07   7200210E-02 -.4253E+03 -.3525E+03   .9999190 -.0093946 -.0085815
T  565  2 .4676303E+07   7200202E-02 -.2058E+03  .1954E+03   .9999605 -.0051042  .0072776
T  566  2 .4657789E+07   7200062E-02  .4696E+01 -.3251E+02   .9999971 -.0021991  .0009785
T  567  2 .4655621E+07   7200137E-02  .3693E+02 -.6760E+02   .9999733  .0072913  .0005001
T  568  2 .4658911E+07   7200126E-02 -.1720E+03 -.1513E+03   .9999844  .0015712  .0053635
T  569  2 .4650419E+07   7200139E-02 -.5707E+02  .5330E+02   .9999967  .0023756  .0009512
T  570  2 .4666310E+07   7200157E-02  .1520E+03 -.3600E+03   .9999593  .0084403 -.0031973
T  571  2 .4663816E+07   7200192E-02  .1863E+03 -.2911E+02   .9999936  .0035791  .0001227
T  572  2 .4655915E+07   7200005E-02 -.2548E+02  .5285E+02   .9999872  .0013796 -.0048650
T  573  2 .4642826E+07   7200082E-02 -.1775E+03 -.3182E+02   .9999893 -.0030330 -.0034880
T  574  2 .4661759E+07   7200216E-02 -.3270E+03  .3214E+03   .9999430 -.0088543  .0059721
T  575  2 .4637749E+07   7200099E-02 -.1249E+03 -.3338E+03   .9998795 -.0030149 -.0152280
T  576  2 .4669946E+07   7200180E-02  .7362E+02  .1098E+03   .9999995 -.0001361 -.0010026
T  577  2 .4627919E+07   7200201E-02 -.2583E+03 -.3693E+02   .9999417 -.0105487 -.0022863
T  578  2 .4631772E+07   7200125E-02  .1882E+03 -.1745E+03   .9999875 -.0035752 -.0035095
T  579  2 .4641789E+07   7200199E-02 -.1950E+03 -.1040E+03   .9998110 -.0071904 -.0180640
T  580  2 .4635694E+07   7200125E-02  .1204E+03  .2110E+03   .9999670  .0066695  .0046470
T  581  2 .4647333E+07   7200011E-02 -.9010E+03 -.1192E+04   .9992252 -.0223172 -.0324180
T  582  2 .4631296E+07   7200000E-02 -.1978E+03  .2390E+02   .9999783 -.0058084  .0030974
T  583  2 .4656347E+07   7200214E-02  .2880E+03  .4547E+03   .9999159  .0038109  .0123992
T  584  2 .4661767E+07   7200130E-02 -.5037E+02 -.6014E+02   .9999909 -.0042436 -.0003666
T  585  2 .4632104E+07   7200090E-02  .3227E+03 -.3914E+03   .9989885  .0269584 -.0359889
T  586  2 .4638232E+07   7200177E-02  .4069E+03 -.7822E+02   .9998746  .0156946 -.0020953
T  587  2 .4654298E+07   7200044E-02 -.7632E+03 -.2079E+03   .9992741 -.0380635  .0015699
T  588  2 .4671014E+07   7200043E-02 -.4925E+03  .4513E+02   .9999704 -.0076844  .0004396
T  589  2 .4652733E+07   7200110E-02 -.2444E+03 -.3576E+03   .9999571  .0011911 -.0091840
T  590  2 .4635829E+07   7200117E-02 -.1706E+02  .1647E+03   .9999888 -.0014880  .0044997
T  591  2 .4641857E+07   7200208E-02 -.1301E+03  .1872E+03   .9999735 -.0066355  .0029916
T  592  2 .4632690E+07   7200189E-02 -.9090E+01  .4903E+01   .9999335  .0115022  .0007921
T  593  2 .4636468E+07   7200022E-02 -.3271E+03 -.1547E+03   .9999896 -.0035590 -.0028672
T  594  2 .4659065E+07   7200190E-02 -.2079E+03  .1013E+03   .9999774 -.0065476  .0015114
T  595  2 .4669450E+07   7200152E-02 -.4370E+03 -.2817E+03   .9999403 -.0090603 -.0061083
T  596  2 .4625479E+07   7200145E-02 -.1245E+03 -.1800E+03   .9999993  .0007030  .0009482
T  597  2 .4629148E+07   7200000E-02 -.7284E+02 -.2503E+03   .9999810  .0011518 -.0060479
T  598  2 .4620142E+07   7200087E-02  .2855E+03 -.3219E+03   .9998770  .0077758 -.0136174
T  599  2 .4682691E+07   7200003E-02 -.1927E+03  .6074E+02   .9999731 -.0069735  .0022708
T  600  2 .4631084E+07   7200204E-02 -.5622E+02  .4456E+03   .9999785 -.0010713  .0064670
T  601  2 .4646804E+07   7200008E-02 -.1403E+03  .2181E+03   .9999583 -.0083474  .0036975
T  602  2 .4654295E+07   7200037E-02 -.5145E+01 -.1314E+02   .9999986  .0017022  .0000028
T  603  2 .4650453E+07   7200096E-02 -.1665E+03  .5783E+02   .9999788 -.0016882 -.0062810
T  604  2 .4636778E+07   7200002E-02 -.5055E+01  .3003E+03   .9999552 -.0039660  .0085945
T  605  2 .4637032E+07   7200177E-02 -.6222E+03  .3131E+02   .9998308 -.0183915  .0001745
T  606  2 .4637143E+07   7200090E-02 -.2164E+03 -.8095E+00   .9999695 -.0078152 -.0000726
T  607  2 .4638886E+07   7200002E-02 -.5786E+02  .3129E+03   .9999651 -.0013357  .0082490
T  608  2 .4641470E+07   7200190E-02  .7343E+01 -.1194E+03   .9999064  .0106977 -.0085292
T  609  2 .4636240E+07   7200147E-02 -.2107E+03 -.4396E+03   .9999740 -.0065875 -.0029230
T  610  2 .4634124E+07   7200010E-02  .1016E+03  .2423E+03   .9999928 -.0033588  .0017917
T  611  2 .4678524E+07   7200022E-02  .3793E+03  .8954E+02   .9998727  .0152299  .0047534
T  612  2 .4689772E+07   7200027E-02  .6631E+01 -.6452E+03   .9998846  .0060013 -.0139568
T  613  2 .4654446E+07   7200080E-02  .2313E+03 -.1974E+03   .9999737  .0053324 -.0049194
T  614  2 .4647902E+07   7200032E-02  .7965E+02  .4695E+02   .9999829  .0022965  .0053845
T  615  2 .4646244E+07   7200075E-02  .3292E+03  .3824E+02   .9999352  .0113812  .0000333
T  616  2 .4638238E+07   7200074E-02 -.1227E+03  .1699E+03   .9999804 -.0061721  .0010399
T  617  2 .4642733E+07   7200126E-02  .1442E+03  .3995E+02   .9999763  .0061630  .0030701
T  618  2 .4664415E+07   7200012E-02  .3628E+03  .4996E+02   .9999498  .0093574  .0035727
T  619  2 .4619828E+07   7200217E-02 -.2076E+03  .1414E+03   .9999842 -.0021684  .0051950
T  620  2 .4633495E+07   7200120E-02 -.2433E+03 -.1881E+02   .9999943 -.0032651 -.0009147
T  621  2 .4640707E+07   7200008E-02 -.2381E+03  .1294E+02   .9999912 -.0040198  .0011674
T  622  2 .4620022E+07   7200181E-02  .3846E+03  .2321E+03   .9999469  .0048926  .0090673
T  623  2 .4644695E+07   7200124E-02 -.1497E+03 -.6443E+02   .9999988  .0001994 -.0015172
T  624  2 .4649783E+07   7200034E-02 -.1563E+02  .7735E+02   .9999933  .0036524 -.0001986
T  625  2 .4632509E+07   7200139E-02  .5340E+02 -.3789E+03   .9999429 -.0051471 -.0093608
T  626  2 .4620525E+07   7200038E-02 -.2554E+03 -.2473E+02   .9999836 -.0056387  .0010013
T  627  2 .4647994E+07   7200090E-02  .1939E+02 -.4075E+02   .9999935 -.0035874 -.0003348
T  628  2 .4637450E+07   7200177E-02 -.1642E+03  .1456E+02   .9999916 -.0022910 -.0034000
T  629  2 .4637252E+07   7200056E-02  .1034E+03 -.1155E+03   .9999994 -.0005785 -.0009229
T  630  2 .4658968E+07   7200008E-02 -.2883E+02  .3475E+03   .9999729  .0034098  .0065234
T  631  2 .4631111E+07   7200047E-02  .6285E+02 -.8311E+02   .9999977  .0014023 -.0016442
T  632  2 .4665646E+07   7200172E-02  .7734E+02 -.1973E+03   .9999536  .0060159 -.0075229
T  633  2 .4658430E+07   7200215E-02  .9807E+02  .1673E+03   .9998561  .0001585  .0169627
T  634  2 .4627340E+07   7200091E-02 -.1995E+03  .6249E+02   .9999951 -.0007462  .0030266
T  635  2 .4637892E+07   7200122E-02  .2664E+03 -.4445E+02   .9999675 -.0008692 -.0080194
T  636  2 .4654653E+07   7200019E-02 -.4265E+01 -.2699E+03   .9998557  .0011925 -.0169481
T  637  2 .4656935E+07   7200216E-02 -.1196E+03  .4606E+03   .9999300 -.0006644  .0118092
T  638  2 .4669406E+07   7200085E-02  .3460E+03 -.2723E+03   .9999706  .0061122 -.0046332
T  639  2 .4647309E+07   7200136E-02 -.1602E+03  .6921E+02   .9999991 -.0010846 -.0008256
T  640  2 .4633842E+07   7200122E-02 -.2111E+03  .3574E+03   .9999105 -.0012793  .0133152
T  641  2 .4623568E+07   7200068E-02  .7950E+02 -.7167E+02   .9999945  .0024332 -.0022472
T  642  2 .4670438E+07   7200085E-02  .2204E+02 -.1318E+02   .9999967  .0001111 -.0025487
T  643  2 .4610162E+07   7200004E-02  .5966E+02  .9805E+02   .9999860  .0042185  .0032044
T  644  2 .4652488E+07   7200140E-02 -.4348E+03 -.2940E+03   .9998824 -.0074679 -.0133927
T  645  2 .4674680E+07   7200128E-02  .1155E+03  .1560E+03   .9999876  .0018327  .0046408
T  646  2 .4646685E+07   7200147E-02 -.1103E+03 -.4026E+03   .9999677 -.0033209 -.0073211
T  647  2 .4617703E+07   7200140E-02  .2223E+02  .3232E+03   .9999666 -.0016090  .0080080
T  648  2 .4661749E+07   7200192E-02 -.1720E+03 -.1279E+03   .9999576 -.0042727 -.0081523
T  649  2 .4671746E+07   7200102E-02 -.1149E+04  .5936E+03   .9987624 -.0468081  .0168153
T  650  2 .4649700E+07   7200108E-02  .1846E+03  .2580E+03   .9999780  .0054302  .0038021
T  651  2 .4642231E+07   7200185E-02 -.2894E+03 -.8070E+02   .9999687 -.0076875  .0018542
T  652  2 .4654058E+07   7200021E-02 -.2868E+02  .9386E+02   .9999974  .0015966  .0016287
T  653  2 .4658333E+07   7200066E-02 -.1986E+01 -.6356E+03   .9999357 -.0043076 -.0104865
T  654  2 .4648208E+07   7200054E-02  .1958E+03 -.5588E+02   .9999916  .0039365  .0011393
T  655  2 .4644137E+07   7200079E-02 -.1918E+03  .9861E+02   .9999845 -.0038828 -.0039817
T  656  2 .4660177E+07   7200190E-02  .6003E+02  .3910E+02   .9999589  .0044013  .0079305
T  657  2 .4614520E+07   7200132E-02  .1466E+03 -.1531E+03   .9999826  .0051070 -.0029591
T  658  2 .4685987E+07   7200128E-02  .4541E+03 -.9253E+02   .9999447  .0105126  .0002632
T  659  2 .4661567E+07   7200166E-02 -.9187E+02  .8957E+01   .9999940  .0033489 -.0009206
T  660  2 .4679372E+07   7200044E-02 -.2895E+03 -.6422E+03   .9999391  .0023308 -.0107880
T  661  2 .4632797E+07   7200196E-02  .3598E+02  .2843E+03   .9999443 -.0009073  .0105163
T  662  2 .4661146E+07   7200217E-02 -.8184E+02  .2838E+03   .9999646 -.0001089  .0084140
T  663  2 .4642529E+07   7200184E-02  .1286E+03  .1726E+03   .9999749  .0035181  .0061424
T  664  2 .4685018E+07   7200002E-02  .2412E+03 -.1723E+03   .9999625  .0066788 -.0055054
T  665  2 .4636126E+07   7200145E-02 -.1809E+03 -.7977E+02   .9999896 -.0026529 -.0037225
T  666  2 .4675249E+07   7200025E-02 -.6048E+02  .2270E+03   .9999981  .0001082  .0019271
T  667  2 .4622168E+07   7200196E-02  .1706E+03  .3307E+01   .9999990  .0014161 -.0001975
T  668  2 .4666448E+07   7200001E-02 -.2816E+03 -.9822E+00   .9999958 -.0028331  .0006098
T  669  2 .4649215E+07   7200215E-02 -.1983E+04 -.7217E+03   .9994305 -.0306089 -.0142043
T  670  2 .4661686E+07   7200179E-02  .2510E+03  .7291E+01   .9999857  .0019212 -.0049867
T  671  2 .4674835E+07   7200001E-02  .5983E+00 -.6748E+02   .9999600  .0052119 -.0072714
T  672  2 .4649287E+07   7200042E-02  .1429E+03  .2955E+03   .9999780  .0065025 -.0013124
T  673  2 .4664360E+07   7200197E-02 -.8111E+02 -.8908E+02   .9999859  .0025049 -.0046796
T  674  2 .4662997E+07   7200061E-02 -.2337E+03  .1945E+02   .9999885 -.0047646 -.0004490
T  675  2 .4635460E+07   7200014E-02 -.7637E+02  .4522E+02   .9999894 -.0011374  .0044565
T  676  2 .4671934E+07   7200162E-02  .1704E+03  .3671E+02   .9999669  .0019595 -.0078973
T  677  2 .4675460E+07   7200016E-02  .9981E+02  .6358E+02   .9999919  .0038699 -.0010747
T  678  2 .4622717E+07   7200044E-02 -.3962E+03  .3738E+01   .9999490 -.0100983 -.0001130
T  679  2 .4602345E+07   7200058E-02  .1155E+03  .2336E+03   .9999260  .0074632  .0096099
T  680  2 .4657937E+07   7200059E-02  .6089E+03 -.2578E+03   .9998512  .0159772 -.0065007
T  681  2 .4657044E+07   7200216E-02 -.4807E+02 -.1054E+03   .9999982  .0011280  .0015393
T  682  2 .4650172E+07   7200141E-02  .6646E+02 -.2047E+03   .9982691  .0195418  .0554694
T  683  2 .4671563E+07   7200192E-02  .2449E+03 -.2747E+02   .9999713  .0055979 -.0051128
T  684  2 .4615425E+07   7200041E-02  .2858E+02  .2034E+03   .9999923 -.0015419  .0036085
T  685  2 .4612873E+07   7200159E-02  .3614E+03 -.7879E+02   .9999355  .0101085 -.0051857
T  686  2 .4647971E+07   7200037E-02 -.1633E+02  .2516E+03   .9999968  .0005047  .0024713
T  687  2 .4660797E+07   7200198E-02 -.9655E+02 -.6588E+02   .9999990 -.0013642 -.0003351
T  688  2 .4671316E+07   7200007E-02 -.8581E+02 -.4358E+01   .9999760 -.0062079 -.0030808
T  689  2 .4651039E+07   7200006E-02  .1468E+02  .4926E+02   .9999999 -.0001344 -.0003415
T  690  2 .4634159E+07   7200170E-02  .7994E+02  .1193E+04   .9997089  .0007114  .0241171
T  691  2 .4642495E+07   7200144E-02  .4386E+03  .4923E+03   .9997722  .0167758  .0131969
T  692  2 .4629086E+07   7200111E-02 -.2974E+03  .2819E+03   .9998902 -.0084282  .0121920
T  693  2 .4673143E+07   7200106E-02  .3532E+03  .2136E+03   .9999930 -.0033715 -.0016514
T  694  2 .4623017E+07   7200115E-02  .3540E+03 -.2753E+03   .9998719  .0029732  .0157250
T  695  2 .4670422E+07   7200204E-02 -.1008E+03 -.2985E+03   .9999948 -.0018682 -.0026292
T  696  2 .4631717E+07   7200038E-02  .9262E+02  .5990E+02   .9999924 -.0023966  .0030652
T  697  2 .4651525E+07   7200069E-02 -.5439E+03  .1291E+03   .9999676 -.0051281  .0062009
T  698  2 .4646430E+07   7200036E-02 -.3125E+03  .2721E+03   .9999743 -.0069379  .0017981
T  699  2 .4634976E+07   7200112E-02 -.1891E+03  .1107E+03   .9999837 -.0047596  .0031585
T  700  2 .4622530E+07   7200059E-02  .2902E+03  .4718E+03   .9999303  .0052534  .0105736
T  701  2 .4627916E+07   7200086E-02 -.3208E+02  .1751E+03   .9999943  .0026614  .0020643
T  702  2 .4630808E+07   7200133E-02  .2601E+03  .1945E+03   .9999340  .0077418  .0084899
T  703  2 .4644364E+07   7200169E-02 -.1833E+03  .1775E+03   .9999670 -.0051064  .0063246
T  704  2 .4625368E+07   7200200E-02 -.1297E+03  .9397E+02   .9999389 -.0110567  .0000774
T  705  2 .4656765E+07   7200024E-02 -.8403E+02  .9664E+03   .9996769  .0022628  .0253182
T  706  2 .4622249E+07   7200004E-02 -.3108E+03 -.2243E+02   .9999652 -.0081912 -.0016044
T  707  2 .4643115E+07   7200047E-02  .6336E+02  .6366E+02   .9999918  .0040379 -.0002135
T  708  2 .4635131E+07   7200073E-02  .8725E+01  .7494E+03   .9999063  .0041320  .0130531
T  709  2 .4672365E+07   7200034E-02  .1627E+03 -.1017E+03   .9999747  .0069265 -.0016318
T  710  2 .4645073E+07   7200149E-02  .3322E+03 -.1259E+03   .9999821  .0059806  .0001656
T  711  2 .4637348E+07   7200021E-02  .4165E+03 -.3591E+03   .9999164  .0097509 -.0084915
T  712  2 .4624694E+07   7200139E-02 -.1593E+03 -.4025E+03   .9999052 -.0064134 -.0121821
T  713  2 .4614113E+07   7200038E-02 -.1849E+02  .3822E+03   .9998627 -.0024212  .0163949
T  714  2 .4620973E+07   7200001E-02 -.3833E+03  .2592E+02   .9999429 -.0106752  .0004179
T  715  2 .4621630E+07   7200053E-02  .1445E+03 -.1677E+03   .9999937  .0031035 -.0016944
T  716  2 .4614573E+07   7200210E-02  .5612E+02 -.4284E+02   .9999604  .0045626 -.0076349
T  717  2 .4608390E+07   7200200E-02 -.1061E+03  .3645E+03   .9999387 -.0014806  .0109766
T  718  2 .4648240E+07   7200106E-02 -.4012E+03 -.1449E+03   .9999557 -.0084329 -.0041898
T  719  2 .4667661E+07   7200018E-02 -.4685E+03  .4116E+03   .9996736 -.0162167  .0197413
T  720  2 .4680710E+07   7200089E-02 -.5132E+03  .1757E+03   .9999581 -.0055210  .0072987
T  721  2 .4632212E+07   7200016E-02 -.4653E+03  .1027E+03   .9999632 -.0085748  .0000822
T  722  2 .4673229E+07   7200185E-02 -.1933E+03  .1199E+03   .9999628 -.0086215  .0000887
T  723  2 .4641481E+07   7200159E-02  .9840E+02  .1596E+03   .9999785  .0021630  .0061921
T  724  2 .4629934E+07   7200054E-02 -.4200E+03  .1037E+04   .9996154 -.0102691  .0257608
T  725  2 .4606267E+07   7200137E-02 -.6300E+01 -.1276E+03   .9999674 -.0054359 -.0059656
T  726  2 .4647288E+07   7200184E-02 -.8883E+02 -.5227E+02   .9999940  .0014165 -.0031519
T  727  2 .4688032E+07   7200007E-02  .9170E+02  .1837E+03   .9999698  .0067103  .0039088
T  728  2 .4631697E+07   7200087E-02  .7066E+01  .4405E+02   .9999942  .0022358  .0025686
T  729  2 .4613776E+07   7200208E-02 -.1556E+03  .6195E+03   .9999404 -.0032589  .0104163
T  730  2 .4636399E+07   7200181E-02 -.1342E+02  .3559E+03   .9999860  .0017002  .0050141
T  731  2 .4670792E+07   7200098E-02  .3643E+03 -.1450E+03   .9999565  .0082310 -.0043951
T  732  2 .4618248E+07   7200149E-02 -.7889E+02  .1854E+03   .9999261 -.0021875  .0119593
T  733  2 .4640055E+07   7200039E-02  .1266E+03 -.4639E+03   .9998608  .0076347 -.0148337
T  734  2 .4658676E+07   7200210E-02 -.1921E+03  .2372E+03   .9999802 -.0032402  .0053881
T  735  2 .4689024E+07   7200122E-02  .6854E+03 -.8117E+03   .9991074  .0318073 -.0277959
T  736  2 .4656884E+07   7200079E-02 -.1648E+03  .2842E+03   .9999329 -.0047611  .0105629
T  737  2 .4627770E+07   7200047E-02  .4524E+03 -.5171E+02   .9999513  .0097768 -.0013129
T  738  2 .4642680E+07   7200071E-02  .3183E+03 -.2712E+03   .9996873  .0234334 -.0087312
T  739  2 .4621837E+07   7200001E-02 -.7839E+03 -.8507E+02   .9999232 -.0123927  .0002477
T  740  2 .4655745E+07   7200007E-02  .8628E+03 -.2238E+03   .9998238  .0170091 -.0079470
T  741  2 .4671272E+07   7200132E-02  .8648E+03 -.1331E+03   .9999118  .0132144  .0013515
T  742  2 .4649434E+07   7200095E-02 -.1706E+02  .4659E+02   .9999569 -.0092840  .0001050
T  743  2 .4651686E+07   7200201E-02 -.2680E+03  .1836E+03   .9999968 -.0021371  .0013901
T  744  2 .4679374E+07   7200157E-02  .1964E+03 -.1714E+03   .9999561 -.0004287 -.0093644
T  745  2 .4624658E+07   7200058E-02  .2419E+03 -.2274E+03   .9999561  .0061901 -.0070325
T  746  2 .4639878E+07   7200092E-02  .1148E+03 -.1562E+03   .9999571  .0091268 -.0015790
T  747  2 .4649718E+07   7200038E-02  .1789E+03 -.3220E+03   .9999506  .0052732 -.0084243
T  748  2 .4627860E+07   7200098E-02  .3649E+03 -.2683E+03   .9997674  .0209762 -.0050100
T  749  2 .4661062E+07   7200202E-02 -.1394E+03 -.1717E+03   .9997462 -.0163250 -.0155237
T  750  2 .4624947E+07   7200122E-02 -.1633E+03  .2518E+03   .9999657 -.0076892  .0030812
T  751  2 .4660549E+07   7200180E-02  .1847E+03 -.4189E+03   .9999770  .0024651 -.0063206
T  752  2 .4649136E+07   7200097E-02 -.3839E+03  .2046E+03   .9999735 -.0072574  .0004827
T  753  2 .4635571E+07   7200213E-02  .4901E+02 -.2582E+01   .9999977  .0010912  .0018546
T  754  2 .4677945E+07   7200199E-02 -.9469E+01  .3577E+03   .9999737 -.0017879  .0070275
T  755  2 .4632758E+07   7200066E-02  .8317E+02  .1888E+02   .9999849  .0021211  .0050767
T  756  2 .4655687E+07   7200118E-02 -.1053E+03 -.2083E+03   .9999351  .0096441 -.0060602
T  757  2 .4648482E+07   7200062E-02  .1818E+02  .1973E+03   .9999865  .0012842  .0050382
T  758  2 .4631518E+07   7200150E-02 -.2865E+03  .7705E+02   .9999668 -.0065949  .0047914
T  759  2 .4662826E+07   7200169E-02 -.1221E+03  .1149E+03   .9999969 -.0021492 -.0012278
T  760  2 .4651028E+07   7200209E-02 -.1107E+03 -.1056E+03   .9999745 -.0029711 -.0064903
T  761  2 .4621434E+07   7200115E-02  .7180E+02 -.1067E+03   .9999754  .0037717 -.0059153
T  762  2 .4629348E+07   7200168E-02  .1294E+03  .4859E+03   .9999634  .0079924  .0030629
T  763  2 .4638039E+07   7200008E-02 -.2165E+03  .6275E+03   .9999308 -.0046462  .0108041
T  764  2 .4647952E+07   7200155E-02 -.3245E+03  .6019E+03   .9999101 -.0043872  .0126693
T  765  2 .4645730E+07   7200063E-02 -.2965E+03 -.5706E+02   .9999639 -.0078728  .0031883
T  766  2 .4649266E+07   7200092E-02 -.1430E+02  .7137E+02   .9999994 -.0010363 -.0001960
T  767  2 .4661902E+07   7200110E-02 -.4555E+02 -.2460E+03   .9999957  .0004711 -.0028921
T  768  2 .4665143E+07   7200130E-02 -.5378E+02 -.2004E+02   .9999961  .0013016 -.0024599
T  769  2 .4640881E+07   7200003E-02  .1859E+03  .1668E+03   .9999436  .0075646  .0074557
T  770  2 .4628036E+07   7200152E-02 -.1623E+03 -.6934E+02   .9999717 -.0075033  .0006203
T  771  2 .4653380E+07   7200122E-02  .2400E+03  .5605E+03   .9999504  .0058974  .0080230
T  772  2 .4628461E+07   7200218E-02  .1421E+03  .1462E+03   .9999591  .0025439  .0086845
T  773  2 .4664720E+07   7200137E-02 -.4633E+02 -.2408E+03   .9999992 -.0005524 -.0011768
T  774  2 .4646704E+07   7200193E-02  .3641E+03  .4114E+02   .9996362  .0050553  .0264923
T  775  2 .4654153E+07   7200045E-02  .1099E+03  .2238E+02   .9999822  .0047517  .0036097
T  776  2 .4675654E+07   7200159E-02 -.1753E+03  .2395E+03   .9999719 -.0000924  .0074910
T  777  2 .4637738E+07   7200006E-02 -.5753E+02 -.4981E+02   .9999891 -.0044276 -.0014527
T  778  2 .4661420E+07   7200148E-02  .1273E+03 -.2048E+02   .9999652  .0038460 -.0074036
T  779  2 .4637218E+07   7200058E-02  .2956E+03  .3633E+02   .9999571  .0053186  .0075894
T  780  2 .4588963E+07   7200061E-02  .4934E+02 -.6667E+02   .9999991  .0006420  .0012016
T  781  2 .4685765E+07   7200157E-02 -.1273E+03 -.1280E+03   .9999867 -.0000783 -.0051566
T  782  2 .4675698E+07   7200043E-02  .6546E+02  .2078E+03   .9999997 -.0007462 -.0000313
T  783  2 .4614882E+07   7200180E-02 -.2763E+03 -.2064E+03   .9999470 -.0052819 -.0088357
T  784  2 .4656768E+07   7200022E-02  .2032E+03  .2630E+03   .9999946  .0010144  .0031287
T  785  2 .4642344E+07   7200097E-02  .1104E+03  .2501E+03   .9999904  .0034951  .0026254
T  786  2 .4637970E+07   7200173E-02  .2110E+03 -.5986E+03   .9999313  .0030716 -.0113094
T  787  2 .4647568E+07   7200160E-02  .2141E+03  .3585E+03   .9999730  .0030642  .0066849
T  788  2 .4665578E+07   7200023E-02 -.1189E+03 -.1508E+03   .9999777 -.0020634 -.0063476
T  789  2 .4672916E+07   7200108E-02 -.9676E+01 -.1964E+03   .9999921  .0019332 -.0034868
T  790  2 .4646853E+07   7200189E-02  .1819E+03  .4445E+03   .9999873  .0015046  .0048044
T  791  2 .4646046E+07   7200202E-02  .1165E+03  .8994E+02   .9999761  .0069028  .0004750
T  792  2 .4645892E+07   7200021E-02  .3078E+03 -.5779E+03   .9997828  .0127943 -.0164528
T  793  2 .4659156E+07   7200141E-02  .8722E+02 -.1732E+03   .9999594  .0056159 -.0070527
T  794  2 .4664903E+07   7200117E-02  .3604E+01 -.2594E+03   .9999373  .0011203 -.0111437
T  795  2 .4625391E+07   7200205E-02 -.7113E+02 -.1649E+03   .9997453 -.0074265 -.0213116
T  796  2 .4639534E+07   7200004E-02 -.1515E+04 -.8614E+03   .9993983 -.0179754 -.0296624
T  797  2 .4638883E+07   7200009E-02  .1506E+03 -.1562E+03   .9999577  .0045725 -.0079866
T  798  2 .4644266E+07   7200023E-02 -.2894E+03 -.4418E+01   .9999470 -.0093239 -.0043749
T  799  2 .4653317E+07   7200209E-02  .9660E+01  .3632E+03   .9998699  .0046767  .0154345
T  800  2 .4678677E+07   7200202E-02  .1535E+03  .3287E+03   .9999729  .0036929  .0063692
T  801  2 .4668472E+07   7200124E-02 -.2156E+04  .1312E+03   .9994623 -.0327732 -.0010351
T  802  2 .4651138E+07   7200004E-02 -.9383E-01 -.5158E+03   .9999482 -.0014971 -.0100638
T  803  2 .4667756E+07   7200144E-02  .2172E+03  .1688E+03   .9999542  .0095516 -.0005985
T  804  2 .4642492E+07   7200130E-02  .2976E+02 -.2075E+02   .9999615 -.0029440  .0082672
T  805  2 .4630950E+07   7200215E-02  .8774E+03 -.3405E+03   .9999669  .0074269 -.0033093
T  806  2 .4648481E+07   7200167E-02  .9210E+03 -.2109E+03   .9995875  .0284970 -.0035711
T  807  2 .4666423E+07   7200218E-02  .2826E+03  .1128E+02   .9996233  .0271412  .0040723
T  808  2 .4640081E+07   7200126E-02  .4828E+02 -.8846E+02   .9999826  .0047226  .0035478
T  809  2 .4655861E+07   7200183E-02 -.1169E+03 -.1047E+03   .9999811 -.0059878  .0013965
T  810  2 .4626230E+07   7200047E-02 -.1394E+03  .3117E+03   .9999476 -.0064572  .0079384
T  811  2 .4644411E+07   7200094E-02 -.6241E+03 -.1278E+04   .9995570 -.0121824 -.0271533
T  812  2 .4661439E+07   7200201E-02  .1355E+03 -.2027E+02   .9999741  .0059575 -.0040273
T  813  2 .4665927E+07   7200062E-02  .4106E+02  .7597E+02   .9999928  .0037377 -.0006371
T  814  2 .4656157E+07   7200117E-02 -.4242E+03 -.2165E+03   .9999406 -.0080716 -.0073299
T  815  2 .4648932E+07   7200104E-02 -.1185E+03  .6319E+01   .9999994 -.0006550 -.0008783
T  816  2 .4652429E+07   7200165E-02 -.1560E+03  .8071E+02   .9999920 -.0034428  .0020241
T  817  2 .4600254E+07   7200075E-02 -.2652E+03  .4048E+03   .9999257 -.0044676  .0113416
T  818  2 .4614149E+07   7200026E-02  .5500E+03  .5827E+02   .9994866  .0163859  .0275328
T  819  2 .4631808E+07   7200118E-02  .1029E+02  .1208E+03   .9999767  .0018402  .0065766
T  820  2 .4667930E+07   7200096E-02  .2056E+03  .1883E+03   .9999841  .0042727  .0036759
T  821  2 .4633510E+07   7200138E-02  .7190E+02 -.2139E+03   .9999817 -.0016675 -.0058147
T  822  2 .4655800E+07   7200094E-02 -.1670E+03  .3798E+02   .9999675 -.0060184  .0053736
T  823  2 .4648652E+07   7200181E-02 -.5870E+02  .1094E+03   .9999845 -.0052374 -.0019037
T  824  2 .4654898E+07   7200076E-02  .2966E+02  .9983E+02   .9999958 -.0021868 -.0018889
T  825  2 .4627366E+07   7200152E-02 -.1723E+03 -.3073E+02   .9999952 -.0006404 -.0030256
T  826  2 .4622874E+07   7200213E-02 -.5923E+02  .1112E+03   .9999999  .0001837  .0002896
T  827  2 .4615672E+07   7200144E-02  .1100E+03  .1286E+03   .9999796  .0048272  .0041760
T  828  2 .4660577E+07   7200129E-02 -.1239E+03 -.6699E+03   .9998462 -.0074449 -.0158799
T  829  2 .4660271E+07   7200111E-02 -.7659E+02  .2273E+03   .9999810 -.0035317  .0050526
T  830  2 .4660288E+07   7200199E-02 -.1585E+03 -.1636E+03   .9998991 -.0093647 -.0106841
T  831  2 .4631123E+07   7200087E-02 -.2236E+03  .2484E+03   .9999952 -.0028876  .0011066
T  832  2 .4668101E+07   7200056E-02  .5140E+02  .1929E+03   .9999959  .0028036  .0006514
T  833  2 .4651514E+07   7200122E-02  .3877E+02 -.1551E+03   .9999875 -.0016019 -.0047398
T  834  2 .4656470E+07   7200155E-02 -.5662E+02  .1154E+03   .9999660 -.0007157  .0082135
T  835  2 .4647298E+07   7200119E-02 -.1069E+03  .2495E+03   .9999930 -.0036831  .0006685
T  836  2 .4641116E+07   7200062E-02  .2011E+03  .3328E+02   .9999862 -.0036557 -.0037760
T  837  2 .4672246E+07   7200141E-02 -.4727E+03 -.2447E+03   .9999090 -.0075691 -.0111684
T  838  2 .4650781E+07   7200105E-02 -.3441E+03  .1739E+02   .9999457 -.0103384 -.0013413
T  839  2 .4650487E+07   7200171E-02  .5170E+02 -.4512E+02   .9999842  .0056140 -.0001009
T  840  2 .4642379E+07   7200007E-02 -.1249E+02  .1953E+02   .9999993 -.0010207  .0005743
T  841  2 .4619494E+07   7200009E-02  .2089E+01  .1274E+03   .9999925  .0019802  .0033412
T  842  2 .4650478E+07   7200213E-02 -.2324E+03  .9698E+02   .9999800 -.0056373  .0028535
T  843  2 .4651757E+07   7200048E-02 -.6526E+03  .2303E+03   .9997003 -.0239633  .0050142
T  844  2 .4659937E+07   7200160E-02 -.9657E+02 -.2270E+03   .9999565 -.0043479 -.0082550
T  845  2 .4656454E+07   7200170E-02 -.6403E+02 -.2278E+03   .9999978  .0008413 -.0019203
T  846  2 .4656521E+07   7200141E-02 -.7138E+02 -.2026E+03   .9999034 -.0022266 -.0137171
T  847  2 .4677453E+07   7200087E-02 -.4033E+03  .2456E+03   .9999140 -.0100318  .0084445
T  848  2 .4651032E+07   7200198E-02  .1659E+03  .1528E+03   .9999731  .0072645  .0010199
T  849  2 .4615581E+07   7200039E-02 -.7401E+02  .1436E+02   .9999789 -.0064581  .0007351
T  850  2 .4650217E+07   7200010E-02 -.5138E+03 -.3995E+03   .9998572 -.0149857 -.0078075
T  851  2 .4637497E+07   7200141E-02 -.6319E+02 -.1931E+02   .9999739 -.0070229  .0017090
T  852  2 .4615284E+07   7200038E-02 -.1374E+03  .9694E+02   .9999965 -.0026036 -.0004205
T  853  2 .4629827E+07   7200005E-02  .5924E+01  .5702E+02   .9999986  .0011928 -.0011717
T  854  2 .4639679E+07   7200020E-02  .1027E+03  .1124E+02   .9999704  .0022656 -.0073546
T  855  2 .4649879E+07   7200025E-02  .2164E+03  .2147E+03   .9999880  .0043721  .0021993
T  856  2 .4637200E+07   7200159E-02  .2138E+03  .3028E+03   .9994989  .0195316  .0249103
T  857  2 .4642341E+07   7200176E-02 -.1297E+03 -.6516E+02   .9999774 -.0061415 -.0027482
T  858  2 .4624007E+07   7200144E-02 -.4172E+02 -.6440E+02   .9999786 -.0065306 -.0004263
T  859  2 .4643045E+07   7200109E-02  .2339E+03  .1004E+03   .9999750 -.0068395 -.0018012
T  860  2 .4669090E+07   7200010E-02 -.1167E+03  .5144E+02   .9999657 -.0015006  .0081419
T  861  2 .4662006E+07   7200098E-02 -.3346E+02 -.8859E+02   .9999863  .0044534 -.0027405
T  862  2 .4637610E+07   7200014E-02  .3878E+02  .3236E+03   .9999803 -.0030811  .0054720
T  863  2 .4619505E+07   7200193E-02  .2264E+02 -.4442E+03   .9999637  .0011835 -.0084420
T  864  2 .4654731E+07   7200041E-02  .6843E+02 -.9644E+00   .9999823  .0014461 -.0057704
T  865  2 .4664777E+07   7200176E-02 -.2964E+03  .1640E+03   .9999956 -.0026706  .0012774
T  866  2 .4681930E+07   7200015E-02 -.7166E+02 -.1242E+03   .9999822 -.0025428 -.0053928
T  867  2 .4626317E+07   7200139E-02  .1407E+03 -.1732E+03   .9998651  .0091104 -.0136653
T  868  2 .4647877E+07   7200189E-02  .3510E+02 -.9074E+02   .9999805  .0044928 -.0043292
T  869  2 .4643695E+07   7200137E-02  .6358E+03  .2043E+03   .9998855  .0120445  .0091558
T  870  2 .4648900E+07   7200153E-02 -.6968E+02 -.3271E+03   .9987178  .0108294 -.0494525
T  871  2 .4638502E+07   7200207E-02  .7247E+02 -.9247E+02   .9999755  .0033494 -.0061423
T  872  2 .4659321E+07   7200202E-02  .2712E+03 -.1383E+03   .9999575  .0044518 -.0080731
T  873  2 .4654327E+07   7200059E-02  .3652E+02 -.5574E+02   .9999991 -.0008369 -.0010055
T  874  2 .4651115E+07   7200187E-02 -.7454E+03 -.9478E+03   .9998130 -.0096439 -.0167595
T  875  2 .4655246E+07   7200183E-02 -.1188E+03 -.4242E+03   .9999533 -.0051776 -.0081647
T  876  2 .4643914E+07   7200131E-02  .6954E+03 -.3255E+03   .9998901  .0141226 -.0045079
T  877  2 .4643031E+07   7200200E-02  .2781E+03 -.1625E+03   .9999621  .0080304 -.0033562
T  878  2 .4675534E+07   7200200E-02 -.3040E+02 -.2875E+03   .9999045 -.0060312 -.0124333
T  879  2 .4635589E+07   7200002E-02  .1976E+03  .1912E+03   .9999938  .0033753  .0009644
T  880  2 .4669111E+07   7200114E-02 -.3989E+03  .1184E+03   .9999407 -.0100754  .0041375
T  881  2 .4687660E+07   7200139E-02  .1969E+03 -.3354E+03   .9999539  .0077133 -.0057102
T  882  2 .4643774E+07   7200146E-02 -.8212E+02  .1272E+03   .9999925 -.0001541  .0038794
T  883  2 .4670927E+07   7200107E-02  .1660E+03  .8661E+02   .9998994  .0141152 -.0013992
T  884  2 .4631203E+07   7200200E-02  .3829E+03  .1142E+01   .9999456  .0103242 -.0015046
T  885  2 .4665164E+07   7200076E-02 -.2702E+03  .3911E+03   .9999054 -.0043861  .0130367
T  886  2 .4668338E+07   7200012E-02 -.3378E+03  .7603E+03   .9999507 -.0047875  .0087003
T  887  2 .4677043E+07   7200030E-02  .1199E+03  .1572E+03   .9999951  .0006154  .0030756
T  888  2 .4629873E+07   7200066E-02  .1146E+03 -.3310E+03   .9998944  .0066829 -.0129008
T  889  2 .4660355E+07   7200139E-02  .2153E+03 -.2181E+03   .9999908  .0000718 -.0042909
T  890  2 .4660764E+07   7200016E-02  .1370E+03  .6076E+02   .9999995  .0001615  .0009943
T  891  2 .4653021E+07   7200132E-02  .1209E+03  .7008E+01   .9999904  .0005469 -.0043522
T  892  2 .4678439E+07   7200161E-02 -.3031E+03 -.4403E+03   .9999113 -.0051630 -.0122794
T  893  2 .4632678E+07   7200213E-02 -.8393E+02 -.1667E+02   .9999867 -.0005111 -.0051288
T  894  2 .4647136E+07   7200212E-02 -.1988E+03 -.8687E+02   .9999785 -.0055170  .0035303
T  895  2 .4616332E+07   7200195E-02 -.7822E+02 -.1614E+03   .9999832 -.0006579 -.0057601
T  896  2 .4652882E+07   7200208E-02  .1907E+03 -.2899E+03   .9999666  .0041684 -.0070325
T  897  2 .4678384E+07   7200188E-02  .3245E+02  .5527E+02   .9999936 -.0022649  .0027757
T  898  2 .4650602E+07   7200023E-02  .9172E+02 -.1190E+03   .9999908  .0041739 -.0009656
T  899  2 .4661532E+07   7200208E-02 -.3382E+01 -.1054E+03   .9999993 -.0006053 -.0010276
T  900  2 .4687664E+07   7200002E-02  .1906E+03  .1779E+03   .9999668  .0016327  .0079836
T  901  2 .4659038E+07   7200013E-02  .4556E+03  .4230E+02   .9999729  .0066739  .0031154
T  902  2 .4668725E+07   7200113E-02 -.4615E+02  .7197E+02   .9999649 -.0012333  .0082814
T  903  2 .4654776E+07   7200023E-02 -.2100E+03 -.4091E+03   .9999557 -.0046210 -.0082017
T  904  2 .4648613E+07   7200113E-02  .2365E+03  .1855E+03   .9999534  .0081310  .0052053
T  905  2 .4651656E+07   7200141E-02  .1502E+03  .3276E+03   .9999498  .0066844  .0074591
T  906  2 .4633792E+07   7200056E-02  .2851E+03 -.5304E+02   .9998257 -.0174350  .0066702
T  907  2 .4639830E+07   7200127E-02 -.4335E+02 -.3511E+02   .9999992 -.0006039 -.0010685
T  908  2 .4651438E+07   7200206E-02  .2300E+03 -.1606E+03   .9999627  .0040987  .0076002
T  909  2 .4618374E+07   7200138E-02 -.5625E+03  .1138E+03   .9998421 -.0177709  .0000060
T  910  2 .4611119E+07   7200041E-02  .1127E+02 -.7884E+02   .9999953 -.0012322 -.0027993
T  911  2 .4627489E+07   7200035E-02 -.6526E+02  .5104E+03   .9999501 -.0003714  .0099848
T  912  2 .4646660E+07   7200113E-02  .1797E+03 -.2569E+03   .9999905  .0014003 -.0041305
T  913  2 .4643044E+07   7200140E-02 -.1250E+03  .3544E+02   .9999963 -.0026301 -.0006828
T  914  2 .4641086E+07   7200215E-02  .2127E+03  .1293E+03   .9999643  .0084370  .0004308
T  915  2 .4675381E+07   7200132E-02 -.4499E+03 -.4919E+02   .9999447 -.0080900 -.0067157
T  916  2 .4665937E+07   7200164E-02 -.1779E+03 -.2862E+03   .9999723 -.0033581 -.0066351
T  917  2 .4650953E+07   7200136E-02  .2501E+03 -.1792E+03   .9999957  .0006230 -.0028617
T  918  2 .4656603E+07   7200084E-02 -.3459E+03 -.4012E+02   .9999978 -.0013575 -.0016029
T  919  2 .4637108E+07   7200055E-02  .6084E+02 -.5755E+02   .9999964  .0026788 -.0001798
T  920  2 .4645471E+07   7200053E-02 -.2428E+03  .2359E+03   .9999625 -.0085158 -.0015773
T  921  2 .4609499E+07   7200001E-02  .3941E+03 -.5701E+02   .9998913  .0141869 -.0040151
T  922  2 .4657162E+07   7200186E-02 -.3039E+03  .1384E+03   .9998557 -.0088963  .0144701
T  923  2 .4643418E+07   7200143E-02 -.2918E+03 -.1418E+02   .9999904 -.0034887 -.0026379
T  924  2 .4651884E+07   7200188E-02  .2852E+03  .2417E+03   .9999195  .0110012  .0063207
T  925  2 .4637653E+07   7200144E-02  .1334E+03 -.1167E+04   .9995523 -.0040817 -.0296395
T  926  2 .4639499E+07   7200153E-02 -.9817E+02 -.2666E+03   .9999697  .0055629 -.0054425
T  927  2 .4625344E+07   7200214E-02  .7540E+02 -.1176E+03   .9999606  .0002641 -.0088708
T  928  2 .4622411E+07   7200135E-02  .2411E+03  .2950E+03   .9999670  .0023974  .0077586
T  929  2 .4650030E+07   7200007E-02  .4989E+02  .4366E+02   .9999931  .0007269 -.0036365
T  930  2 .4619962E+07   7200056E-02 -.6587E+02 -.1658E+03   .9999727  .0002419 -.0073895
T  931  2 .4614286E+07   7200160E-02 -.2463E+02 -.2061E+03   .9999790 -.0048373 -.0043213
T  932  2 .4613302E+07   7200040E-02 -.2183E+03  .3027E+03   .9999528  .0084378  .0048106
T  933  2 .4651648E+07   7200141E-02  .1127E+03  .1041E+03   .9999668  .0068712  .0043693
T  934  2 .4662643E+07   7200186E-02 -.5010E+03  .3304E+02   .9999077 -.0133455 -.0025668
T  935  2 .4647543E+07   7200074E-02  .3827E+02 -.1106E+03   .9999745 -.0003349 -.0071405
T  936  2 .4667847E+07   7200116E-02  .2564E+03 -.2561E+02   .9999940  .0033949 -.0007159
T  937  2 .4647822E+07   7200081E-02 -.1880E+04 -.1476E+04   .9992571 -.0296137 -.0246614
T  938  2 .4641720E+07   7200022E-02  .6864E+02 -.2586E+03   .9999909 -.0001627 -.0042660
T  939  2 .4666657E+07   7200168E-02  .8533E+02 -.6649E+01   .9999914  .0031727  .0026842
T  940  2 .4628985E+07   7200152E-02 -.1362E+03 -.1961E+03   .9999597 -.0089600  .0005562
T  941  2 .4632387E+07   7200118E-02 -.3949E+02 -.4961E+02   .9999936 -.0027279 -.0022972
T  942  2 .4622933E+07   7200208E-02 -.7594E+02 -.8803E+02   .9999988  .0002641  .0015464
T  943  2 .4651954E+07   7200166E-02 -.3429E+03 -.2669E+03   .9999269 -.0107445 -.0055428
T  944  2 .4670951E+07   7200005E-02 -.9033E+01  .3346E+03   .9999638 -.0002595  .0085007
T  945  2 .4648398E+07   7200159E-02 -.9575E+01 -.1081E+03   .9999635  .0029898 -.0080002
T  946  2 .4656849E+07   7200012E-02 -.1434E+03 -.8421E+02   .9999655 -.0053458 -.0063500
T  947  2 .4635186E+07   7200082E-02 -.1849E+03 -.9953E+02   .9999747 -.0066022 -.0026454
T  948  2 .4636288E+07   7200176E-02  .2555E+03  .6844E+03   .9998503  .0067904  .0159142
T  949  2 .4643740E+07   7200168E-02 -.8244E+02  .1801E+03   .9999878 -.0003315  .0049333
T  950  2 .4635485E+07   7200087E-02  .2549E+02  .7872E+02   .9999957  .0024655  .0016152
T  951  2 .4626985E+07   7200137E-02 -.5588E+03 -.5209E+03   .9998356 -.0163576 -.0078276
T  952  2 .4632893E+07   7200201E-02 -.2517E+03 -.1612E+02   .9999872 -.0031452  .0039570
T  953  2 .4634661E+07   7200203E-02  .5009E+03 -.2639E+03   .9996988  .0244663 -.0019346
T  954  2 .4662073E+07   7200113E-02 -.2928E+03 -.1807E+03   .9999674 -.0061575  .0052184
T  955  2 .4625226E+07   7200146E-02  .2144E+03 -.1401E+03   .9999472  .0099011 -.0027429
T  956  2 .4642740E+07   7200050E-02 -.2760E+02 -.5467E+02   .9999840 -.0019255 -.0053189
T  957  2 .4627098E+07   7200049E-02  .1073E+03  .6732E+02   .9999936  .0008018 -.0034737
T  958  2 .4653165E+07   7200160E-02 -.7440E+02  .1859E+03   .9999682 -.0055396 -.0057362
T  959  2 .4603535E+07   7200112E-02  .8178E+03 -.1872E+03   .9994377  .0332016 -.0046840
T  960  2 .4659818E+07   7200205E-02 -.2104E+03  .1508E+03   .9999391 -.0047857  .0099491
T  961  2 .4640828E+07   7200187E-02 -.7214E+02 -.3314E+03   .9999489 -.0047641 -.0089153
T  962  2 .4640799E+07   7200054E-02  .1930E+03  .1479E+03   .9999917  .0031918  .0025383
T  963  2 .4687914E+07   7200012E-02  .9182E+02  .5188E+02   .9999967  .0022802  .0011835
T  964  2 .4662641E+07   7200057E-02 -.2407E+02  .6652E+02   .9999857 -.0019812  .0049683
T  965  2 .4658706E+07   7200140E-02  .7441E+02  .3316E+03   .9999772  .0015524  .0065726
T  966  2 .4620231E+07   7200045E-02 -.1035E+04 -.6298E+03   .9989464 -.0349441 -.0297479
T  967  2 .4655642E+07   7200114E-02 -.1597E+04 -.2873E+04   .9983021 -.0322186 -.0485275
T  968  2 .4643461E+07   7200008E-02 -.2381E+03 -.1605E+03   .9999666 -.0062703 -.0052368
T  969  2 .4645877E+07   7200018E-02  .3032E+03  .4112E+03   .9998162  .0099525  .0163842
T  970  2 .4668885E+07   7200186E-02 -.3676E+02  .6739E+02   .9999991 -.0002439 -.0012972
T  971  2 .4650033E+07   7200003E-02  .1812E+03 -.2507E+03   .9999607  .0018766 -.0086608
T  972  2 .4615141E+07   7200175E-02  .2825E+03  .7915E+02   .9999429  .0106794  .0004909
T  973  2 .4616476E+07   7200154E-02 -.9637E+02  .2989E+03   .9999884 -.0029239  .0038195
T  974  2 .4619607E+07   7200146E-02 -.9910E+02  .1255E+03   .9999912 -.0004283  .0041811
T  975  2 .4640894E+07   7200159E-02 -.5984E+02 -.1074E+03   .9999663 -.0031029 -.0075951
T  976  2 .4654410E+07   7200210E-02 -.1758E+03  .6194E+03   .9999422  .0013633  .0106670
T  977  2 .4629224E+07   7200209E-02 -.3076E+03  .1071E+03   .9999518 -.0094369 -.0027267
T  978  2 .4643514E+07   7200167E-02  .3093E+02  .2270E+03   .9999209 -.0039542  .0119427
T  979  2 .4622572E+07   7200081E-02 -.4195E+03  .9229E+02   .9999823 -.0056378  .0019072
T  980  2 .4633122E+07   7200104E-02 -.1127E+02  .1477E+03   .9999633 -.0084548  .0013923
T  981  2 .4671080E+07   7200004E-02  .4022E+03  .3374E+03   .9999875  .0044538  .0022921
T  982  2 .4636996E+07   7200207E-02  .2738E+03  .3379E+03   .9999599 -.0008592  .0089170
T  983  2 .4663317E+07   7200181E-02  .3035E+03 -.6736E+03   .9998234  .0067542 -.0175387
T  984  2 .4648248E+07   7200013E-02  .1142E+03  .8953E+01   .9999949  .0029401  .0012564
T  985  2 .4678186E+07   7200211E-02 -.2039E+03  .1397E+01   .9999961 -.0018500  .0020897
T  986  2 .4652873E+07   7200095E-02 -.5073E+02  .1029E+03   .9999919 -.0028050 -.0028747
T  987  2 .4634717E+07   7200211E-02 -.3312E+03 -.9410E+03   .9993760 -.0088674 -.0341911
T  988  2 .4660101E+07   7200125E-02 -.2175E+02  .3203E+03   .9999622  .0045699  .0073983
T  989  2 .4666067E+07   7200104E-02 -.1254E+02 -.4095E+02   .9999825 -.0032433  .0049452
T  990  2 .4638388E+07   7200031E-02 -.4961E+03 -.4617E+03   .9999226 -.0058501 -.0109810
T  991  2 .4651882E+07   7200200E-02  .3026E+02  .1255E+03   .9999780  .0041532  .0051631
T  992  2 .4631172E+07   7200179E-02  .5974E+03  .4794E+03   .9998948  .0030019  .0141910
T  993  2 .4642274E+07   7200132E-02  .4311E+03 -.5763E+02   .9999260  .0104603 -.0062183
T  994  2 .4647737E+07   7200120E-02  .9632E+02  .2895E+02   .9999779  .0028623  .0059963
T  995  2 .4654963E+07   7200165E-02 -.2603E+02  .6224E+02   .9999943 -.0002838  .0033734
T  996  2 .4653534E+07   7200118E-02  .2827E+02 -.1492E+02   .9999962  .0022051 -.0016714
T  997  2 .4670248E+07   7200163E-02 -.2658E+03 -.1286E+03   .9999511 -.0089560 -.0041900
T  998  2 .4643285E+07   7200144E-02  .3856E+03 -.4010E+03   .9999290  .0095485 -.0071286
T  999  2 .4650787E+07   7200007E-02  .1398E+03 -.3234E+03   .9999593  .0085552 -.0028715
T 1000  2 .4631417E+07   7200210E-02 -.3341E+02  .3972E+03   .9999689 -.0026770  .0074237
