============================== SRIM-2008.04 ==============================
==============================================================================
=================  TRANSMIT.txt : File of Transmitted Ions  ==================
=  This file tabulates the kinetics of ions or atoms leaving the target.     =
=  Column #1: S= Sputtered Atom, B= Backscattered Ion, T= Transmitted Ion.   =
=  Col.#2: Ion Number, Col.#3: Z of atom leaving, Col.#4: Atom energy (eV).  =
=  Col.#5-7: Last location:  X= Depth into target, Y,Z= Transverse axes.     =
=  Col.#8-10: Cosines of final trajectory.                                   =
= *** This data file is in the same format as TRIM.DAT (see manual for uses).=
====== TRIM Calc.= He(5.48 MeV) ==> Mylar+Mylar+Mylar+Mylar+( 17.9 um) =======
 Ion  Atom   Energy        Depth       Lateral-Position        Atom Direction      
 Numb Numb    (eV)          X(A)        Y(A)       Z(A)      Cos(X)  Cos(Y) Cos(Z) 
T    1  2 .3121128E+07   1800005E-01  .9346E+02  .1272E+04   .9999223  .0073303  .0100842
T    2  2 .3112847E+07   1800016E-01  .7233E+03 -.6726E+03   .9999410 -.0018917 -.0106955
T    3  2 .3159120E+07   1800013E-01 -.7633E+03  .2784E+03   .9997595 -.0118460  .0184577
T    4  2 .3216116E+07   1800012E-01  .4049E+04  .2121E+04   .9989715  .0425278  .0157254
T    5  2 .3115025E+07   1800003E-01  .3758E+03 -.1160E+04   .9998256  .0048801 -.0180283
T    6  2 .3110197E+07   1800021E-01 -.1488E+04 -.1160E+04   .9998672 -.0126979 -.0102171
T    7  2 .3154648E+07   1800017E-01  .1583E+04 -.3753E+03   .9999575  .0067113 -.0063240
T    8  2 .3047394E+07   1800021E-01  .1169E+05 -.8746E+04   .9960027  .0775660 -.0442960
T    9  2 .3159397E+07   1800007E-01  .2357E+04  .1473E+03   .9995957  .0274651  .0073519
T   10  2 .3115979E+07   1800014E-01  .4513E+03 -.1375E+03   .9999383  .0096593  .0054927
T   11  2 .3166852E+07   1800008E-01 -.1075E+04  .5290E+03   .9997278 -.0201015  .0118403
T   12  2 .3167877E+07   1800012E-01 -.3197E+03  .2245E+04   .9997236  .0013411  .0234719
T   13  2 .3085909E+07   1800002E-01  .2842E+04 -.1867E+03   .9993764  .0306441 -.0175417
T   14  2 .3096350E+07   1800017E-01 -.9973E+02  .2021E+04   .9998110  .0063061  .0183902
T   15  2 .3246241E+07   1800019E-01 -.1976E+03 -.7830E+02   .9999904  .0033472 -.0028376
T   16  2 .3066167E+07   1800016E-01  .1938E+03 -.2061E+04   .9999301 -.0095368 -.0069844
T   17  2 .3176602E+07   1800011E-01  .8063E+03 -.1925E+03   .9997897 -.0002074 -.0205066
T   18  2 .3133800E+07   1800017E-01  .4534E+03  .8958E+03   .9999517 -.0063715  .0074773
T   19  2 .3152604E+07   1800021E-01 -.6742E+03 -.6741E+03   .9999924 -.0038987  .0002263
T   20  2 .3094234E+07   1800000E-01 -.7047E+03 -.3426E+03   .9999398 -.0041703 -.0101480
T   21  2 .3111424E+07   1800021E-01  .1230E+03  .2910E+03   .9999937  .0021104 -.0028681
T   22  2 .3133818E+07   1800011E-01  .6062E+02  .1304E+04   .9998077 -.0002267  .0196115
T   23  2 .3111304E+07   1800000E-01  .2566E+03  .9694E+02   .9999529 -.0093840 -.0024734
T   24  2 .3189032E+07   1800001E-01  .9678E+03  .3700E+03   .9999321  .0073044 -.0090789
T   25  2 .3127178E+07   1800017E-01  .1604E+04 -.2173E+04   .9996315  .0194411 -.0189463
T   26  2 .3100153E+07   1800018E-01 -.3710E+03 -.6269E+02   .9999397 -.0106695  .0025983
T   27  2 .3132668E+07   1800015E-01 -.1213E+04  .6367E+03   .9998921 -.0111490  .0095624
T   28  2 .3181752E+07   1800005E-01  .9073E+03 -.1170E+04   .9997051  .0141822 -.0197131
T   29  2 .3175828E+07   1800007E-01  .1090E+04 -.1203E+04   .9999763  .0066011  .0019769
T   30  2 .3123338E+07   1800017E-01  .6343E+03 -.1255E+03   .9999797  .0047136  .0042963
T   31  2 .3132547E+07   1800003E-01 -.1550E+04  .1362E+04   .9999765 -.0051812  .0044864
T   32  2 .3088586E+07   1800018E-01 -.9469E+02 -.5467E+03   .9999420 -.0056099 -.0091956
T   33  2 .3125260E+07   1800009E-01 -.1339E+04 -.9009E+02   .9998979 -.0122641  .0073392
T   34  2 .3122382E+07   1800020E-01 -.2106E+03 -.1729E+04   .9997607  .0047076 -.0213624
T   35  2 .3153501E+07   1800005E-01  .4053E+03 -.9718E+03   .9998957  .0031212 -.0141025
T   36  2 .3112260E+07   1800011E-01  .2495E+04 -.5608E+03   .9996495  .0262541  .0033957
T   37  2 .3189247E+07   1800004E-01  .3972E+03  .6557E+03   .9999780  .0020963 -.0062882
T   38  2 .3151776E+07   1800003E-01 -.9930E+03 -.5095E+03   .9999565 -.0072628 -.0058538
T   39  2 .3059329E+07   1800006E-01 -.3291E+03  .1171E+04   .9999474 -.0079984  .0064225
T   40  2 .3138403E+07   1800020E-01  .1368E+04  .2502E+04   .9989852  .0205288  .0400883
T   41  2 .3153982E+07   1800006E-01 -.7467E+02  .9034E+03   .9999753  .0037209  .0059679
T   42  2 .3138741E+07   1800012E-01 -.5679E+03  .5767E+03   .9998331 -.0182689  .0001013
T   43  2 .3194153E+07   1800007E-01 -.1366E+04  .3009E+03   .9999870 -.0051048  .0000188
T   44  2 .3114720E+07   1800021E-01 -.1296E+04  .3419E+04   .9995339 -.0101227  .0288027
T   45  2 .3126477E+07   1800006E-01  .6184E+03 -.1025E+04   .9984366  .0120513 -.0545812
T   46  2 .3139134E+07   1800008E-01  .2834E+02 -.1214E+04   .9998598 -.0006159 -.0167306
T   47  2 .3139961E+07   1800015E-01 -.1320E+02 -.5260E+03   .9999231  .0045839 -.0115243
T   48  2 .3228635E+07   1800014E-01 -.4014E+04  .1729E+04   .9997097 -.0232957 -.0061489
T   49  2 .3106495E+07   1800022E-01  .1115E+04 -.2177E+04   .9996920  .0089174 -.0231612
T   50  2 .3152918E+07   1800006E-01  .6146E+03 -.1193E+04   .9997630  .0080310 -.0202356
T   51  2 .3102073E+07   1800000E-01 -.7296E+03 -.5437E+03   .9997059 -.0070945 -.0231918
T   52  2 .3182372E+07   1800003E-01 -.1915E+04 -.2892E+03   .9996725 -.0254142 -.0030115
T   53  2 .3136861E+07   1800018E-01  .4544E+03  .7292E+03   .9999334  .0097885  .0061212
T   54  2 .3091937E+07   1800014E-01  .7722E+04  .8111E+04   .9935872  .0765087  .0832516
T   55  2 .3107344E+07   1800015E-01  .1692E+04 -.2501E+03   .9995578  .0295968  .0028739
T   56  2 .3103214E+07   1800008E-01  .3844E+03  .7268E+03   .9999983  .0017305  .0006353
T   57  2 .3139839E+07   1800005E-01  .3647E+03 -.1881E+04   .9999542  .0014094 -.0094635
T   58  2 .3110038E+07   1800017E-01  .4618E+03 -.7983E+03   .9999723 -.0066329  .0033749
T   59  2 .3173720E+07   1800001E-01 -.6981E+03 -.7576E+03   .9998563 -.0087377 -.0145279
T   60  2 .3149590E+07   1800010E-01 -.5841E+03  .2015E+03   .9999281  .0097318 -.0070058
T   61  2 .3124855E+07   1800009E-01 -.4340E+03  .1999E+03   .9999871 -.0027342  .0042834
T   62  2 .3145338E+07   1800015E-01 -.6300E+01  .1202E+04   .9998992  .0081863  .0115975
T   63  2 .3086565E+07   1800000E-01  .1126E+04  .4218E+03   .9999407  .0072596 -.0081201
T   64  2 .3139481E+07   1800004E-01  .2946E+03  .5491E+03   .9999725  .0019873 -.0071498
T   65  2 .3139478E+07   1800015E-01 -.2820E+03 -.1563E+04   .9998949 -.0047256 -.0137027
T   66  2 .3201547E+07   1800017E-01 -.2345E+03 -.1364E+04   .9998793  .0030714 -.0152329
T   67  2 .3140673E+07   1800011E-01  .1009E+04  .8565E+03   .9999081  .0126032  .0049868
T   68  2 .3145206E+07   1800012E-01  .6617E+03  .6443E+03   .9999950 -.0010269  .0029788
T   69  2 .3101981E+07   1800004E-01 -.1820E+04 -.1552E+04   .9998240 -.0174979 -.0067719
T   70  2 .3133986E+07   1800009E-01 -.1823E+02 -.6595E+03   .9998197  .0126008 -.0142043
T   71  2 .3194546E+07   1800008E-01 -.1580E+04  .1128E+04   .9996942 -.0186441  .0162458
T   72  2 .3133196E+07   1800000E-01 -.3178E+04 -.2116E+03   .9998064 -.0193490  .0035881
T   73  2 .3176547E+07   1800017E-01  .3341E+04 -.4528E+03   .9996439  .0253860 -.0082207
T   74  2 .3142860E+07   1800001E-01  .4717E+03 -.4582E+03   .9999970  .0024245  .0003407
T   75  2 .3100335E+07   1800010E-01  .2312E+04  .1813E+04   .9995761  .0172648  .0234418
T   76  2 .3098141E+07   1800003E-01 -.7110E+03  .1290E+04   .9997311 -.0180655  .0145416
T   77  2 .3113985E+07   1800012E-01 -.1101E+04  .3006E+02   .9999701 -.0042844 -.0064325
T   78  2 .3119049E+07   1800011E-01  .3277E+04 -.2552E+04   .9999738  .0064192  .0033450
T   79  2 .3144670E+07   1800018E-01 -.9660E+03  .4300E+04   .9987860  .0036808  .0491228
T   80  2 .3099963E+07   1800006E-01  .1027E+04 -.1689E+02   .9999563 -.0010414  .0092958
T   81  2 .3174631E+07   1800018E-01  .6366E+03  .1012E+04   .9999316 -.0085866  .0079433
T   82  2 .3104174E+07   1800014E-01 -.3086E+03  .2593E+04   .9933703 -.0015433  .1149484
T   83  2 .3188317E+07   1800008E-01 -.9550E+03  .1240E+04   .9996795 -.0128641  .0218060
T   84  2 .3084377E+07   1800020E-01 -.5160E+03  .5633E+02   .9999157 -.0113035  .0063874
T   85  2 .3057835E+07   1800004E-01 -.3845E+03 -.6282E+03   .9999435 -.0028831 -.0102360
T   86  2 .3155595E+07   1800017E-01 -.5517E+03  .1149E+04   .9996054 -.0279088 -.0031956
T   87  2 .3123768E+07   1800013E-01  .8380E+04 -.6340E+04   .9963123  .0714782 -.0474632
T   88  2 .3148033E+07   1800001E-01 -.5135E+03  .2269E+02   .9998588 -.0167633 -.0011879
T   89  2 .3156990E+07   1800010E-01  .2192E+04 -.1371E+04   .9996226  .0235599 -.0141262
T   90  2 .3137637E+07   1800003E-01  .2298E+03  .5371E+03   .9999854  .0053646 -.0007055
T   91  2 .3157585E+07   1800016E-01  .1259E+04  .3506E+03   .9996845  .0243871  .0060223
T   92  2 .3158653E+07   1800006E-01 -.5241E+02 -.1101E+04   .9999953 -.0028861 -.0010647
T   93  2 .3111476E+07   1800009E-01 -.6402E+03 -.1118E+04   .9999951 -.0026472 -.0016732
T   94  2 .3199424E+07   1800021E-01  .1015E+04 -.1629E+04   .9999161  .0021516 -.0127729
T   95  2 .3130085E+07   1800014E-01 -.9141E+03  .1497E+04   .9998136 -.0015977  .0192388
T   96  2 .3110597E+07   1800016E-01  .3279E+01 -.1169E+04   .9997732 -.0180817 -.0112542
T   97  2 .3072347E+07   1800001E-01  .5894E+03 -.1365E+04   .9998467 -.0019746 -.0173953
T   98  2 .3145162E+07   1800015E-01  .1734E+04  .2507E+03   .9996204  .0160498  .0223954
T   99  2 .3167358E+07   1800012E-01 -.7254E+03  .9866E+02   .9995682 -.0292511  .0027800
T  100  2 .3073455E+07   1800016E-01 -.1131E+03  .4444E+02   .9999813 -.0060690  .0007247
T  101  2 .3195975E+07   1800001E-01 -.5998E+03 -.1013E+04   .9997758 -.0077105 -.0197199
T  102  2 .3201330E+07   1800003E-01 -.2672E+04 -.4670E+03   .9992892 -.0376981 -.0000209
T  103  2 .3146004E+07   1800007E-01  .1443E+04 -.9660E+03   .9998500  .0156769 -.0073568
T  104  2 .3136659E+07   1800013E-01  .7021E+03 -.5189E+03   .9999706 -.0057435 -.0050738
T  105  2 .3122641E+07   1800016E-01  .1361E+04  .1418E+04   .9998683  .0142056 -.0078527
T  106  2 .3119060E+07   1800020E-01  .1311E+04  .1132E+04   .9995178  .0186837  .0247992
T  107  2 .3081134E+07   1800005E-01  .3854E+04  .3422E+02   .9996190  .0275786 -.0010891
T  108  2 .3152791E+07   1800015E-01 -.1714E+04 -.8130E+02   .9998997 -.0027298  .0138994
T  109  2 .3213723E+07   1800005E-01  .6121E+03  .1156E+04   .9998033  .0153332  .0125766
T  110  2 .3210056E+07   1800013E-01 -.1914E+04  .1459E+04   .9992489 -.0226319  .0314542
T  111  2 .3103369E+07   1800001E-01 -.3240E+03  .1255E+02   .9997338 -.0126704  .0192801
T  112  2 .3180704E+07   1800001E-01  .2147E+03 -.1577E+02   .9999698 -.0002946 -.0077714
T  113  2 .3101801E+07   1800021E-01  .1564E+04 -.3565E+04   .9997036  .0060828 -.0235723
T  114  2 .3187786E+07   1800019E-01 -.1654E+04 -.1724E+04   .9996498 -.0189703 -.0184484
T  115  2 .3175881E+07   1800010E-01  .8626E+03  .4341E+03   .9999547 -.0031705  .0089709
T  116  2 .3143047E+07   1800013E-01  .2150E+04 -.1181E+03   .9998512  .0171320 -.0020063
T  117  2 .3117555E+07   1800019E-01  .5774E+03 -.9012E+03   .9999963 -.0000701 -.0027310
T  118  2 .3150818E+07   1800010E-01  .8496E+03  .9312E+03   .9997884  .0077074  .0190729
T  119  2 .3110914E+07   1800020E-01  .1662E+04 -.3376E+04   .9996482  .0118677 -.0237180
T  120  2 .3147193E+07   1800020E-01  .2176E+04 -.9527E+02   .9996978  .0242614  .0039516
T  121  2 .3123424E+07   1800002E-01 -.5208E+03 -.2108E+04   .9995279 -.0185415 -.0244973
T  122  2 .3107479E+07   1800019E-01 -.6903E+02 -.4291E+03   .9999726 -.0073747 -.0005832
T  123  2 .3117127E+07   1800017E-01  .1321E+04  .3413E+03   .9997721  .0213038 -.0013623
T  124  2 .3128409E+07   1800004E-01  .1913E+04  .2496E+04   .9993300  .0267003  .0250339
T  125  2 .3133448E+07   1800012E-01  .7407E+03 -.1510E+04   .9998031  .0036880 -.0194956
T  126  2 .3143948E+07   1800002E-01 -.1285E+04  .6704E+03   .9997845 -.0200842  .0052473
T  127  2 .3125730E+07   1800021E-01  .6496E+03  .2601E+03   .9978965  .0636458 -.0123202
T  128  2 .3088430E+07   1800000E-01  .2974E+04  .1507E+04   .9993068  .0235488  .0288321
T  129  2 .3131578E+07   1800006E-01 -.1582E+04  .1809E+04   .9993977 -.0278542  .0206956
T  130  2 .3152999E+07   1800015E-01 -.7521E+03  .3151E+03   .9999452 -.0064639  .0082293
T  131  2 .1028535E+07   1800005E-01  .3019E+05  .6237E+05   .4552892  .4074254  .7916541
T  132  2 .3148223E+07   1800001E-01 -.5660E+03 -.3471E+03   .9999922 -.0022663 -.0032294
T  133  2 .3129149E+07   1800012E-01 -.4127E+03 -.2685E+03   .9999811  .0001907 -.0061381
T  134  2 .3128367E+07   1800022E-01 -.1827E+04 -.1931E+03   .9996344 -.0267397  .0040114
T  135  2 .3208179E+07   1800015E-01 -.5656E+03 -.1020E+04   .9998032  .0130136 -.0149726
T  136  2 .3170545E+07   1800022E-01  .1124E+04  .1881E+04   .9997504  .0077888  .0209400
T  137  2 .3123703E+07   1800001E-01 -.2524E+04  .1169E+04   .9999121 -.0066313  .0114848
T  138  2 .3139280E+07   1800020E-01  .9765E+03  .1255E+04   .9996616  .0213784  .0148213
T  139  2 .3073330E+07   1800001E-01 -.1485E+04  .8004E+03   .9998855  .0006330  .0151163
T  140  2 .3105610E+07   1800019E-01  .3243E+03  .1241E+03   .9999630  .0075281  .0041704
T  141  2 .3148421E+07   1800019E-01 -.2198E+04 -.1838E+04   .9993930 -.0229573 -.0262031
T  142  2 .3168181E+07   1800000E-01  .1613E+04 -.3434E+03   .9999527  .0088411 -.0040507
T  143  2 .3106149E+07   1800004E-01  .1545E+05 -.9051E+03   .9962878  .0860462 -.0025740
T  144  2 .3186256E+07   1800001E-01  .8491E+03 -.2292E+04   .9998880  .0029781 -.0146681
T  145  2 .3175056E+07   1800016E-01 -.1457E+04  .7428E+03   .9999908 -.0040203  .0014930
T  146  2 .3129845E+07   1800016E-01  .7109E+02  .1477E+04   .9997884 -.0025825  .0204091
T  147  2 .3123360E+07   1800007E-01 -.1360E+03 -.1079E+04   .9998595 -.0039858 -.0162837
T  148  2 .3124304E+07   1800001E-01 -.4895E+03 -.8222E+03   .9999843 -.0003179 -.0055857
T  149  2 .3192494E+07   1800000E-01 -.9722E+03 -.1066E+04   .9997933 -.0188708 -.0075677
T  150  2 .3131814E+07   1800003E-01  .8680E+03  .2392E+04   .9997578 -.0002206  .0220058
T  151  2 .3123309E+07   1800016E-01  .6194E+03  .1107E+03   .9998443  .0167170  .0056570
T  152  2 .3123072E+07   1800008E-01 -.2159E+03  .2078E+03   .9998138  .0012249  .0192573
T  153  2 .3150942E+07   1800002E-01 -.2183E+04 -.7326E+03   .9998426 -.0171010  .0047243
T  154  2 .3073772E+07   1800009E-01 -.1252E+04  .1748E+04   .9998723 -.0094237  .0129098
T  155  2 .3166703E+07   1800012E-01  .8902E+03  .1540E+04   .9993513 -.0009514  .0360003
T  156  2 .3147793E+07   1800021E-01 -.6873E+03 -.9468E+02   .9999975 -.0011464 -.0019369
T  157  2 .3065057E+07   1800006E-01 -.1451E+04  .2944E+03   .9997159 -.0193473  .0139215
T  158  2 .3121371E+07   1800002E-01  .1733E+03  .9252E+03   .9999371  .0107275  .0032619
T  159  2 .3143215E+07   1800020E-01 -.2469E+04  .2514E+03   .9997373 -.0213881  .0082431
T  160  2 .3132007E+07   1800009E-01 -.2711E+04  .7066E+02   .9994737 -.0294705  .0135604
T  161  2 .3164533E+07   1800001E-01  .1225E+04 -.8717E+03   .9999775  .0066804  .0006672
T  162  2 .3124638E+07   1800014E-01  .1122E+02 -.1409E+04   .9999003 -.0090006 -.0108782
T  163  2 .3172058E+07   1800017E-01 -.9185E+03 -.1066E+04   .9999236 -.0077329 -.0096420
T  164  2 .3099189E+07   1800008E-01  .2922E+03 -.8847E+03   .9999860  .0038486  .0036214
T  165  2 .3137459E+07   1800017E-01  .1013E+04  .3639E+03   .9998719  .0104557  .0121147
T  166  2 .3110008E+07   1800021E-01 -.1651E+04 -.5979E+04   .9976458 -.0187706 -.0659591
T  167  2 .3082050E+07   1800006E-01 -.3588E+03 -.9067E+03   .9999789 -.0009930 -.0064252
T  168  2 .3094998E+07   1800005E-01 -.2623E+03 -.1254E+03   .9999130 -.0131905 -.0000947
T  169  2 .3101826E+07   1800021E-01  .2015E+04  .7693E+03   .9998799  .0045730 -.0148055
T  170  2 .3118345E+07   1800004E-01  .1970E+03 -.1873E+03   .9999723  .0052606  .0052685
T  171  2 .3140040E+07   1800006E-01 -.2829E+04  .1216E+04   .9995192 -.0304398 -.0059007
T  172  2 .3121142E+07   1800013E-01  .3329E+03  .9017E+03   .9999955 -.0019203  .0023176
T  173  2 .3160623E+07   1800012E-01 -.1521E+04 -.1973E+04   .9997863 -.0174792 -.0110333
T  174  2 .3109186E+07   1800008E-01 -.1765E+04 -.2355E+03   .9998536 -.0153618  .0075301
T  175  2 .3149817E+07   1800015E-01 -.1660E+04 -.1237E+04   .9998361 -.0103526 -.0148494
T  176  2 .3172497E+07   1800005E-01 -.1013E+04 -.1564E+04   .9997189 -.0192718 -.0138136
T  177  2 .3140449E+07   1800017E-01 -.1169E+04 -.3406E+02   .9999315 -.0077914  .0087374
T  178  2 .3180022E+07   1800007E-01 -.2305E+04 -.7239E+03   .9999187 -.0114581 -.0055980
T  179  2 .3092452E+07   1800007E-01  .2269E+04 -.9136E+03   .9996667  .0243581 -.0085493
T  180  2 .3146991E+07   1800016E-01  .3761E+03  .1250E+04   .9999929  .0027934  .0025370
T  181  2 .3119408E+07   1800006E-01  .1900E+03  .2267E+03   .9999922  .0018763 -.0034687
T  182  2 .3081062E+07   1800003E-01 -.1020E+04  .4346E+03   .9998858 -.0147109  .0034633
T  183  2 .3136650E+07   1800020E-01 -.2111E+04 -.1942E+03   .9999335 -.0055001  .0101350
T  184  2 .3098000E+07   1800013E-01  .2762E+04 -.4455E+03   .9997072  .0241839  .0007564
T  185  2 .3115739E+07   1800015E-01 -.8109E+03  .5943E+03   .9998942  .0031733  .0141928
T  186  2 .3136563E+07   1800003E-01 -.6923E+03  .4207E+04   .9990233 -.0197121  .0395452
T  187  2 .3138642E+07   1800015E-01 -.1125E+04 -.8523E+03   .9999666 -.0044155 -.0068803
T  188  2 .3109221E+07   1800000E-01 -.1396E+04 -.5132E+03   .9998832 -.0111112 -.0104897
T  189  2 .3166112E+07   1800018E-01 -.9020E+03  .3248E+03   .9999541  .0014251  .0094747
T  190  2 .3103048E+07   1800000E-01  .2362E+04  .2122E+04   .9995448  .0147170  .0263374
T  191  2 .3101242E+07   1800020E-01 -.7851E+03 -.2184E+04   .9996756 -.0036769 -.0252037
T  192  2 .3170630E+07   1800013E-01  .3026E+04  .4530E+04   .9975134  .0319648  .0628112
T  193  2 .3074983E+07   1800008E-01 -.3407E+02  .1180E+04   .9999828 -.0044804  .0037926
T  194  2 .3088833E+07   1800018E-01  .6350E+03  .3751E+04   .9996978  .0031588  .0243805
T  195  2 .3151207E+07   1800015E-01 -.1011E+04 -.2557E+04   .9998344  .0002651 -.0181977
T  196  2 .3078025E+07   1800021E-01  .8970E+03 -.2716E+04   .9998187  .0020313 -.0189341
T  197  2 .3156696E+07   1800004E-01 -.1652E+04  .5051E+03   .9998883 -.0147807  .0022055
T  198  2 .3169438E+07   1800014E-01 -.2983E+03  .1805E+04   .9999535 -.0088536  .0038197
T  199  2 .3169727E+07   1800004E-01 -.6639E+03  .4678E+03   .9997803 -.0204937  .0043923
T  200  2 .3100502E+07   1800017E-01 -.4643E+04  .3515E+04   .9934768 -.0952204  .0627448
T  201  2 .3126827E+07   1800019E-01 -.8495E+03  .6069E+03   .9998647 -.0136184 -.0092244
T  202  2 .3164422E+07   1800008E-01 -.5766E+03 -.2049E+03   .9994658  .0211772  .0248906
T  203  2 .3118054E+07   1800019E-01 -.2030E+04  .1009E+04   .9994109 -.0331034  .0090519
T  204  2 .3143484E+07   1800009E-01  .5844E+03 -.2959E+03   .9999406 -.0049603  .0097028
T  205  2 .3124805E+07   1800000E-01  .5470E+03 -.5428E+03   .9999324 -.0015723 -.0115222
T  206  2 .3155516E+07   1800021E-01  .8012E+03 -.4682E+03   .9998279  .0098536 -.0157208
T  207  2 .3109894E+07   1800018E-01  .4714E+03 -.9978E+03   .9999931 -.0010768  .0035470
T  208  2 .3137955E+07   1800011E-01  .4762E+03  .6379E+03   .9998290 -.0042613  .0179944
T  209  2 .3137030E+07   1800006E-01  .1622E+04 -.4954E+03   .9999305  .0104370 -.0054809
T  210  2 .3128764E+07   1800014E-01 -.7421E+03 -.1124E+04   .9997535 -.0059576 -.0213902
T  211  2 .3053276E+07   1800015E-01 -.2497E+04 -.2357E+04   .9990781 -.0348323 -.0250910
T  212  2 .3184282E+07   1800001E-01 -.5099E+03 -.3777E+03   .9998466  .0129882 -.0117517
T  213  2 .3110977E+07   1800002E-01 -.6474E+03 -.8397E+03   .9997453 -.0057643 -.0218183
T  214  2 .3096450E+07   1800012E-01  .1041E+04 -.5950E+03   .9999123  .0081461 -.0104467
T  215  2 .3163232E+07   1800011E-01  .8091E+03  .2645E+03   .9999880  .0048696  .0004785
T  216  2 .3118977E+07   1800001E-01 -.1146E+04  .1125E+02   .9997130 -.0227025 -.0076435
T  217  2 .3158606E+07   1800009E-01  .1912E+03  .2362E+03   .9999932 -.0036929 -.0001137
T  218  2 .3120222E+07   1800013E-01  .1886E+04  .4103E+03   .9998453  .0175254  .0015059
T  219  2 .3147327E+07   1800012E-01  .1101E+04  .2156E+04   .9998232  .0097984  .0160464
T  220  2 .3146898E+07   1800012E-01  .7177E+03  .6755E+03   .9988811 -.0132778  .0453904
T  221  2 .3126513E+07   1800017E-01  .2237E+04  .7824E+03   .9998244  .0177496  .0060042
T  222  2 .3138269E+07   1800020E-01  .2056E+03 -.3971E+03   .9999954 -.0028428 -.0010999
T  223  2 .3164896E+07   1800007E-01 -.1515E+03 -.8324E+03   .9996104  .0079261 -.0267628
T  224  2 .3107613E+07   1800009E-01 -.2427E+03 -.8695E+02   .9999934 -.0007584 -.0035566
T  225  2 .3152643E+07   1800003E-01  .2056E+03 -.7428E+03   .9999771 -.0003415 -.0067618
T  226  2 .3162770E+07   1800017E-01  .4262E+03 -.1024E+04   .9998648  .0050143 -.0156628
T  227  2 .3064546E+07   1800015E-01 -.1160E+04 -.2465E+04   .9997261 -.0142293 -.0185811
T  228  2 .3062385E+07   1800019E-01  .1230E+04 -.4163E+03   .9999597  .0044866 -.0077753
T  229  2 .3096736E+07   1800016E-01 -.4036E+03  .2017E+04   .9996455 -.0090020  .0250568
T  230  2 .3132536E+07   1800015E-01 -.1912E+03  .1069E+04   .9999062  .0024469  .0134737
T  231  2 .3114222E+07   1800016E-01 -.2526E+03 -.8322E+03   .9999836  .0018058 -.0054388
T  232  2 .3182561E+07   1800019E-01 -.5676E+03  .2659E+03   .9998650  .0164081 -.0008579
T  233  2 .3129091E+07   1800011E-01  .1598E+04 -.5402E+03   .9999902  .0024262  .0037099
T  234  2 .3091026E+07   1800004E-01  .7373E+02 -.7192E+02   .9999930  .0037262 -.0001802
T  235  2 .3168277E+07   1800011E-01 -.5349E+03 -.1354E+04   .9999128  .0018108 -.0130784
T  236  2 .3117000E+07   1800012E-01  .3738E+03 -.3095E+03   .9999112  .0112830 -.0070917
T  237  2 .3024559E+07   1800013E-01  .1376E+05  .2153E+05   .9858037  .0816335  .1467211
T  238  2 .3135084E+07   1800017E-01  .8602E+03  .1542E+03   .9998397  .0169401  .0057969
T  239  2 .3126368E+07   1800021E-01 -.9104E+02 -.1117E+04   .9999896 -.0010575 -.0044279
T  240  2 .3153474E+07   1800022E-01 -.7595E+03 -.1783E+04   .9997787  .0092989 -.0188677
T  241  2 .3155045E+07   1800010E-01 -.2911E+02 -.1015E+04   .9999825 -.0013329 -.0057553
T  242  2 .3141956E+07   1800005E-01  .2058E+02 -.3615E+03   .9997307 -.0044451 -.0227766
T  243  2 .3129268E+07   1800020E-01  .7468E+03 -.8996E+03   .9999804 -.0003817 -.0062555
T  244  2 .3126205E+07   1800016E-01 -.1313E+04  .6942E+03   .9999314 -.0079541 -.0085929
T  245  2 .3110968E+07   1800012E-01  .3084E+04 -.2611E+04   .9995424  .0165995 -.0252872
T  246  2 .3157992E+07   1800018E-01 -.1734E+04 -.1764E+04   .9996471 -.0115654 -.0239154
T  247  2 .3135031E+07   1800019E-01 -.7790E+03  .9324E+03   .9999901  .0044466  .0002542
T  248  2 .3196156E+07   1800019E-01  .1873E+04 -.7570E+03   .9995063  .0314115 -.0006733
T  249  2 .3150119E+07   1800011E-01  .4864E+03 -.7348E+02   .9999550  .0014391 -.0093769
T  250  2 .3094615E+07   1800010E-01  .1531E+04 -.8570E+03   .9998807  .0141893 -.0061081
T  251  2 .3104895E+07   1800013E-01  .1825E+04  .6969E+03   .9998121  .0146816  .0126577
T  252  2 .3148953E+07   1800009E-01  .1513E+02  .1300E+04   .9998242  .0024357  .0185912
T  253  2 .3086116E+07   1800008E-01 -.1076E+04  .2521E+03   .9999225 -.0084823 -.0091128
T  254  2 .3135646E+07   1800000E-01 -.1800E+03  .3990E+01   .9999944  .0023192  .0024235
T  255  2 .3069915E+07   1800005E-01 -.5981E+03 -.2030E+03   .9993839 -.0190082 -.0295044
T  256  2 .3089138E+07   1800016E-01 -.2283E+04 -.4237E+03   .9996493 -.0252899 -.0078569
T  257  2 .3108685E+07   1800021E-01  .3250E+03  .8553E+02   .9999035  .0044404 -.0131659
T  258  2 .3166358E+07   1800003E-01 -.1844E+04  .8326E+02   .9997882 -.0203703 -.0029253
T  259  2 .3106539E+07   1800003E-01  .5130E+04  .1623E+04   .9985181  .0529785  .0124477
T  260  2 .3145513E+07   1800007E-01 -.7358E+03 -.3593E+03   .9999513  .0088000 -.0044679
T  261  2 .3111850E+07   1800018E-01 -.1635E+04 -.7365E+03   .9998215 -.0163293  .0095020
T  262  2 .3157292E+07   1800007E-01  .1905E+03 -.5377E+03   .9999134  .0087512 -.0098312
T  263  2 .3162941E+07   1800020E-01  .8126E+03  .9554E+03   .9999198  .0084211  .0094548
T  264  2 .3169598E+07   1800018E-01  .9546E+01  .3539E+03   .9999010 -.0035497  .0136168
T  265  2 .3137458E+07   1800021E-01  .2195E+03  .9997E+03   .9999734 -.0002316  .0072963
T  266  2 .3143557E+07   1800020E-01  .4292E+04  .2236E+04   .9991062  .0414277  .0083998
T  267  2 .3182312E+07   1800007E-01  .1731E+04  .2978E+04   .9999642  .0014412  .0083380
T  268  2 .3106389E+07   1800003E-01  .1558E+03  .1034E+04   .9993013 -.0144854  .0344531
T  269  2 .3126708E+07   1800015E-01 -.8499E+02 -.4418E+03   .9999879 -.0023618 -.0043082
T  270  2 .3121372E+07   1800018E-01 -.2175E+03 -.6223E+03   .9998961  .0127071  .0067986
T  271  2 .3116916E+07   1800001E-01 -.1135E+04  .1462E+04   .9997567 -.0163851  .0147687
T  272  2 .3117871E+07   1800012E-01 -.2659E+03  .8978E+03   .9980782  .0271431 -.0557060
T  273  2 .2713431E+07   1800012E-01 -.2515E+05  .7805E+03   .8697649 -.4930719  .0197260
T  274  2 .3118121E+07   1800014E-01 -.7430E+03 -.1077E+04   .9999302 -.0078980 -.0087842
T  275  2 .3174801E+07   1800013E-01 -.1015E+04 -.3113E+03   .9998551 -.0161562 -.0053606
T  276  2 .3126705E+07   1800016E-01  .8218E+03  .1879E+03   .9999792 -.0054852 -.0033960
T  277  2 .3113217E+07   1800013E-01 -.4718E+03  .2288E+03   .9999360 -.0111174  .0020793
T  278  2 .3160592E+07   1800003E-01 -.3283E+04  .2970E+04   .9994334 -.0207046  .0265361
T  279  2 .3148493E+07   1800017E-01  .9964E+03 -.6953E+03   .9999155  .0120480 -.0048733
T  280  2 .3113894E+07   1800016E-01  .9922E+03 -.3439E+03   .9997959  .0197895  .0040708
T  281  2 .3128805E+07   1800020E-01  .8612E+02  .3033E+03   .9998397 -.0055583  .0170222
T  282  2 .3114377E+07   1800013E-01 -.1753E+03  .8043E+02   .9999941  .0034331 -.0001324
T  283  2 .3181159E+07   1800014E-01  .1311E+04 -.8616E+03   .9999724 -.0065603 -.0034908
T  284  2 .3156741E+07   1800020E-01  .2215E+02  .7703E+03   .9999789  .0041117  .0050279
T  285  2 .3138376E+07   1800011E-01 -.1732E+04  .1363E+03   .9999558 -.0093702  .0007594
T  286  2 .3101565E+07   1800006E-01  .1938E+04 -.1778E+04   .9881483  .1253388 -.0886176
T  287  2 .3155331E+07   1800020E-01 -.1699E+04  .6833E+03   .9998282 -.0097256  .0157777
T  288  2 .3089278E+07   1800017E-01  .6281E+04  .4302E+03   .9989290  .0461072  .0038778
T  289  2 .3090805E+07   1800022E-01 -.3461E+03 -.9878E+03   .9999129 -.0116082 -.0062743
T  290  2 .3157778E+07   1800009E-01  .4187E+03  .6580E+03   .9999526  .0073895  .0063425
T  291  2 .3117530E+07   1800004E-01 -.3922E+03 -.1970E+03   .9999961 -.0025719 -.0010592
T  292  2 .3099512E+07   1800018E-01 -.3921E+03 -.9349E+03   .9997149  .0061796 -.0230615
T  293  2 .3134177E+07   1800003E-01  .1448E+04  .5963E+03   .9999670  .0062864  .0051510
T  294  2 .3161871E+07   1800003E-01  .6520E+03 -.1853E+04   .9998981  .0049328 -.0133957
T  295  2 .3127655E+07   1800018E-01 -.1975E+04  .2758E+04   .9996997 -.0092981  .0226714
T  296  2 .3082558E+07   1800010E-01  .8446E+03  .6662E+03   .9999399  .0100259 -.0044380
T  297  2 .3145643E+07   1800020E-01  .4024E+03 -.1020E+02   .9996943  .0223100 -.0106570
T  298  2 .3128208E+07   1800002E-01  .5506E+03  .8875E+03   .9998972 -.0023402  .0141438
T  299  2 .3179495E+07   1800011E-01 -.1165E+04 -.1748E+03   .9998354 -.0148480 -.0104235
T  300  2 .3147149E+07   1800019E-01  .1063E+04  .6014E+04   .9987136  .0127411  .0490788
T  301  2 .3151376E+07   1800017E-01 -.4615E+03 -.3228E+03   .9999887  .0045774 -.0013035
T  302  2 .3172762E+07   1800020E-01  .3200E+03 -.3500E+03   .9999861 -.0036913 -.0037779
T  303  2 .3141478E+07   1800004E-01  .1455E+04  .6139E+03   .9999549  .0068681  .0065544
T  304  2 .3129002E+07   1800007E-01 -.6951E+03  .2161E+03   .9999765  .0061145 -.0030864
T  305  2 .3180801E+07   1800021E-01 -.5884E+03  .1675E+04   .9998513 -.0127806  .0115749
T  306  2 .3137428E+07   1800009E-01  .1048E+04 -.1015E+04   .9997463  .0197284 -.0108650
T  307  2 .3156339E+07   1800012E-01  .4205E+03 -.1349E+04   .9997888  .0075688 -.0191062
T  308  2 .3213343E+07   1800014E-01 -.1329E+03 -.9097E+03   .9998443 -.0055162 -.0167635
T  309  2 .3096432E+07   1800019E-01  .1196E+03  .1794E+04   .9998158  .0100264  .0163657
T  310  2 .3105416E+07   1800017E-01  .1297E+04 -.9384E+03   .9999551  .0089905 -.0029976
T  311  2 .3129617E+07   1800015E-01 -.1748E+04  .7598E+03   .9995923 -.0250909 -.0136283
T  312  2 .3204097E+07   1800004E-01  .8137E+03 -.1068E+04   .9999154 -.0025933 -.0127442
T  313  2 .3162865E+07   1800004E-01 -.3274E+03 -.1276E+04   .9999250 -.0108906 -.0056016
T  314  2 .3199160E+07   1800010E-01 -.2009E+04 -.2015E+04   .9995740 -.0204095 -.0208612
T  315  2 .3166105E+07   1800011E-01 -.2779E+04  .3432E+03   .9994166 -.0340008 -.0032211
T  316  2 .3120616E+07   1800001E-01  .2333E+03  .1995E+04   .9998183  .0138345  .0131103
T  317  2 .3092832E+07   1800015E-01 -.3333E+03 -.3615E+03   .9998225  .0110616 -.0152544
T  318  2 .3161192E+07   1800006E-01 -.5327E+03  .4125E+03   .9999575 -.0071058  .0058796
T  319  2 .3098234E+07   1800020E-01  .2999E+03 -.1995E+04   .9998784  .0038421 -.0151169
T  320  2 .3121523E+07   1800019E-01  .1855E+03 -.1811E+03   .9999340 -.0040675 -.0107428
T  321  2 .3137376E+07   1800019E-01 -.1962E+03 -.6859E+03   .9999162 -.0047593 -.0120393
T  322  2 .3113486E+07   1800004E-01  .1352E+04  .4816E+04   .9993642  .0029210  .0355340
T  323  2 .3123082E+07   1800001E-01 -.1348E+04 -.7608E+03   .9998408 -.0118286 -.0133612
T  324  2 .3144983E+07   1800021E-01  .1715E+03 -.4684E+03   .9999187 -.0028085 -.0124353
T  325  2 .3119203E+07   1800019E-01 -.3252E+03 -.7392E+03   .9997787  .0183582  .0102723
T  326  2 .3174277E+07   1800016E-01 -.2805E+03  .6413E+03   .9999118  .0075523  .0109238
T  327  2 .3147278E+07   1800021E-01  .7099E+03 -.1339E+04   .9999254  .0059070 -.0106943
T  328  2 .3162049E+07   1800008E-01  .2599E+04 -.1340E+04   .9996123  .0252455 -.0117447
T  329  2 .3169128E+07   1800021E-01  .4832E+02  .1572E+04   .9998575  .0084230  .0146300
T  330  2 .3170078E+07   1800022E-01 -.3242E+03 -.1209E+03   .9999733 -.0055234 -.0047891
T  331  2 .3085441E+07   1800006E-01 -.1826E+03  .7188E+03   .9999652  .0071669 -.0042688
T  332  2 .3053436E+07   1800020E-01  .4041E+03  .6923E+03   .9998807  .0091135  .0124744
T  333  2 .3172611E+07   1800008E-01 -.5908E+03  .1985E+04   .9999034 -.0107200  .0088488
T  334  2 .3140149E+07   1800016E-01 -.1641E+04 -.4190E+03   .9998067 -.0177717 -.0084068
T  335  2 .3149089E+07   1800019E-01 -.1501E+04  .9217E+03   .9999901  .0026388  .0035912
T  336  2 .3152173E+07   1800014E-01 -.8172E+03 -.1022E+04   .9998893 -.0045580 -.0141655
T  337  2 .3126852E+07   1800004E-01 -.7082E+03 -.9279E+03   .9999009 -.0113351 -.0083436
T  338  2 .3133090E+07   1800000E-01  .1720E+04 -.4411E+04   .9992058  .0334548 -.0216437
T  339  2 .3085805E+07   1800018E-01  .1326E+03 -.5744E+03   .9999626  .0030758 -.0080878
T  340  2 .3174997E+07   1800011E-01 -.1183E+04 -.1260E+04   .9998059  .0057784 -.0188362
T  341  2 .3104973E+07   1800004E-01  .5197E+03  .2518E+04   .9996672  .0009178  .0257792
T  342  2 .3152558E+07   1800012E-01 -.4824E+03  .7657E+03   .9999444 -.0097130  .0041123
T  343  2 .3135209E+07   1800015E-01  .3286E+04  .1700E+03   .9991616  .0407899  .0035128
T  344  2 .3173586E+07   1800011E-01  .2660E+03 -.2552E+03   .9999816  .0036029 -.0048829
T  345  2 .3084623E+07   1800021E-01 -.1186E+04  .2667E+04   .9997217 -.0000612  .0235905
T  346  2 .3121543E+07   1800012E-01 -.6843E+03  .2801E+03   .9998111  .0165633 -.0101726
T  347  2 .3047777E+07   1800018E-01  .1119E+04  .7284E+03   .9999295  .0074358  .0092541
T  348  2 .3158484E+07   1800014E-01 -.9364E+03  .1717E+04   .9999771 -.0049526  .0046146
T  349  2 .3186892E+07   1800000E-01 -.1865E+04 -.6819E+03   .9995198 -.0309072 -.0022039
T  350  2 .3152891E+07   1800020E-01 -.5111E+03  .1137E+04   .9998456 -.0137348  .0109641
T  351  2 .3101376E+07   1800019E-01 -.7488E+03  .4393E+03   .9999176  .0125889  .0025195
T  352  2 .3099819E+07   1800012E-01  .5531E+03  .1294E+04   .9993869  .0123520  .0327599
T  353  2 .3095214E+07   1800012E-01  .4918E+03 -.9661E+03   .9997878  .0188100 -.0084044
T  354  2 .3126634E+07   1800017E-01 -.9970E+02  .1225E+04   .9999347  .0014448  .0113318
T  355  2 .3201715E+07   1800019E-01  .5492E+03 -.6408E+03   .9997017  .0119013 -.0213260
T  356  2 .3145131E+07   1800005E-01 -.4625E+03 -.9670E+03   .9998541 -.0094299 -.0142405
T  357  2 .3113083E+07   1800010E-01 -.2616E+03  .1148E+04   .9999427  .0068408  .0082356
T  358  2 .3180116E+07   1800017E-01  .1331E+04  .1746E+04   .9997335  .0122451  .0195687
T  359  2 .3133224E+07   1800007E-01 -.2222E+03 -.3052E+03   .9999626 -.0049001 -.0071197
T  360  2 .3198585E+07   1800015E-01  .2759E+03  .1116E+04   .9999092  .0033640  .0130489
T  361  2 .3123507E+07   1800014E-01  .1290E+03 -.1106E+04   .9998578  .0068340 -.0154176
T  362  2 .3097807E+07   1800020E-01 -.6173E+03  .7238E+03   .9999592  .0019892 -.0088092
T  363  2 .3169479E+07   1800010E-01  .2356E+04  .2432E+03   .9998084  .0142334  .0134347
T  364  2 .3163130E+07   1800018E-01  .1370E+03 -.1764E+03   .9999267 -.0097296 -.0072127
T  365  2 .3140227E+07   1800017E-01 -.8649E+03  .4787E+03   .9998678 -.0158154  .0037829
T  366  2 .3169836E+07   1800018E-01 -.6426E+03 -.8730E+03   .9998552 -.0072947 -.0153739
T  367  2 .3159842E+07   1800015E-01  .5605E+03  .1224E+04   .9996804  .0034340  .0250445
T  368  2 .3115469E+07   1800016E-01  .3799E+03 -.1348E+03   .9999971  .0024239  .0001042
T  369  2 .3176652E+07   1800003E-01  .4736E+04 -.2780E+04   .9943091  .0394221 -.0989710
T  370  2 .3049668E+07   1800008E-01 -.4814E+03 -.2409E+04   .9999079 -.0043066 -.0128710
T  371  2 .3112293E+07   1800012E-01 -.2013E+03  .3426E+03   .9999224 -.0123971  .0012633
T  372  2 .3161837E+07   1800020E-01 -.4913E+04 -.3909E+03   .9952293 -.0975369  .0022948
T  373  2 .3105378E+07   1800004E-01  .3209E+02 -.1068E+04   .9999188  .0003815 -.0127365
T  374  2 .3166013E+07   1800008E-01 -.1348E+04  .8798E+03   .9999589 -.0031293  .0085128
T  375  2 .3135577E+07   1800002E-01  .1919E+04  .4841E+03   .9998479  .0138767  .0105614
T  376  2 .3148721E+07   1800004E-01 -.4170E+03 -.2183E+04   .9995936 -.0033600 -.0283065
T  377  2 .3159970E+07   1800013E-01  .2010E+03 -.3449E+04   .9996343 -.0050532 -.0265663
T  378  2 .3134245E+07   1800018E-01  .1576E+04  .4720E+03   .9998612  .0163373  .0032576
T  379  2 .3125489E+07   1800018E-01 -.9985E+03 -.6355E+02   .9999972 -.0020789 -.0011216
T  380  2 .3150745E+07   1800010E-01  .4703E+03 -.1217E+03   .9997677  .0211205 -.0042933
T  381  2 .3140063E+07   1800001E-01  .3032E+03 -.1503E+04   .9997178 -.0073589 -.0225875
T  382  2 .3144733E+07   1800005E-01 -.3412E+03  .4607E+03   .9999802 -.0019248  .0059969
T  383  2 .3087347E+07   1800005E-01  .2345E+03 -.1850E+04   .9994637  .0106874 -.0309530
T  384  2 .3194457E+07   1800001E-01  .2038E+04  .6702E+03   .9997008  .0234381  .0070044
T  385  2 .3168711E+07   1800018E-01  .2370E+04 -.2149E+03   .9996836  .0249201  .0034225
T  386  2 .3135132E+07   1800021E-01 -.4738E+04 -.6660E+04   .9968962 -.0408508 -.0672997
T  387  2 .3063895E+07   1800005E-01 -.1325E+04 -.2273E+03   .9999769 -.0015253 -.0066166
T  388  2 .3145770E+07   1800016E-01  .9301E+03 -.1516E+04   .9997955  .0177056 -.0097728
T  389  2 .3167912E+07   1800015E-01 -.1454E+04 -.9842E+03   .9998307 -.0151231 -.0104786
T  390  2 .3094118E+07   1800014E-01  .1592E+03 -.3783E+03   .9999703  .0051498 -.0057372
T  391  2 .3123357E+07   1800018E-01  .9180E+03 -.6366E+03   .9999986  .0015366  .0006357
T  392  2 .3038403E+07   1800004E-01  .9035E+03  .1523E+04   .9997561  .0090813 -.0201306
T  393  2 .3147734E+07   1800017E-01 -.1261E+04  .1872E+04   .9999408 -.0092072  .0057954
T  394  2 .3158568E+07   1800020E-01 -.2121E+03  .1974E+04   .9999296 -.0058328  .0103295
T  395  2 .3165556E+07   1800005E-01  .4379E+03 -.1762E+04   .9998832  .0074019 -.0133716
T  396  2 .3154498E+07   1800010E-01  .3761E+03  .1913E+03   .9998985 -.0012220 -.0141966
T  397  2 .3155197E+07   1800018E-01  .2589E+04  .2844E+04   .9996638  .0184839  .0181852
T  398  2 .3148340E+07   1800019E-01 -.1680E+04  .1328E+03   .9996985 -.0225264  .0097723
T  399  2 .3151583E+07   1800004E-01 -.5741E+03 -.3448E+04   .9996674 -.0055920 -.0251766
T  400  2 .3164769E+07   1800019E-01 -.1908E+04  .2512E+04   .9990527 -.0328569  .0285324
T  401  2 .3235537E+07   1800013E-01  .1533E+04 -.2949E+02   .9993650  .0326552  .0142531
T  402  2 .3166851E+07   1800016E-01 -.4598E+03 -.4297E+03   .9999454 -.0088382 -.0055821
T  403  2 .3101823E+07   1800011E-01 -.4876E+03  .1321E+02   .9999998 -.0005165 -.0002494
T  404  2 .3064850E+07   1800000E-01  .5594E+02 -.1962E+04   .9998178 -.0074069 -.0175901
T  405  2 .3136708E+07   1800009E-01  .2040E+03  .4319E+03   .9999810 -.0045405  .0041641
T  406  2 .3117401E+07   1800011E-01  .4020E+04  .3307E+04   .9986434  .0372220  .0364116
T  407  2 .3156651E+07   1800022E-01  .5668E+03  .9175E+03   .9998280  .0155849  .0100525
T  408  2 .3163475E+07   1800009E-01  .8355E+03  .1162E+04   .9998183  .0146324  .0122209
T  409  2 .3142624E+07   1800011E-01 -.8551E+03 -.1547E+03   .9999274 -.0114613 -.0037295
T  410  2 .3103434E+07   1800019E-01 -.6541E+02 -.9323E+03   .9999043 -.0006596 -.0138191
T  411  2 .3136315E+07   1800015E-01 -.8906E+03  .9566E+03   .9998583 -.0150041  .0076317
T  412  2 .3148495E+07   1800014E-01 -.1269E+03  .1459E+03   .9999071  .0087320 -.0104700
T  413  2 .3069051E+07   1800012E-01 -.1090E+04 -.3735E+04   .9998929  .0102886 -.0104072
T  414  2 .3118231E+07   1800004E-01 -.5904E+03 -.5325E+03   .9996755 -.0167198 -.0192200
T  415  2 .3148739E+07   1800009E-01  .3560E+03  .5136E+03   .9997134  .0229589  .0067803
T  416  2 .3122193E+07   1800001E-01  .7376E+03 -.1249E+04   .9992852  .0150605 -.0346724
T  417  2 .3132241E+07   1800002E-01 -.2973E+04  .1863E+04   .9996621 -.0254388  .0053354
T  418  2 .3115768E+07   1800011E-01  .7040E+03 -.5954E+02   .9999641  .0020839  .0082106
T  419  2 .3204957E+07   1800004E-01  .7125E+03 -.1034E+04   .9997521 -.0005212 -.0222584
T  420  2 .3116388E+07   1800008E-01 -.2528E+04  .7885E+03   .9991422 -.0368232  .0189443
T  421  2 .3129904E+07   1800020E-01  .1188E+04  .3977E+03   .9998376  .0178425 -.0025380
T  422  2 .3172571E+07   1800004E-01  .3004E+03 -.1501E+04   .9998520  .0063532 -.0159850
T  423  2 .3140014E+07   1800009E-01 -.1587E+03  .1669E+04   .9999039  .0031468  .0135013
T  424  2 .3100714E+07   1800019E-01 -.1129E+04  .2444E+04   .9997827 -.0049224  .0202586
T  425  2 .3113208E+07   1800007E-01 -.4349E+01  .3346E+01   .9999561 -.0079301  .0049826
T  426  2 .3115810E+07   1800019E-01 -.7854E+03  .1917E+04   .9998065 -.0138644  .0139558
T  427  2 .3139611E+07   1800011E-01  .2945E+03  .2024E+04   .9997149  .0143044  .0191173
T  428  2 .3110284E+07   1800010E-01  .1432E+04 -.4193E+03   .9999505  .0082092 -.0056150
T  429  2 .3050672E+07   1800021E-01  .5386E+04  .8565E+04   .9880691  .0705950  .1368789
T  430  2 .3155422E+07   1800004E-01 -.2537E+04  .3581E+03   .9993188 -.0354606 -.0102208
T  431  2 .3189765E+07   1800001E-01  .1335E+04  .1461E+03   .9999045  .0112287 -.0080546
T  432  2 .3141630E+07   1800011E-01 -.7839E+03  .3334E+03   .9999132 -.0016044 -.0130751
T  433  2 .3056471E+07   1800014E-01  .7933E+03 -.1677E+04   .9979930  .0192102 -.0603397
T  434  2 .3020989E+07   1800014E-01 -.1002E+04  .4093E+02   .9999887 -.0024777 -.0040627
T  435  2 .3093050E+07   1800006E-01  .1086E+04 -.2917E+03   .9999053  .0041863 -.0131098
T  436  2 .3118987E+07   1800018E-01 -.7477E+02 -.4490E+03   .9999699 -.0031310 -.0070938
T  437  2 .3061729E+07   1800000E-01 -.4266E+03  .2206E+04   .9986651 -.0479352  .0192415
T  438  2 .3217534E+07   1800020E-01 -.5628E+03 -.4324E+03   .9997881 -.0063411 -.0195840
T  439  2 .3117913E+07   1800019E-01  .7013E+03 -.1200E+04   .9999517 -.0014939 -.0097163
T  440  2 .3071625E+07   1800020E-01 -.1772E+04 -.2283E+03   .9969498 -.0502441  .0597218
T  441  2 .3122582E+07   1800020E-01  .6411E+03 -.6958E+03   .9999851  .0054516 -.0001363
T  442  2 .3135782E+07   1800017E-01  .5940E+03  .5866E+03   .9999961  .0015316  .0023251
T  443  2 .3138233E+07   1800007E-01  .6068E+03 -.7698E+02   .9998188  .0188122  .0028993
T  444  2 .3111046E+07   1800020E-01  .1773E+04 -.1480E+04   .9997358  .0218613 -.0071041
T  445  2 .3152166E+07   1800018E-01  .3739E+04 -.4369E+04   .9985298  .0358606 -.0406488
T  446  2 .3183873E+07   1800000E-01  .3437E+03  .4105E+03   .9998820 -.0118444 -.0097836
T  447  2 .3188474E+07   1800022E-01 -.2252E+04 -.5708E+03   .9998290 -.0181967 -.0032945
T  448  2 .3144011E+07   1800018E-01  .1891E+04  .5920E+03   .9997443  .0115090  .0194655
T  449  2 .3166778E+07   1800015E-01 -.5571E+03 -.7224E+03   .9998040 -.0099111 -.0171405
T  450  2 .3087542E+07   1800006E-01  .2613E+03  .2388E+02   .9999895  .0013161 -.0043944
T  451  2 .3090825E+07   1800019E-01  .8410E+03  .6048E+03   .9999376  .0111152  .0010981
T  452  2 .3100334E+07   1800016E-01 -.1747E+03 -.2378E+03   .9998096 -.0017881 -.0194320
T  453  2 .3109231E+07   1800017E-01  .1721E+04  .7951E+03   .9996694  .0133727  .0219583
T  454  2 .3142914E+07   1800016E-01 -.2980E+03  .3427E+03   .9999478 -.0077725  .0066394
T  455  2 .3116438E+07   1800016E-01  .2181E+04  .1807E+03   .9999990  .0008861 -.0011433
T  456  2 .3177095E+07   1800016E-01 -.6341E+03  .1265E+04   .9999539 -.0073707  .0061523
T  457  2 .3100596E+07   1800001E-01 -.4470E+03 -.1442E+04   .9998530 -.0022085 -.0170041
T  458  2 .3092881E+07   1800011E-01 -.1695E+03 -.1073E+04   .9999378 -.0044337 -.0102374
T  459  2 .3080575E+07   1800004E-01  .4381E+03 -.2078E+03   .9999941  .0033014 -.0008997
T  460  2 .3162763E+07   1800002E-01 -.1809E+04  .8737E+03   .9996340 -.0266450  .0046774
T  461  2 .3045896E+07   1800006E-01 -.7323E+03 -.1321E+04   .9997400 -.0100621 -.0204625
T  462  2 .3103122E+07   1800001E-01 -.2447E+04  .1653E+04   .9993564 -.0303268  .0191586
T  463  2 .3165248E+07   1800020E-01 -.1479E+04  .9559E+03   .9997844 -.0207583  .0004765
T  464  2 .3061746E+07   1800021E-01 -.1547E+04  .2146E+04   .9998299 -.0164235  .0083936
T  465  2 .3203673E+07   1800019E-01  .4951E+03 -.2233E+04   .9997936 -.0016232 -.0202518
T  466  2 .3113778E+07   1800001E-01  .5998E+03 -.1240E+04   .9978600  .0465675 -.0459006
T  467  2 .3077100E+07   1800004E-01 -.1528E+04 -.5251E+02   .9999374 -.0109454  .0023038
T  468  2 .3141664E+07   1800020E-01  .1080E+03 -.4402E+03   .9999652  .0013125 -.0082362
T  469  2 .3118667E+07   1800020E-01  .8946E+03  .4379E+03   .9999840  .0056263  .0005481
T  470  2 .3126046E+07   1800014E-01 -.8587E+03 -.1859E+04   .9998513 -.0018339 -.0171466
T  471  2 .3038597E+07   1800016E-01  .7159E+03 -.1495E+04   .9997897  .0081876 -.0188024
T  472  2 .3113109E+07   1800001E-01  .2389E+04 -.1445E+04   .9998496  .0002628 -.0173386
T  473  2 .3148005E+07   1800019E-01 -.1700E+03  .7673E+03   .9999765 -.0060806  .0031658
T  474  2 .3115015E+07   1800012E-01 -.9000E+03 -.2910E+03   .9999822 -.0058772  .0010683
T  475  2 .3156458E+07   1800003E-01  .1472E+04 -.1824E+04   .9993478  .0206868 -.0295993
T  476  2 .3134174E+07   1800006E-01 -.1063E+04  .1644E+03   .9998996 -.0060406  .0128209
T  477  2 .3150099E+07   1800014E-01 -.2242E+04 -.5890E+03   .9996687 -.0242432  .0086491
T  478  2 .3200058E+07   1800002E-01  .1432E+04  .1228E+04   .9999323  .0112871  .0028420
T  479  2 .3149910E+07   1800015E-01  .9883E+03  .3447E+03   .9998457  .0147176  .0095885
T  480  2 .3150831E+07   1800000E-01 -.4137E+04 -.1287E+04   .9996969 -.0245338 -.0020741
T  481  2 .3150105E+07   1800009E-01  .4703E+03 -.2146E+03   .9999442  .0079221 -.0069874
T  482  2 .3101481E+07   1800016E-01  .7451E+03  .1282E+04   .9997673  .0046012  .0210778
T  483  2 .3155535E+07   1800014E-01 -.3048E+04 -.1635E+04   .9998417 -.0112838 -.0137548
T  484  2 .3137438E+07   1800007E-01 -.1324E+04  .7210E+03   .9990615 -.0387706  .0193124
T  485  2 .3185297E+07   1800015E-01 -.4786E+03  .8874E+03   .9997796 -.0046989  .0204639
T  486  2 .3115434E+07   1800010E-01  .3698E+03 -.3072E+03   .9999850  .0043432  .0033462
T  487  2 .3087982E+07   1800010E-01  .5105E+03 -.6432E+03   .9996941 -.0168089 -.0181448
T  488  2 .3120566E+07   1800012E-01 -.4099E+02 -.1725E+04   .9997953 -.0044401 -.0197402
T  489  2 .3171048E+07   1800004E-01 -.1186E+04 -.2032E+03   .9999623 -.0078902 -.0036320
T  490  2 .3101513E+07   1800019E-01 -.4702E+02 -.1388E+03   .9999578 -.0014955 -.0090620
T  491  2 .3128910E+07   1800010E-01  .2280E+04 -.2232E+04   .9996810  .0160300 -.0195166
T  492  2 .3107945E+07   1800018E-01 -.2819E+03 -.5227E+03   .9999270 -.0093178 -.0076974
T  493  2 .3134296E+07   1800021E-01  .3849E+04  .2106E+03   .9998671  .0099418  .0129219
T  494  2 .3153318E+07   1800013E-01 -.3297E+03  .9722E+03   .9999632  .0012748 -.0084821
T  495  2 .3105439E+07   1800015E-01  .9953E+03  .2741E+03   .9993931  .0308257 -.0162236
T  496  2 .3110009E+07   1800020E-01 -.5448E+03 -.3116E+04   .9997056  .0015783 -.0242128
T  497  2 .3132708E+07   1800013E-01  .2823E+03 -.3628E+03   .9999958  .0014085  .0025473
T  498  2 .3172918E+07   1800022E-01 -.1300E+03 -.2288E+03   .9999713 -.0062527 -.0042770
T  499  2 .3205060E+07   1800010E-01  .2512E+04 -.3225E+04   .9997390  .0093147 -.0208629
T  500  2 .3130264E+07   1800015E-01  .1084E+04  .2114E+03   .9997582  .0209205  .0067671
T  501  2 .3161965E+07   1800012E-01  .1872E+04  .2780E+04   .9989778  .0219634  .0395087
T  502  2 .3153674E+07   1800019E-01  .1437E+04  .4738E+03   .9999782 -.0060778 -.0025700
T  503  2 .3123773E+07   1800001E-01  .2487E+03 -.3422E+04   .9992235  .0068006 -.0388080
T  504  2 .3090992E+07   1800011E-01 -.2763E+03  .1509E+04   .9998871 -.0068108  .0133921
T  505  2 .3086434E+07   1800021E-01  .1384E+04 -.4994E+04   .9990282  .0141202 -.0417529
T  506  2 .3108955E+07   1800003E-01  .4039E+03 -.4926E+02   .9999734  .0000875 -.0072995
T  507  2 .3215883E+07   1800008E-01  .3828E+04 -.1991E+04   .9994180  .0340672  .0017365
T  508  2 .3110872E+07   1800010E-01 -.1065E+04 -.2048E+03   .9999797 -.0041943  .0048013
T  509  2 .3163575E+07   1800014E-01  .1502E+04  .3769E+03   .9998262  .0186420 -.0001274
T  510  2 .3110453E+07   1800016E-01  .1295E+04  .2001E+04   .9997445  .0161083  .0158576
T  511  2 .3195633E+07   1800022E-01  .9358E+03 -.8146E+03   .9999093  .0133977  .0013566
T  512  2 .3147754E+07   1800003E-01  .4176E+03  .1757E+02   .9997051 -.0066512  .0233550
T  513  2 .3094353E+07   1800021E-01 -.1028E+04  .1007E+04   .9997441 -.0072400  .0214303
T  514  2 .3130072E+07   1800010E-01  .7572E+03  .1267E+04   .9986816 -.0183578  .0479389
T  515  2 .3137162E+07   1800001E-01  .1840E+04 -.8324E+03   .9995423  .0292028 -.0079040
T  516  2 .3149133E+07   1800002E-01  .1734E+04 -.2020E+03   .9999428  .0095675  .0047740
T  517  2 .3196404E+07   1800017E-01  .1273E+04  .2744E+04   .9997406  .0067899  .0217378
T  518  2 .3119115E+07   1800021E-01 -.1738E+04  .2202E+04   .9995594 -.0172842  .0241308
T  519  2 .3155129E+07   1800002E-01  .1041E+04 -.2919E+03   .9999073  .0133707  .0025544
T  520  2 .3176547E+07   1800017E-01  .1056E+04  .8683E+03   .9999445  .0067562 -.0080787
T  521  2 .3133652E+07   1800007E-01  .2053E+04 -.3199E+02   .9996979  .0220072 -.0109439
T  522  2 .3099136E+07   1800015E-01  .4859E+03  .4333E+03   .9998868 -.0148724  .0022987
T  523  2 .3149175E+07   1800000E-01 -.2172E+03  .3821E+04   .9993161 -.0029245  .0368610
T  524  2 .3188233E+07   1800003E-01 -.1031E+04 -.1131E+04   .9998333 -.0144101 -.0112111
T  525  2 .3081332E+07   1800021E-01 -.8870E+03  .4594E+02   .9998465 -.0175199  .0000563
T  526  2 .3145228E+07   1800000E-01 -.1652E+04 -.5995E+03   .9998385 -.0135502 -.0118055
T  527  2 .3155580E+07   1800000E-01 -.2295E+04  .1239E+04   .9994353 -.0290475  .0168936
T  528  2 .3101502E+07   1800020E-01  .8763E+03 -.1614E+04   .9996377 -.0024142 -.0268081
T  529  2 .3135354E+07   1800002E-01 -.7052E+03 -.2802E+03   .9999391 -.0110108  .0007181
T  530  2 .3130818E+07   1800002E-01 -.9099E+03  .1424E+04   .9997456 -.0207337  .0088851
T  531  2 .3087488E+07   1800007E-01  .2191E+03 -.2351E+03   .9999859 -.0001725 -.0053030
T  532  2 .3135323E+07   1800015E-01 -.1304E+04  .2746E+04   .9994766 -.0075529  .0314547
T  533  2 .3109936E+07   1800008E-01 -.3302E+04  .3175E+04   .9994408 -.0174070  .0285485
T  534  2 .3165274E+07   1800009E-01 -.1704E+04  .2359E+04   .9991607 -.0341393  .0226368
T  535  2 .3092723E+07   1800010E-01 -.7330E+03 -.7693E+03   .9997841 -.0207663 -.0006830
T  536  2 .3050085E+07   1800013E-01  .8480E+03  .7403E+03   .9997534  .0163247  .0150558
T  537  2 .3135760E+07   1800022E-01 -.8793E+03  .3922E+03   .9999642 -.0044614  .0071946
T  538  2 .3128324E+07   1800020E-01 -.1021E+04 -.1306E+04   .9998727  .0155473  .0035865
T  539  2 .3109095E+07   1800017E-01 -.4094E+04 -.2825E+03   .9999195 -.0109529 -.0064080
T  540  2 .3130558E+07   1800018E-01  .1572E+04 -.5327E+03   .9997228  .0193819 -.0133667
T  541  2 .3141681E+07   1800017E-01  .4955E+04  .1277E+04   .9980372  .0483747  .0397708
T  542  2 .3181806E+07   1800018E-01 -.5975E+03  .8269E+03   .9998971  .0059341  .0130635
T  543  2 .3112096E+07   1800018E-01 -.2089E+03 -.1665E+04   .9998937  .0085269 -.0118292
T  544  2 .3157189E+07   1800019E-01  .6920E+02 -.1484E+04   .9997289 -.0014517 -.0232390
T  545  2 .3099961E+07   1800011E-01  .5865E+03 -.6281E+03   .9999782  .0037261 -.0054560
T  546  2 .3080897E+07   1800000E-01 -.1168E+04  .1457E+04   .9996725 -.0239492  .0090183
T  547  2 .3143287E+07   1800013E-01 -.7727E+03  .6063E+03   .9997666 -.0188649  .0105272
T  548  2 .3103691E+07   1800013E-01  .1295E+04 -.4092E+04   .9995900  .0003041 -.0286321
T  549  2 .3112422E+07   1800015E-01  .1639E+04  .1581E+04   .9995774  .0214170  .0196558
T  550  2 .3142654E+07   1800015E-01 -.7029E+03 -.8222E+03   .9999453 -.0104165  .0008961
T  551  2 .3155973E+07   1800011E-01 -.1003E+04  .5782E+03   .9999913 -.0039708 -.0012475
T  552  2 .3142108E+07   1800019E-01  .1783E+03  .1351E+04   .9998924  .0036132  .0142186
T  553  2 .3108811E+07   1800011E-01  .3794E+03 -.5056E+03   .9999272  .0075660 -.0094014
T  554  2 .3172386E+07   1800005E-01 -.1482E+04  .1020E+04   .9999747 -.0009687  .0070436
T  555  2 .3131468E+07   1800002E-01  .1634E+04 -.2598E+03   .9996929  .0245463 -.0033962
T  556  2 .3120365E+07   1800012E-01 -.4488E+03 -.5365E+03   .9999828 -.0048153 -.0033364
T  557  2 .3146994E+07   1800012E-01  .1953E+04  .5820E+03   .9999446  .0105094 -.0006026
T  558  2 .3121654E+07   1800006E-01  .6148E+03 -.5696E+03   .9992020  .0214973  .0336622
T  559  2 .3174802E+07   1800020E-01  .3733E+03 -.4272E+03   .9999336  .0111352 -.0029693
T  560  2 .3153794E+07   1800005E-01 -.6985E+02 -.2021E+04   .9998344 -.0067206 -.0169136
T  561  2 .3167459E+07   1800001E-01 -.5150E+03  .2019E+03   .9999633 -.0065360  .0055332
T  562  2 .3172400E+07   1800000E-01  .1336E+04 -.1258E+04   .9998650  .0161109  .0032129
T  563  2 .3077046E+07   1800013E-01  .4222E+03  .3549E+03   .9998919 -.0049635  .0138431
T  564  2 .3156528E+07   1800001E-01 -.1467E+04  .5650E+03   .9999142 -.0113532  .0065301
T  565  2 .3122614E+07   1800009E-01  .6598E+03  .6958E+03   .9999108  .0080926  .0106287
T  566  2 .3171605E+07   1800013E-01  .5707E+03 -.1097E+04   .9999999  .0004652 -.0000142
T  567  2 .3154341E+07   1800002E-01 -.2592E+04  .1540E+04   .9997605 -.0180723  .0123428
T  568  2 .3118554E+07   1800020E-01 -.1655E+04  .4934E+03   .9994268 -.0324549  .0096347
T  569  2 .3116145E+07   1800006E-01  .2674E+02  .2282E+03   .9999820 -.0030190 -.0051941
T  570  2 .3125255E+07   1800012E-01 -.5699E+03  .3208E+03   .9998959 -.0055405  .0133190
T  571  2 .3124669E+07   1800019E-01  .1448E+04  .1649E+04   .9998088  .0112173  .0160196
T  572  2 .3210883E+07   1800017E-01 -.4027E+03  .1217E+04   .9998684 -.0084101  .0138716
T  573  2 .3108335E+07   1800001E-01 -.1975E+04  .4388E+03   .9996684 -.0246780  .0073508
T  574  2 .3146350E+07   1800022E-01 -.4826E+03  .1184E+04   .9999935 -.0015559 -.0032555
T  575  2 .3101262E+07   1800013E-01  .1165E+04  .2893E+04   .9998840  .0099715  .0115111
T  576  2 .3080395E+07   1800016E-01 -.6243E+03 -.2194E+04   .9998185 -.0084595 -.0170693
T  577  2 .3140348E+07   1800005E-01  .3707E+03  .7043E+03   .9998035  .0082133  .0180441
T  578  2 .3153815E+07   1800021E-01  .2506E+04 -.1178E+04   .9994831  .0320654  .0023095
T  579  2 .3097749E+07   1800000E-01 -.5167E+04 -.2958E+04   .9960176 -.0811285 -.0369747
T  580  2 .3100576E+07   1800015E-01 -.1124E+04  .6973E+03   .9997377 -.0206356  .0099389
T  581  2 .3220592E+07   1800013E-01 -.3081E+03  .1922E+03   .9999544 -.0006013  .0095320
T  582  2 .3105184E+07   1800012E-01 -.3173E+03  .2553E+03   .9999291  .0048420 -.0108762
T  583  2 .3142275E+07   1800012E-01 -.5421E+03  .9350E+03   .9999690 -.0075574  .0022061
T  584  2 .3160380E+07   1800012E-01  .1821E+03  .2259E+04   .9997820  .0085333  .0190543
T  585  2 .3135128E+07   1800007E-01  .1055E+04  .3755E+03   .9998301  .0154616  .0100358
T  586  2 .3118906E+07   1800020E-01 -.1386E+04 -.3028E+03   .9998071 -.0187779 -.0057604
T  587  2 .3201524E+07   1800004E-01  .2150E+04 -.7698E+03   .9997947  .0202494  .0007303
T  588  2 .3161914E+07   1800008E-01  .6240E+03 -.1223E+04   .9999072  .0076777 -.0112510
T  589  2 .3168941E+07   1800019E-01  .1404E+04  .5714E+03   .9997013  .0199088  .0141780
T  590  2 .3150055E+07   1800010E-01  .1814E+04 -.8370E+03   .9999858  .0049176 -.0020687
T  591  2 .3138454E+07   1800002E-01 -.2356E+04  .4815E+03   .9994091 -.0343560 -.0010291
T  592  2 .3113430E+07   1800017E-01 -.1624E+04 -.4136E+04   .9989058 -.0078552 -.0461027
T  593  2 .3126079E+07   1800020E-01  .2775E+04 -.2245E+04   .9997359  .0064792 -.0220486
T  594  2 .3113341E+07   1800013E-01 -.2671E+03  .2686E+02   .9995026 -.0313292 -.0036162
T  595  2 .3065952E+07   1800019E-01 -.3801E+03 -.1963E+04   .9999882 -.0006615 -.0048138
T  596  2 .3135026E+07   1800010E-01 -.3077E+03 -.4956E+03   .9999383  .0108335  .0024466
T  597  2 .3154054E+07   1800011E-01  .5679E+03 -.7647E+03   .9999028  .0081488 -.0113133
T  598  2 .3177269E+07   1800016E-01 -.1529E+04 -.1561E+04   .9989568  .0364331  .0275310
T  599  2 .3138426E+07   1800011E-01  .1476E+04 -.1708E+04   .9997792  .0158375 -.0138069
T  600  2 .3136199E+07   1800004E-01 -.1909E+03 -.4400E+03   .9999949 -.0022955  .0022126
T  601  2 .3104892E+07   1800008E-01 -.8564E+04 -.1870E+04   .9972695 -.0735452 -.0066782
T  602  2 .3162839E+07   1800016E-01  .6878E+03 -.4900E+03   .9999720  .0018246 -.0072596
T  603  2 .3182806E+07   1800002E-01 -.2725E+03  .5193E+03   .9999795  .0027730  .0057739
T  604  2 .3147439E+07   1800021E-01 -.2184E+04  .1675E+04   .9997207 -.0145355  .0186324
T  605  2 .3091681E+07   1800021E-01  .2787E+04  .5882E+03   .9996938  .0241139  .0055485
T  606  2 .3112483E+07   1800019E-01  .3177E+04  .3597E+04   .9991489  .0292048  .0291298
T  607  2 .3109990E+07   1800007E-01 -.1044E+04  .3182E+04   .9981954  .0024576  .0599993
T  608  2 .3184958E+07   1800019E-01  .1203E+04 -.1687E+04   .9997537  .0176670 -.0134354
T  609  2 .3153668E+07   1800011E-01  .7769E+03  .3615E+03   .9999705  .0043258  .0063460
T  610  2 .3133939E+07   1800022E-01 -.9088E+03  .1931E+04   .9995373 -.0129994  .0274987
T  611  2 .3108026E+07   1800013E-01  .2524E+04  .1391E+04   .9996176  .0263544  .0083731
T  612  2 .3175433E+07   1800020E-01 -.6177E+04  .3276E+04   .9978771 -.0548708  .0350777
T  613  2 .3182686E+07   1800002E-01 -.1875E+04 -.3651E+03   .9997847 -.0179350 -.0104338
T  614  2 .3107534E+07   1800017E-01  .7825E+03  .2699E+03   .9999083  .0101140  .0090002
T  615  2 .3185408E+07   1800014E-01  .5004E+03 -.5849E+02   .9999926  .0038023 -.0005617
T  616  2 .3130209E+07   1800001E-01  .3883E+03 -.4589E+03   .9999600 -.0069718  .0056040
T  617  2 .3116881E+07   1800020E-01  .3691E+03 -.9390E+03   .9997839  .0073948 -.0194301
T  618  2 .3170205E+07   1800016E-01 -.8808E+03 -.6690E+03   .9998817 -.0130263 -.0081800
T  619  2 .3117086E+07   1800009E-01  .1085E+04  .2387E+03   .9998233  .0120889  .0143920
T  620  2 .3170178E+07   1800018E-01  .3300E+03 -.8827E+03   .9998259  .0057841  .0177385
T  621  2 .3104209E+07   1800020E-01  .9199E+03 -.9485E+03   .9999048  .0065720 -.0121323
T  622  2 .3090252E+07   1800019E-01  .2438E+04 -.3723E+03   .9997400  .0227132  .0019997
T  623  2 .3135505E+07   1800008E-01  .5322E+03 -.5551E+03   .9999424 -.0017615 -.0105898
T  624  2 .3151718E+07   1800000E-01  .3406E+02  .7894E+03   .9998997 -.0133383 -.0047616
T  625  2 .3151483E+07   1800021E-01 -.6446E+03  .1370E+03   .9993255 -.0298005  .0214607
T  626  2 .3086880E+07   1800004E-01 -.3095E+03  .4903E+03   .9999083 -.0009076  .0135109
T  627  2 .3091842E+07   1800021E-01  .4303E+03  .2268E+04   .9998346 -.0038976  .0177645
T  628  2 .3130769E+07   1800020E-01 -.1497E+04  .1954E+04   .9997057 -.0204742  .0130110
T  629  2 .3063343E+07   1800000E-01  .1113E+03  .2978E+04   .9993540  .0100020  .0345188
T  630  2 .3139767E+07   1800019E-01  .1073E+04 -.3180E+03   .9999033  .0138775 -.0008848
T  631  2 .3100571E+07   1800015E-01 -.8538E+03  .1455E+04   .9999834 -.0057377  .0005630
T  632  2 .3109430E+07   1800021E-01  .6416E+03  .4800E+03   .9998228  .0173539  .0073001
T  633  2 .3169786E+07   1800000E-01  .4924E+03 -.4759E+03   .9999968  .0019578  .0015749
T  634  2 .3117175E+07   1800013E-01  .1531E+04  .2315E+04   .9983391  .0323255  .0476884
T  635  2 .3135669E+07   1800008E-01 -.1080E+04  .1017E+04   .9998799 -.0051791  .0146055
T  636  2 .3109963E+07   1800014E-01  .6855E+03 -.1382E+04   .9999106  .0112734 -.0071839
T  637  2 .3139335E+07   1800014E-01  .1647E+03  .2164E+02   .9999900  .0010913  .0043336
T  638  2 .3160591E+07   1800005E-01 -.9269E+03  .1345E+04   .9996621 -.0165426  .0200512
T  639  2 .3132667E+07   1800019E-01 -.3285E+04 -.1966E+04   .9987570 -.0414530 -.0276789
T  640  2 .3058739E+07   1800002E-01 -.7589E+03 -.4007E+03   .9999243 -.0063593 -.0105362
T  641  2 .3117291E+07   1800019E-01  .2406E+03 -.1526E+03   .9999623  .0012969 -.0085912
T  642  2 .3115299E+07   1800000E-01  .8731E+03  .1465E+03   .9995413  .0296556  .0061441
T  643  2 .3127150E+07   1800020E-01  .4425E+04  .5675E+04   .9831842  .1006842  .1523531
T  644  2 .3131651E+07   1800018E-01 -.1838E+04  .7475E+03   .9997856 -.0207072  .0001818
T  645  2 .3136908E+07   1800005E-01  .8085E+03  .4360E+03   .9998402  .0170224  .0054522
T  646  2 .3152092E+07   1800007E-01 -.2228E+04  .1186E+04   .9997637 -.0156442  .0150926
T  647  2 .3054393E+07   1800021E-01 -.8019E+03  .6664E+03   .9997919  .0037310  .0200581
T  648  2 .3077557E+07   1800003E-01  .2008E+04 -.2584E+03   .9998237  .0079130  .0170299
T  649  2 .3142017E+07   1800008E-01  .1209E+04  .8326E+03   .9997464  .0122488  .0188961
T  650  2 .3125210E+07   1800004E-01  .1550E+04  .9395E+03   .9998347  .0161154  .0084189
T  651  2 .3166585E+07   1800020E-01 -.1533E+04 -.3453E+04   .9995546 -.0137379 -.0264923
T  652  2 .3155407E+07   1800008E-01  .4225E+03  .2166E+04   .9997088  .0051833  .0235672
T  653  2 .3141708E+07   1800015E-01  .1672E+04 -.1395E+04   .9997709  .0175043 -.0123187
T  654  2 .3088756E+07   1800006E-01 -.9158E+03 -.8080E+03   .9999265 -.0117958 -.0027906
T  655  2 .3074048E+07   1800015E-01  .2279E+03  .1343E+04   .9998117  .0129072  .0144870
T  656  2 .3131797E+07   1800019E-01  .8674E+03  .5517E+03   .9998079  .0108301  .0163368
T  657  2 .3118316E+07   1800017E-01  .1458E+04 -.1510E+04   .9993786  .0223587 -.0272503
T  658  2 .3146663E+07   1800004E-01  .1505E+04 -.9717E+03   .9999505  .0096684  .0023540
T  659  2 .3104131E+07   1800002E-01  .7950E+03 -.1369E+04   .9999249  .0109449 -.0055189
T  660  2 .3193758E+07   1800006E-01  .7217E+03 -.5435E+03   .9999060  .0136639 -.0011509
T  661  2 .3128575E+07   1800011E-01 -.1191E+04  .2211E+02   .9997157 -.0204557  .0122511
T  662  2 .3143032E+07   1800020E-01 -.1675E+04 -.7845E+03   .9998462 -.0146209 -.0096806
T  663  2 .3168085E+07   1800012E-01 -.9861E+03  .2439E+04   .9994408 -.0095242  .0320528
T  664  2 .3106370E+07   1800014E-01  .4540E+04 -.3840E+04   .9962389  .0767244 -.0402676
T  665  2 .3106532E+07   1800013E-01 -.7166E+03 -.3991E+03   .9999241 -.0076730  .0096429
T  666  2 .3116122E+07   1800018E-01 -.7349E+03 -.1046E+04   .9998851 -.0056993 -.0140465
T  667  2 .3169368E+07   1800010E-01  .1618E+03 -.9234E+03   .9997319 -.0038098 -.0228392
T  668  2 .3170598E+07   1800013E-01  .9041E+03  .2065E+04   .9994266  .0103217  .0322471
T  669  2 .3142226E+07   1800009E-01  .6552E+03 -.1025E+04   .9999961  .0025354  .0011715
T  670  2 .3148302E+07   1800017E-01  .7804E+03 -.1100E+04   .9999120 -.0037729 -.0127198
T  671  2 .3109911E+07   1800015E-01 -.6825E+03  .6114E+03   .9999797 -.0052590  .0035895
T  672  2 .3155789E+07   1800012E-01  .2366E+03 -.2349E+04   .9996722  .0144782 -.0211150
T  673  2 .3206039E+07   1800021E-01  .1211E+04  .1441E+03   .9997578  .0210266  .0064972
T  674  2 .3116494E+07   1800019E-01 -.9344E+03  .2589E+04   .9996705 -.0128681  .0222096
T  675  2 .3112877E+07   1800019E-01 -.3701E+03 -.3980E+03   .9999518  .0019181  .0096291
T  676  2 .3091886E+07   1800021E-01 -.4472E+03  .8038E+03   .9999432 -.0097881  .0042169
T  677  2 .3179271E+07   1800021E-01 -.8687E+03 -.1465E+04   .9996757 -.0079098 -.0242072
T  678  2 .3152788E+07   1800018E-01  .1273E+04 -.5300E+03   .9996163  .0276661 -.0013852
T  679  2 .3186952E+07   1800011E-01 -.2348E+03 -.2699E+04   .9997137 -.0093192 -.0220399
T  680  2 .3089723E+07   1800021E-01  .1096E+04  .2742E+02   .9999777  .0057252  .0034292
T  681  2 .3177594E+07   1800010E-01  .1657E+04 -.3633E+03   .9998083  .0193080 -.0032637
T  682  2 .3122596E+07   1800017E-01  .5354E+03 -.6983E+03   .9999436  .0063834 -.0084891
T  683  2 .3110035E+07   1800018E-01  .9877E+02  .7730E+02   .9999872  .0006466  .0050217
T  684  2 .3097632E+07   1800013E-01 -.8247E+03  .1786E+04   .9996942 -.0023811  .0246141
T  685  2 .3153821E+07   1800017E-01 -.1476E+04 -.6168E+03   .9998801 -.0154832  .0000325
T  686  2 .3174952E+07   1800014E-01  .1928E+03 -.1156E+04   .9999141  .0013353 -.0130358
T  687  2 .3174298E+07   1800009E-01  .1553E+03  .3016E+04   .9997241 -.0064561  .0225850
T  688  2 .3129044E+07   1800003E-01 -.9926E+03 -.5859E+03   .9998131 -.0192627 -.0016573
T  689  2 .3115928E+07   1800001E-01 -.6040E+03 -.1026E+04   .9999650 -.0078863  .0028109
T  690  2 .3166204E+07   1800016E-01  .1298E+03 -.1087E+04   .9998939  .0025338 -.0143458
T  691  2 .3217990E+07   1800018E-01 -.6447E+03 -.5662E+03   .9999460 -.0092171 -.0048041
T  692  2 .3148943E+07   1800011E-01  .3001E+04  .2481E+04   .9990964  .0276367  .0322893
T  693  2 .3041651E+07   1800019E-01 -.1934E+04 -.9717E+03   .9996283 -.0249003  .0111020
T  694  2 .3134543E+07   1800020E-01  .1000E+04 -.1048E+04   .9990067  .0034885 -.0444235
T  695  2 .3160891E+07   1800005E-01  .2844E+03  .3151E+03   .9999505 -.0099502 -.0002789
T  696  2 .3122200E+07   1800009E-01 -.2395E+02  .1099E+04   .9998143 -.0121400  .0149669
T  697  2 .3071199E+07   1800002E-01  .2304E+03  .2870E+04   .9998780  .0058934  .0144684
T  698  2 .3181286E+07   1800001E-01 -.1772E+04  .1195E+04   .9994219 -.0185959  .0284628
T  699  2 .3107466E+07   1800002E-01  .1165E+04  .2235E+02   .9997528  .0208091 -.0078265
T  700  2 .3135603E+07   1800012E-01 -.2494E+03 -.8396E+03   .9999767 -.0059630 -.0033086
T  701  2 .3166736E+07   1800002E-01  .1245E+04  .7123E+00   .9998734 -.0001026  .0159126
T  702  2 .3143452E+07   1800012E-01  .1903E+04 -.5849E+03   .9998114  .0185160 -.0058592
T  703  2 .3115350E+07   1800017E-01 -.4232E+04  .1276E+04   .9993783 -.0341990  .0085705
T  704  2 .3111316E+07   1800011E-01  .4228E+03 -.9338E+03   .9999346 -.0085831 -.0075640
T  705  2 .3095693E+07   1800017E-01  .1832E+03  .2881E+03   .9999889  .0044648 -.0015173
T  706  2 .3172940E+07   1800020E-01  .1139E+04  .1577E+04   .9998825  .0048078  .0145583
T  707  2 .3111539E+07   1800010E-01  .1582E+04 -.9714E+03   .9998199  .0186998  .0032448
T  708  2 .3096471E+07   1800014E-01  .9323E+03 -.1808E+03   .9999441  .0004048  .0105651
T  709  2 .3082505E+07   1800016E-01  .1425E+04  .1581E+01   .9997634  .0204786 -.0073348
T  710  2 .3133450E+07   1800011E-01 -.1143E+03 -.8316E+03   .9998841 -.0048331 -.0144382
T  711  2 .3135243E+07   1800012E-01 -.9873E+03  .1543E+04   .9998091 -.0171056  .0094405
T  712  2 .3191959E+07   1800018E-01 -.5188E+03  .1739E+03   .9999870 -.0006190 -.0050592
T  713  2 .3187519E+07   1800021E-01 -.2287E+04  .1358E+04   .9996176 -.0250576  .0116979
T  714  2 .3121632E+07   1800022E-01  .1881E+04 -.6495E+03   .9998250  .0173900 -.0069035
T  715  2 .3094265E+07   1800021E-01  .2873E+04  .6452E+03   .9983846  .0085358  .0561726
T  716  2 .3089454E+07   1800014E-01  .1106E+04  .5665E+03   .9998180  .0158835 -.0105660
T  717  2 .3134226E+07   1800008E-01 -.4200E+04 -.2319E+04   .9987540 -.0454502 -.0206088
T  718  2 .3137394E+07   1800016E-01  .6808E+03  .5217E+03   .9999777  .0064129  .0018589
T  719  2 .3139230E+07   1800007E-01 -.2133E+04 -.1732E+04   .9999189 -.0105272  .0071677
T  720  2 .3129929E+07   1800015E-01 -.1022E+04  .1848E+04   .9998696 -.0022304  .0159944
T  721  2 .3069019E+07   1800013E-01  .2482E+03  .9811E+01   .9999711  .0070893  .0027294
T  722  2 .3117204E+07   1800008E-01  .4375E+03  .5047E+03   .9999787 -.0023174  .0061033
T  723  2 .3154153E+07   1800012E-01 -.3127E+04 -.5889E+04   .9991820 -.0174819 -.0364657
T  724  2 .3066796E+07   1800002E-01 -.6245E+03 -.9363E+03   .9999164  .0000953 -.0129334
T  725  2 .3133975E+07   1800021E-01 -.9143E+02  .4743E+04   .9994565 -.0104808  .0312554
T  726  2 .3170693E+07   1800006E-01 -.9570E+03  .1124E+04   .9999296 -.0080118  .0087517
T  727  2 .3204440E+07   1800020E-01 -.2802E+02  .1011E+04   .9999770  .0055674  .0038752
T  728  2 .3168501E+07   1800020E-01 -.5531E+03 -.4749E+03   .9999863 -.0028315 -.0044041
T  729  2 .3143390E+07   1800014E-01 -.2369E+04  .1644E+04   .9991324 -.0398384  .0121367
T  730  2 .3147863E+07   1800018E-01 -.1991E+04  .2080E+03   .9999729 -.0073647  .0000262
T  731  2 .3216607E+07   1800020E-01 -.4627E+03  .8679E+02   .9999871  .0023706 -.0044890
T  732  2 .3119378E+07   1800017E-01  .1103E+04  .1385E+04   .9998333  .0121223  .0136509
T  733  2 .3138685E+07   1800014E-01 -.2712E+03  .9041E+03   .9999960  .0028203  .0000081
T  734  2 .3219542E+07   1800021E-01  .6993E+03  .9265E+03   .9998330  .0144922  .0111318
T  735  2 .3097970E+07   1800012E-01 -.1054E+04  .2063E+04   .9998119 -.0057172  .0185320
T  736  2 .3155040E+07   1800013E-01  .3769E+03  .1133E+03   .9999433  .0100610 -.0035000
T  737  2 .3092888E+07   1800000E-01  .7462E+03 -.1570E+04   .9998542  .0103152 -.0136068
T  738  2 .3133078E+07   1800006E-01 -.2234E+02  .1236E+04   .9997576 -.0015689  .0219598
T  739  2 .3147906E+07   1800007E-01  .1837E+03  .1646E+03   .9999872  .0041993  .0028322
T  740  2 .3141231E+07   1800001E-01  .1839E+03  .3685E+04   .9974489  .0173228  .0692499
T  741  2 .3161887E+07   1800022E-01 -.6330E+02  .1778E+04   .9998486  .0090031  .0148879
T  742  2 .3072212E+07   1800014E-01  .4107E+03  .9711E+03   .9998652 -.0081563  .0142515
T  743  2 .3075649E+07   1800007E-01  .5792E+03  .1668E+04   .9990448 -.0014583  .0436726
T  744  2 .3147160E+07   1800001E-01  .5372E+03 -.9922E+03   .9998167  .0105829 -.0159522
T  745  2 .3130966E+07   1800018E-01 -.1055E+04 -.9418E+03   .9999741 -.0067777 -.0024285
T  746  2 .3188104E+07   1800019E-01 -.1275E+04  .1172E+04   .9999023 -.0073631  .0118855
T  747  2 .3104454E+07   1800008E-01 -.1672E+04  .6375E+03   .9998213 -.0169953  .0082793
T  748  2 .3117484E+07   1800018E-01 -.1540E+02  .1323E+04   .9999052  .0021858  .0135915
T  749  2 .3101007E+07   1800000E-01  .7533E+03  .1011E+04   .9996217  .0079716  .0263219
T  750  2 .3122716E+07   1800009E-01 -.2499E+04  .1476E+04   .9994085 -.0297345  .0172769
T  751  2 .3139508E+07   1800012E-01 -.1548E+04 -.7848E+03   .9998628 -.0162324  .0032980
T  752  2 .3069340E+07   1800010E-01 -.2309E+04  .1725E+04   .9997444 -.0173536  .0144887
T  753  2 .3127805E+07   1800015E-01 -.5978E+03  .1016E+04   .9997870 -.0069054  .0194502
T  755  2 .2450387E+07   1800014E-01  .2996E+05  .3615E+03   .9798909  .1995334  .0005634
T  756  2 .3110380E+07   1800015E-01 -.1950E+03  .2374E+03   .9998415 -.0111114  .0139113
T  757  2 .3179314E+07   1800012E-01  .1006E+04 -.1575E+04   .9997676  .0162589 -.0141531
T  758  2 .3089058E+07   1800008E-01  .1606E+04  .1844E+03   .9997434  .0215135  .0070954
T  759  2 .3095320E+07   1800019E-01 -.1631E+02  .6741E+02   .9999140 -.0052579  .0120139
T  760  2 .3135365E+07   1800014E-01 -.6883E+03  .1350E+04   .9998086 -.0061504  .0185749
T  761  2 .3170168E+07   1800013E-01  .1451E+04  .1905E+04   .9997946  .0177517  .0097797
T  762  2 .3106970E+07   1800017E-01 -.6834E+03  .3109E+03   .9998948 -.0117334 -.0085321
T  763  2 .3170772E+07   1800016E-01  .1561E+04  .5538E+03   .9997029  .0155877  .0187375
T  764  2 .3198813E+07   1800017E-01  .2396E+03  .1536E+03   .9999933 -.0000056 -.0036515
T  765  2 .3122320E+07   1800020E-01 -.9980E+03 -.1513E+04   .9997414 -.0191652 -.0122411
T  766  2 .3154928E+07   1800005E-01  .2746E+03 -.6249E+03   .9997152  .0175695 -.0161503
T  767  2 .3152119E+07   1800020E-01  .8641E+03  .5283E+03   .9993341  .0361615  .0048599
T  768  2 .3145707E+07   1800010E-01  .1208E+04 -.2076E+04   .9999014  .0067668 -.0123066
T  769  2 .3172235E+07   1800008E-01 -.7113E+03 -.2144E+04   .9994653 -.0149607 -.0290737
T  770  2 .3176806E+07   1800018E-01 -.1059E+03  .1226E+02   .9999239 -.0074969  .0097997
T  771  2 .3156056E+07   1800014E-01 -.3517E+03 -.8948E+03   .9999970  .0022798  .0008721
T  772  2 .3190819E+07   1800000E-01 -.1818E+04  .1517E+04   .9998922 -.0127799  .0072305
T  773  2 .3152990E+07   1800021E-01  .7535E+03  .1249E+03   .9996483  .0258829  .0057800
T  774  2 .3106144E+07   1800018E-01 -.1598E+04 -.1038E+04   .9999312 -.0113563  .0029515
T  775  2 .3177815E+07   1800018E-01  .1124E+04 -.5260E+03   .9999940  .0023778  .0025231
T  776  2 .3160254E+07   1800003E-01 -.6658E+03  .7353E+03   .9993759 -.0183210  .0302029
T  777  2 .3127934E+07   1800020E-01 -.5606E+03  .7981E+02   .9999005  .0140998  .0004470
T  778  2 .3132639E+07   1800019E-01  .3002E+03 -.1863E+04   .9999219  .0072228 -.0101945
T  779  2 .3098778E+07   1800008E-01  .1473E+04 -.5182E+03   .9990278  .0439336  .0036480
T  780  2 .3081821E+07   1800017E-01  .5223E+03  .4084E+04   .9986606  .0154399  .0493820
T  781  2 .3106390E+07   1800021E-01  .9004E+03 -.1390E+04   .9998534  .0169514 -.0024111
T  782  2 .3105938E+07   1800002E-01 -.8497E+03 -.1342E+04   .9996574 -.0203168 -.0165048
T  783  2 .3176356E+07   1800021E-01 -.2032E+03  .2048E+03   .9999798 -.0021406  .0059837
T  784  2 .3124543E+07   1800011E-01  .9517E+03 -.7224E+03   .9996733  .0253280 -.0034365
T  785  2 .3118168E+07   1800008E-01 -.3169E+02 -.3050E+03   .9999613  .0043360  .0076488
T  786  2 .3079548E+07   1800018E-01  .1582E+04 -.3242E+03   .9998205  .0176020  .0070050
T  787  2 .3152917E+07   1800022E-01 -.5665E+03 -.1310E+04   .9996280 -.0089736 -.0257557
T  788  2 .3136772E+07   1800009E-01 -.7232E+03  .5255E+03   .9998755 -.0070011  .0141384
T  789  2 .3182471E+07   1800010E-01  .4136E+04  .5553E+03   .9984756  .0549898  .0047604
T  790  2 .3095031E+07   1800009E-01  .2208E+03  .9630E+02   .9999782  .0015913 -.0064042
T  791  2 .3201039E+07   1800006E-01  .2718E+04  .6167E+04   .9994874  .0112911  .0299561
T  792  2 .3155699E+07   1800021E-01  .6783E+03  .1177E+04   .9993039  .0072428  .0365968
T  793  2 .3147514E+07   1800015E-01  .4889E+04 -.3155E+04   .9995345  .0261269 -.0157520
T  794  2 .3198560E+07   1800020E-01  .1046E+04 -.7022E+03   .9999931  .0029109 -.0023117
T  795  2 .3122197E+07   1800002E-01  .5380E+03  .8663E+02   .9999266  .0105948  .0058692
T  796  2 .3156904E+07   1800014E-01  .1823E+03  .1020E+04   .9994570 -.0162080  .0286874
T  797  2 .3096298E+07   1800016E-01 -.4419E+03 -.1743E+04   .9998011 -.0041266 -.0195145
T  798  2 .3146881E+07   1800000E-01 -.8495E+03  .1378E+03   .9998875  .0066291 -.0134558
T  799  2 .3145578E+07   1800008E-01  .3115E+03  .1266E+04   .9999687  .0016218 -.0077391
T  800  2 .3142700E+07   1800014E-01 -.4180E+02 -.9263E+03   .9999817 -.0052213 -.0030710
T  801  2 .3139969E+07   1800017E-01  .1094E+04  .2440E+03   .9999469  .0100858  .0021172
T  802  2 .3123372E+07   1800016E-01  .5093E+03 -.5815E+03   .9998357 -.0015587  .0180575
T  803  2 .3146876E+07   1800017E-01  .1247E+04  .6136E+03   .9999580  .0087205  .0028089
T  804  2 .3116223E+07   1800004E-01  .3983E+03 -.6593E+02   .9999923 -.0007812 -.0038355
T  805  2 .3126547E+07   1800010E-01  .1065E+04  .1998E+03   .9999118  .0118717  .0059558
T  806  2 .3116988E+07   1800001E-01 -.2868E+03  .6524E+03   .9998679 -.0130952  .0096244
T  807  2 .3146680E+07   1800018E-01  .3815E+03 -.9951E+03   .9990581  .0395615  .0178282
T  808  2 .3181206E+07   1800005E-01  .1270E+04  .3746E+03   .9998577  .0141901  .0091275
T  809  2 .3111179E+07   1800014E-01 -.3229E+03 -.3837E+03   .9999478 -.0044954  .0091733
T  810  2 .3122955E+07   1800003E-01 -.7239E+03  .8453E+03   .9991143  .0205740  .0367048
T  811  2 .3056293E+07   1800001E-01 -.2163E+03 -.3460E+03   .9998843 -.0125303 -.0086237
T  812  2 .3104908E+07   1800017E-01  .1093E+04  .1913E+02   .9997577  .0164692  .0146033
T  813  2 .3124127E+07   1800001E-01  .2316E+03 -.2930E+03   .9996436 -.0217335  .0155037
T  814  2 .3190606E+07   1800009E-01  .1363E+04 -.1600E+04   .9994870  .0201922 -.0248587
T  815  2 .3118119E+07   1800003E-01  .3555E+03  .6714E+03   .9999768  .0040925  .0054522
T  816  2 .3152205E+07   1800002E-01  .1740E+02 -.2470E+03   .9999588  .0008769 -.0090376
T  817  2 .3169105E+07   1800016E-01 -.2179E+04 -.6267E+03   .9995822 -.0271188 -.0099967
T  818  2 .3144721E+07   1800021E-01 -.3242E+03  .1187E+04   .9999155 -.0015695  .0129041
T  819  2 .3198468E+07   1800015E-01  .2332E+03 -.8085E+03   .9996465  .0209742 -.0163361
T  820  2 .3156721E+07   1800020E-01 -.9780E+03  .1231E+04   .9998583 -.0087021  .0144123
T  821  2 .3102412E+07   1800001E-01  .9166E+02  .2018E+01   .9999816  .0058552  .0016118
T  822  2 .3134531E+07   1800005E-01  .1811E+03 -.5453E+03   .9999571  .0078608 -.0049066
T  823  2 .3092642E+07   1800015E-01 -.9779E+03 -.2758E+04   .9990451 -.0163324 -.0405235
T  824  2 .3100166E+07   1800019E-01  .2394E+03  .2164E+03   .9999436  .0095831  .0045689
T  825  2 .3050524E+07   1800010E-01  .6315E+03  .7361E+02   .9994609  .0285536 -.0162080
T  826  2 .3142893E+07   1800002E-01  .7607E+03 -.2944E+04   .9996950  .0015549 -.0246457
T  827  2 .3129217E+07   1800012E-01 -.1497E+04  .2837E+04   .9968711 -.0473376  .0633020
T  828  2 .3108804E+07   1800020E-01 -.4642E+03 -.1618E+04   .9998988 -.0021385 -.0140620
T  829  2 .3133313E+07   1800022E-01  .1086E+04 -.1873E+03   .9999763 -.0059190 -.0035211
T  830  2 .3035898E+07   1800016E-01  .4092E+04 -.6798E+03   .9994079  .0337005  .0069398
T  831  2 .3184528E+07   1800018E-01  .5597E+02  .4753E+03   .9999438 -.0103148 -.0024325
T  832  2 .3095135E+07   1800016E-01 -.2212E+04  .1748E+03   .9998436 -.0066490  .0163904
T  833  2 .3160196E+07   1800008E-01 -.1533E+04 -.3135E+03   .9999458 -.0101870 -.0021477
T  834  2 .3087429E+07   1800021E-01  .1277E+04  .3186E+03   .9999383  .0109885  .0016249
T  835  2 .3125235E+07   1800018E-01 -.5929E+03 -.3280E+02   .9999726 -.0061929 -.0040517
T  836  2 .3113179E+07   1800012E-01 -.3382E+03  .4054E+03   .9998793 -.0003074  .0155346
T  837  2 .3128001E+07   1800006E-01  .2412E+03 -.2808E+03   .9999814 -.0012203 -.0059751
T  838  2 .3115885E+07   1800007E-01  .1027E+04 -.2243E+03   .9999681  .0074818 -.0027898
T  839  2 .3148114E+07   1800015E-01 -.1046E+04 -.1374E+04   .9999976 -.0003423 -.0021583
T  840  2 .3066974E+07   1800016E-01  .1959E+04 -.8950E+03   .9988350  .0440545  .0196961
T  841  2 .3102648E+07   1800015E-01  .7786E+03 -.1102E+04   .9997361  .0117059 -.0197667
T  842  2 .3132868E+07   1800008E-01 -.8614E+03  .1034E+04   .9999676  .0004842  .0080377
T  843  2 .3149271E+07   1800019E-01  .5035E+01  .1103E+03   .9999720  .0072396 -.0018776
T  844  2 .3130913E+07   1800015E-01 -.2912E+02 -.5474E+03   .9999525  .0097504 -.0000177
T  845  2 .3055229E+07   1800012E-01  .5959E+03  .9947E+03   .9999625  .0075728  .0042007
T  846  2 .3119066E+07   1800013E-01 -.1065E+04  .9044E+03   .9998176 -.0187790  .0034794
T  847  2 .3104624E+07   1800012E-01 -.1834E+04  .1880E+04   .9998424 -.0130386  .0120450
T  848  2 .3044685E+07   1800013E-01  .1173E+04  .8499E+03   .9999638  .0064440  .0055551
T  849  2 .3167378E+07   1800020E-01 -.6975E+03  .4180E+03   .9999622 -.0060337 -.0062603
T  850  2 .3114385E+07   1800011E-01  .4558E+02 -.4900E+03   .9998510 -.0121785 -.0122316
T  851  2 .3115639E+07   1800004E-01  .1181E+04  .1391E+04   .9996981  .0145284  .0198152
T  852  2 .3136822E+07   1800005E-01 -.2878E+04 -.1919E+04   .9992678 -.0244696 -.0294116
T  853  2 .3075235E+07   1800008E-01  .1343E+04  .1940E+03   .9999502  .0095736 -.0028055
T  854  2 .3077874E+07   1800000E-01  .3865E+03  .2268E+04   .9998308  .0008126  .0183783
T  855  2 .3124369E+07   1800017E-01 -.1632E+03  .7940E+03   .9998791 -.0145020  .0056156
T  856  2 .3091957E+07   1800016E-01  .4495E+03  .2258E+04   .9993928  .0078257  .0339534
T  857  2 .3149513E+07   1800001E-01  .1042E+05  .5045E+04   .9974715  .0671228  .0233496
T  858  2 .3129770E+07   1800013E-01  .1492E+04  .1882E+03   .9999403  .0092392  .0058307
T  859  2 .3158677E+07   1800007E-01 -.5462E+03 -.1459E+04   .9997660 -.0016377 -.0215712
T  860  2 .3122828E+07   1800018E-01  .1028E+04  .8229E+03   .9999176  .0100093  .0080371
T  861  2 .3039651E+07   1800014E-01  .1468E+04  .5270E+03   .9999485  .0091776  .0043375
T  862  2 .3177444E+07   1800007E-01 -.1201E+03 -.2731E+04   .9996719  .0039383 -.0253096
T  863  2 .3132069E+07   1800019E-01 -.2510E+03 -.1857E+04   .9998980  .0052857 -.0132722
T  864  2 .3155672E+07   1800004E-01  .1556E+04 -.7079E+03   .9999037  .0119275  .0070935
T  865  2 .3179324E+07   1800016E-01  .2957E+04 -.6478E+03   .9997885  .0189299 -.0080382
T  866  2 .3128549E+07   1800017E-01  .3548E+03  .1133E+04   .9997461  .0225284 -.0004590
T  867  2 .3176243E+07   1800019E-01 -.1363E+04  .1042E+04   .9999782 -.0059363  .0028982
T  868  2 .3164602E+07   1800018E-01  .6513E+03 -.6912E+03   .9999020 -.0008626 -.0139722
T  869  2 .3167394E+07   1800015E-01 -.1269E+03 -.5783E+03   .9996839 -.0078958 -.0238701
T  870  2 .3114922E+07   1800014E-01 -.1342E+04 -.1715E+03   .9999703 -.0072982 -.0024831
T  871  2 .3147915E+07   1800020E-01 -.8135E+03  .1304E+04   .9999170 -.0030412  .0125169
T  872  2 .3138092E+07   1800018E-01  .3703E+03  .2417E+03   .9999853  .0054036 -.0004040
T  873  2 .3126229E+07   1800021E-01  .9065E+03 -.9111E+03   .9999802  .0057771 -.0024989
T  874  2 .3142310E+07   1800021E-01  .4735E+03  .4646E+03   .9999992  .0008509 -.0009072
T  875  2 .3088465E+07   1800012E-01  .4836E+03 -.2738E+04   .9995300  .0132187 -.0276604
T  876  2 .3130217E+07   1800002E-01 -.1308E+04 -.1757E+04   .9997754 -.0131022 -.0166557
T  877  2 .3115021E+07   1800000E-01  .7160E+03 -.2382E+03   .9997412 -.0151218 -.0169965
T  878  2 .3134985E+07   1800016E-01  .2092E+03 -.5757E+03   .9998970  .0024235 -.0141429
T  879  2 .3091306E+07   1800002E-01 -.1538E+04  .1534E+03   .9999536 -.0089665  .0035203
T  880  2 .3145378E+07   1800003E-01  .8876E+03 -.1894E+04   .9995593  .0225778 -.0192709
T  881  2 .3086590E+07   1800015E-01 -.7492E+03  .8676E+03   .9999640 -.0056588  .0063170
T  882  2 .3146852E+07   1800021E-01  .1144E+04 -.1014E+04   .9997533  .0194111 -.0107979
T  883  2 .3134263E+07   1800002E-01 -.1539E+04  .6732E+03   .9997657 -.0193676  .0096711
T  884  2 .3139045E+07   1800016E-01 -.6286E+03  .3340E+03   .9999934  .0034272 -.0012219
T  885  2 .3191418E+07   1800012E-01 -.8898E+03  .5453E+03   .9999113 -.0132426  .0014306
T  886  2 .3091562E+07   1800010E-01 -.8325E+03 -.9111E+03   .9998959 -.0108536 -.0095125
T  887  2 .3183166E+07   1800015E-01  .1213E+04  .1924E+03   .9997592  .0211223  .0059425
T  888  2 .3124341E+07   1800005E-01  .1015E+04  .1074E+04   .9999231  .0050621  .0113241
T  889  2 .3189310E+07   1800017E-01  .9723E+03  .3469E+04   .9993599 -.0030222  .0356449
T  890  2 .3140133E+07   1800014E-01  .3072E+03  .8458E+03   .9999893 -.0037266  .0027234
T  891  2 .3054460E+07   1800021E-01  .1629E+04  .2092E+04   .9951625  .0965821 -.0179854
T  892  2 .3098887E+07   1800002E-01 -.1118E+04  .2342E+04   .9996233 -.0147718  .0231323
T  893  2 .3117922E+07   1800017E-01  .2232E+04 -.1209E+04   .9980603  .0493088 -.0380043
T  894  2 .3100026E+07   1800008E-01  .5806E+02 -.1399E+04   .9998650  .0068371 -.0149401
T  895  2 .3148673E+07   1800013E-01 -.9643E+03  .4031E+03   .9999555 -.0045344  .0082695
T  896  2 .3129796E+07   1800021E-01  .9551E+03 -.8712E+03   .9999259  .0058235 -.0106863
T  897  2 .3164043E+07   1800001E-01  .1568E+04 -.1567E+04   .9998782  .0099442 -.0120301
T  898  2 .3113761E+07   1800018E-01 -.1332E+04 -.9037E+02   .9997403 -.0213047  .0080939
T  899  2 .3146516E+07   1800013E-01  .3398E+03  .8566E+03   .9999511 -.0094134  .0030245
T  900  2 .3174487E+07   1800018E-01  .4027E+04  .8658E+03   .9996224  .0264665  .0073928
T  901  2 .3176493E+07   1800011E-01 -.1504E+03 -.4063E+03   .9998860 -.0146786 -.0035514
T  902  2 .3035817E+07   1800012E-01  .1330E+04 -.2403E+04   .9996855  .0152715 -.0198923
T  903  2 .3123557E+07   1800011E-01 -.3197E+03  .1482E+03   .9998912 -.0136704  .0055443
T  904  2 .3116783E+07   1800001E-01  .6993E+03 -.3181E+03   .9998596  .0096525 -.0136955
T  905  2 .3161712E+07   1800015E-01 -.2444E+04  .3618E+02   .9995424 -.0295107  .0066421
T  906  2 .3187395E+07   1800020E-01  .7411E+02  .1336E+04   .9998410  .0120387  .0131509
T  907  2 .3079332E+07   1800014E-01  .2736E+03 -.3636E+02   .9999520  .0067776  .0070715
T  908  2 .3174198E+07   1800012E-01 -.2170E+03  .1483E+04   .9999818 -.0041115  .0044223
T  909  2 .3118772E+07   1800020E-01  .1426E+04  .1788E+04   .9996912  .0129383  .0212133
T  910  2 .3169051E+07   1800015E-01 -.1723E+04  .2078E+04   .9995811 -.0264436  .0117586
T  911  2 .3129269E+07   1800012E-01  .1320E+04 -.2499E+03   .9999847  .0036659  .0041440
T  912  2 .3154202E+07   1800016E-01 -.1083E+04 -.3486E+03   .9999363 -.0079343 -.0080293
T  913  2 .3189343E+07   1800011E-01 -.1980E+03  .2684E+04   .9991164  .0002946  .0420278
T  914  2 .3124057E+07   1800017E-01  .7650E+03  .7523E+02   .9999616  .0066065 -.0057623
T  915  2 .3158411E+07   1800007E-01 -.3689E+04 -.2217E+04   .9996245 -.0237504 -.0136644
T  916  2 .3153713E+07   1800005E-01  .1239E+04 -.1258E+03   .9997210  .0221019  .0083354
T  917  2 .3145093E+07   1800014E-01 -.6994E+03 -.6816E+03   .9998587  .0067195 -.0154072
T  918  2 .3089629E+07   1800011E-01 -.1180E+04 -.1316E+04   .9998420 -.0144014 -.0104208
T  919  2 .3095533E+07   1800004E-01  .7850E+03 -.5034E+03   .9997921  .0188082 -.0078771
T  920  2 .3189036E+07   1800021E-01  .3003E+04 -.2182E+04   .9998138  .0165961 -.0098447
T  921  2 .3098287E+07   1800017E-01 -.1337E+04 -.1281E+04   .9995970 -.0217039 -.0182974
T  922  2 .3130049E+07   1800018E-01 -.6861E+03 -.8585E+03   .9999816 -.0011925 -.0059534
T  923  2 .3118554E+07   1800017E-01 -.1304E+04  .9049E+02   .9998493 -.0083424 -.0152251
T  924  2 .3195154E+07   1800008E-01  .9132E+02  .1625E+04   .9999946  .0008310  .0031674
T  925  2 .3182373E+07   1800013E-01 -.7052E+03  .8705E+03   .9998515 -.0148161  .0088067
T  926  2 .3154824E+07   1800016E-01 -.4480E+03  .1363E+04   .9995984 -.0230247  .0165168
T  927  2 .3109519E+07   1800002E-01 -.7527E+03 -.2381E+03   .9999746 -.0068706 -.0019126
T  928  2 .3103944E+07   1800006E-01 -.1774E+04  .1294E+04   .9997984 -.0171053  .0105159
T  929  2 .3119084E+07   1800021E-01  .2458E+03 -.1451E+04   .9997132  .0161323 -.0177013
T  930  2 .3158604E+07   1800018E-01 -.5859E+03  .8176E+02   .9999568 -.0040365  .0083742
T  931  2 .3155859E+07   1800012E-01 -.8514E+03  .8258E+03   .9999706  .0000950  .0076615
T  932  2 .3147419E+07   1800021E-01  .3381E+03 -.4248E+03   .9999590 -.0055720 -.0071431
T  933  2 .2981241E+07   1800009E-01 -.2368E+05 -.2336E+05   .9791276 -.1559045 -.1303951
T  934  2 .3163969E+07   1800009E-01  .1068E+04 -.1434E+04   .9998281  .0131366 -.0130812
T  935  2 .3165142E+07   1800014E-01 -.4781E+04 -.4172E+04   .9983768 -.0489064 -.0291864
T  936  2 .3135768E+07   1800001E-01 -.1770E+03 -.6617E+03   .9998202  .0171652 -.0080605
T  937  2 .3113618E+07   1800012E-01  .1716E+03 -.7797E+03   .9999755 -.0002042 -.0070029
T  938  2 .3113103E+07   1800002E-01 -.5024E+02 -.1396E+04   .9998788 -.0041684 -.0150007
T  939  2 .3144874E+07   1800010E-01  .9575E+03 -.1054E+02   .9999572  .0076340  .0052264
T  940  2 .3124929E+07   1800013E-01 -.2085E+04 -.2232E+03   .9995649 -.0294692 -.0012774
T  941  2 .3102499E+07   1800012E-01  .3573E+03  .1206E+04   .9999955  .0003125 -.0029854
T  942  2 .3094861E+07   1800020E-01  .1609E+04 -.1313E+04   .9999231  .0101266 -.0071641
T  943  2 .3138676E+07   1800012E-01  .6627E+03  .3729E+02   .9998500  .0167412 -.0044357
T  944  2 .3192190E+07   1800005E-01 -.3397E+03 -.8464E+03   .9999244 -.0009809 -.0122591
T  945  2 .3152382E+07   1800020E-01  .1088E+04  .1903E+04   .9996342  .0130697  .0236775
T  946  2 .3126366E+07   1800014E-01 -.2862E+03 -.2368E+04   .9998566  .0071223 -.0153643
T  947  2 .3140089E+07   1800016E-01  .2827E+01  .7256E+03   .9999043 -.0066633  .0121211
T  948  2 .3183506E+07   1800016E-01  .4458E+03 -.8979E+03   .9997448  .0034669 -.0223220
T  949  2 .3115019E+07   1800004E-01  .2214E+03  .5101E+03   .9999055 -.0130842 -.0042083
T  950  2 .3132862E+07   1800002E-01 -.1385E+04  .1833E+03   .9998264 -.0186067 -.0009425
T  951  2 .3097649E+07   1800010E-01  .5731E+03 -.8587E+02   .9994609 -.0276483  .0177032
T  952  2 .3104688E+07   1800016E-01 -.2540E+04 -.6381E+03   .9994035 -.0315479 -.0140456
T  953  2 .3120511E+07   1800012E-01  .2910E+03 -.7775E+02   .9998717  .0131759  .0091060
T  954  2 .3110066E+07   1800018E-01 -.8249E+03  .1551E+04   .9999890 -.0020641  .0042201
T  955  2 .3184402E+07   1800015E-01  .2262E+04 -.2013E+04   .9986288  .0304116 -.0426113
T  956  2 .3150411E+07   1800010E-01  .1542E+04  .1433E+04   .9997893  .0122658  .0164591
T  957  2 .3142091E+07   1800015E-01 -.9069E+03 -.2303E+04   .9997517 -.0121947 -.0186523
T  958  2 .3127847E+07   1800015E-01  .4485E+03  .4166E+03   .9999667  .0052475  .0062447
T  959  2 .3119216E+07   1800001E-01  .4816E+03  .2656E+03   .9997702  .0202241  .0071096
T  960  2 .3170994E+07   1800005E-01 -.3892E+03  .1056E+04   .9999580 -.0089130 -.0021386
T  961  2 .3159653E+07   1800009E-01 -.3521E+03  .1237E+04   .9995561 -.0004261  .0297887
T  962  2 .3179114E+07   1800016E-01 -.1392E+04  .2725E+02   .9999584 -.0032674 -.0085193
T  963  2 .3175937E+07   1800002E-01 -.2313E+04  .2736E+02   .9995524 -.0296624  .0038936
T  964  2 .3080459E+07   1800014E-01  .2658E+04 -.3193E+03   .9991213  .0387457 -.0159841
T  965  2 .3145663E+07   1800021E-01 -.7293E+03 -.2143E+04   .9998637  .0034938 -.0161392
T  966  2 .3114247E+07   1800012E-01 -.9791E+03 -.3655E+03   .9998929 -.0105581 -.0101360
T  967  2 .3122737E+07   1800013E-01 -.2162E+04  .5992E+03   .9997690 -.0202130  .0073031
T  968  2 .3098577E+07   1800020E-01 -.9827E+03  .2324E+03   .9999126 -.0086029  .0100398
T  969  2 .3159951E+07   1800014E-01 -.1646E+03  .7792E+03   .9999220 -.0006979  .0124682
T  970  2 .3144571E+07   1800017E-01 -.5679E+03  .2794E+03   .9999944  .0006356 -.0032839
T  971  2 .3122419E+07   1800009E-01  .5119E+01 -.5391E+03   .9999748 -.0058204 -.0040565
T  972  2 .3139961E+07   1800008E-01 -.2160E+03 -.1329E+04   .9998778 -.0055705 -.0146078
T  973  2 .3157705E+07   1800004E-01 -.3976E+03  .1201E+04   .9999001  .0085665  .0112447
T  974  2 .3067331E+07   1800018E-01 -.2504E+03 -.2070E+04   .9998589  .0054515 -.0158894
T  975  2 .3137890E+07   1800003E-01 -.6041E+04 -.1092E+05   .9981076 -.0358212 -.0499803
T  976  2 .3174844E+07   1800008E-01  .1712E+04  .1964E+04   .9998842  .0031121  .0148931
T  977  2 .3184941E+07   1800011E-01 -.1650E+04 -.7307E+03   .9999339 -.0098198  .0059833
T  978  2 .3074165E+07   1800022E-01  .5862E+02  .5616E+01   .9997632 -.0054967  .0210568
T  979  2 .3122469E+07   1800013E-01  .1499E+04 -.7860E+03   .9998739  .0139574 -.0075752
T  980  2 .3164759E+07   1800005E-01  .6679E+03 -.5042E+03   .9999627 -.0034434 -.0079266
T  981  2 .3171235E+07   1800021E-01 -.5749E+03  .1381E+04   .9999137 -.0057533  .0118099
T  982  2 .3144238E+07   1800013E-01 -.7249E+03 -.1510E+04   .9998628 -.0083000 -.0143352
T  983  2 .3105634E+07   1800001E-01 -.2069E+04  .9362E+03   .9995259 -.0266474  .0154260
T  984  2 .3150341E+07   1800001E-01 -.8220E+03  .2016E+04   .9997444 -.0119178  .0192117
T  985  2 .3165037E+07   1800011E-01  .3820E+03  .5101E+02   .9999979 -.0019045  .0008048
T  986  2 .3165618E+07   1800011E-01  .2743E+03 -.8698E+03   .9999988  .0007669  .0013360
T  987  2 .3154799E+07   1800012E-01  .9387E+03 -.4641E+03   .9998043  .0192794 -.0044298
T  988  2 .3112569E+07   1800007E-01  .2832E+04 -.3104E+03   .9995205  .0309382  .0012425
T  989  2 .3124475E+07   1800016E-01 -.6843E+03 -.1142E+04   .9999290 -.0095336  .0071452
T  990  2 .3122242E+07   1800000E-01 -.2837E+03 -.9874E+03   .9999051  .0127968 -.0051028
T  991  2 .3047891E+07   1800016E-01 -.6914E+04 -.1870E+04   .9984356 -.0540171 -.0144365
T  992  2 .3178956E+07   1800015E-01 -.6353E+03  .9132E+03   .9999350  .0013666  .0113171
T  993  2 .3177428E+07   1800003E-01 -.2283E+03 -.3527E+03   .9999916 -.0008396  .0040158
T  994  2 .3113229E+07   1800000E-01  .2084E+04  .3198E+03   .9996717  .0255821  .0014591
T  995  2 .3113812E+07   1800011E-01  .1053E+04 -.7764E+03   .9998861  .0064373 -.0136544
T  996  2 .3154057E+07   1800021E-01 -.1503E+04  .1003E+04   .9995709 -.0267270  .0119828
T  997  2 .3172316E+07   1800008E-01  .5676E+03  .1087E+04   .9998494  .0136552  .0107059
T  998  2 .3101225E+07   1800009E-01  .3292E+02  .1009E+04   .9999623  .0005721  .0086589
T  999  2 .3126505E+07   1800018E-01  .9824E+03 -.5709E+03   .9998913 -.0004388 -.0147383
T 1000  2 .3121726E+07   1800012E-01 -.1102E+04 -.1066E+04   .9995104 -.0087605 -.0300354
