============================== SRIM-2008.04 ==============================
==============================================================================
===== TRIMOUT.txt: File of Transmitted / Backscattered / Sputtered Atoms =====
=  This file tabulates the kinetics of ions or atoms leaving the target.     =
=  Column #1: S= Sputtered Atom, B= Backscattered Ion, T= Transmitted Ion.   =
=  Col.#2: Ion Number, Col.#3: Z of atom leaving, Col.#4: Atom energy (eV).  =
=  Col.#5-7: Last location:  X= Depth into target, Y,Z= Transverse axes.     =
=  Col.#8-10: Cosines of final trajectory.                                   =
= *** This data file is in the same format as TRIM.DAT (see manual for uses).=
====== TRIM Calc.= He(5.48 MeV) ==> Mylar+Mylar+Mylar( 10.7 um) ==============
 Ion  Atom   Energy        Depth       Lateral-Position        Atom Direction      
 Numb Numb    (eV)          X(A)        Y(A)       Z(A)      Cos(X)  Cos(Y) Cos(Z) 
T    1  2 .4169352E+07   1080013E-01 -.7881E+03 -.5929E+03   .9999295 -.0117611 -.0016083
T    2  2 .4206532E+07   1080014E-01  .2526E+03 -.2985E+02   .9999880  .0047344 -.0012297
T    3  2 .4207464E+07   1080014E-01 -.7246E+03 -.8252E+03   .9998297 -.0102094 -.0153743
T    4  2 .4169652E+07   1080014E-01 -.5110E+03  .7435E+03   .9998968  .0010872  .0143280
T    5  2 .4198850E+07   1080009E-01 -.1112E+04 -.2372E+03   .9997481 -.0200765 -.0100314
T    6  2 .4164574E+07   1080009E-01 -.1037E+02 -.5575E+03   .9999196  .0042619 -.0119447
T    7  2 .4209028E+07   1080015E-01  .4012E+02 -.4065E+03   .9999676  .0053433 -.0060286
T    8  2 .4213640E+07   1080019E-01 -.5779E+03  .1893E+03   .9999115 -.0112079  .0071718
T    9  2 .4168702E+07   1080014E-01  .6917E+02 -.3610E+03   .9999752 -.0035590 -.0060830
T   10  2 .4168928E+07   1080001E-01  .3685E+03 -.2500E+03   .9999506  .0072350 -.0068160
T   11  2 .4142140E+07   1080016E-01  .6869E+03  .3877E+01   .9999332  .0114514 -.0015974
T   12  2 .4169303E+07   1080020E-01 -.1687E+04 -.3098E+04   .9949712 -.0453443 -.0893093
T   13  2 .4194614E+07   1080019E-01 -.1515E+03  .3306E+03   .9999443 -.0067490  .0081140
T   14  2 .4167712E+07   1080000E-01  .7450E+02  .1242E+03   .9999949  .0027943 -.0015400
T   15  2 .4203386E+07   1080012E-01  .6578E+03  .4574E+03   .9999765  .0068404  .0004296
T   16  2 .4172734E+07   1080009E-01 -.2355E+03  .7211E+03   .9999189  .0017411  .0126167
T   17  2 .4175803E+07   1080022E-01 -.1633E+03 -.3252E+03   .9999759 -.0045442 -.0052410
T   18  2 .4182624E+07   1080010E-01  .1808E+03 -.3134E+03   .9997359  .0228096  .0028196
T   19  2 .4213477E+07   1080018E-01 -.3732E+03 -.5380E+03   .9999807 -.0060796 -.0012672
T   20  2 .4203324E+07   1080012E-01  .9814E+03  .4967E+03   .9998143  .0111423  .0157218
T   21  2 .4154983E+07   1080006E-01  .1056E+03  .6170E+02   .9999898  .0006283 -.0044736
T   22  2 .4189769E+07   1080003E-01  .3839E+01  .2251E+03   .9999950 -.0025600 -.0018552
T   23  2 .4187781E+07   1080016E-01 -.9125E+03  .4988E+03   .9999209 -.0097969  .0078893
T   24  2 .4206918E+07   1080012E-01 -.1193E+03  .6938E+03   .9998722 -.0010213  .0159521
T   25  2 .4166478E+07   1080021E-01 -.2954E+03  .1367E+03   .9999786  .0065134  .0005327
T   26  2 .4198286E+07   1080016E-01  .2840E+03 -.1273E+01   .9999958  .0017460 -.0023258
T   27  2 .4165544E+07   1080012E-01  .5595E+03 -.3973E+03   .9999154  .0097884 -.0085657
T   28  2 .4168258E+07   1080006E-01  .9633E+02 -.2770E+03   .9999811  .0030366 -.0053448
T   29  2 .4183403E+07   1080006E-01 -.1272E+03  .1881E+03   .9999796  .0062740  .0011968
T   30  2 .4131957E+07   1080017E-01 -.7720E+03  .1727E+03   .9998821 -.0153456  .0005523
T   31  2 .4152526E+07   1080011E-01  .8020E+03 -.3355E+03   .9999326  .0104178  .0051187
T   32  2 .4199499E+07   1080020E-01  .2257E+02 -.5605E+03   .9999492  .0034609 -.0094666
T   33  2 .4143777E+07   1080007E-01  .1882E+04 -.3296E+04   .9958225  .0460610 -.0788406
T   34  2 .4202654E+07   1080003E-01 -.7170E+03 -.8865E+03   .9999028 -.0006044 -.0139266
T   35  2 .4219957E+07   1080021E-01  .1096E+03 -.1413E+04   .9998377  .0044736 -.0174523
T   36  2 .4213690E+07   1080001E-01  .2173E+03  .4713E+01   .9999841 -.0043842 -.0035440
T   37  2 .4176931E+07   1080021E-01  .4817E+03 -.5101E+03   .9999063  .0130718 -.0040531
T   38  2 .4177763E+07   1080016E-01  .2700E+03 -.5362E+03   .9998006  .0107798 -.0168100
T   39  2 .4185472E+07   1080016E-01 -.2807E+03  .1414E+03   .9999828  .0053652 -.0023852
T   40  2 .4211371E+07   1080012E-01 -.4114E+03 -.3087E+03   .9999213 -.0115797 -.0048324
T   41  2 .4175355E+07   1080015E-01 -.1439E+04  .1851E+04   .9995806 -.0230192  .0175695
T   42  2 .4182228E+07   1080010E-01 -.2931E+03  .5426E+02   .9999278 -.0054703  .0106947
T   43  2 .4140178E+07   1080010E-01  .8269E+02  .3850E+03   .9999720  .0010919  .0073977
T   44  2 .4195140E+07   1080017E-01 -.1709E+03  .2028E+03   .9999973 -.0020109  .0011822
T   45  2 .4205657E+07   1080000E-01  .1709E+03 -.7627E+03   .9999553  .0020560 -.0092314
T   46  2 .4179743E+07   1080009E-01  .4270E+03  .1180E+02   .9999848  .0054599  .0008186
T   47  2 .4160562E+07   1080016E-01  .6170E+02  .3094E+03   .9997710 -.0010031  .0213773
T   48  2 .4185920E+07   1080019E-01  .1168E+03 -.2559E+03   .9999247  .0088860 -.0084633
T   49  2 .4174091E+07   1080009E-01  .2679E+03  .4793E+03   .9999232  .0002436  .0123901
T   50  2 .4152634E+07   1080019E-01  .5851E+02 -.6000E+03   .9999569  .0009194 -.0092430
T   51  2 .4195242E+07   1080015E-01  .5084E+02 -.4905E+03   .9999617  .0023306 -.0084322
T   52  2 .4175977E+07   1080003E-01  .1366E+04  .3691E+03   .9995799  .0257739  .0132593
T   53  2 .4233930E+07   1080019E-01 -.3528E+03  .6271E+03   .9997502 -.0120743  .0188101
T   54  2 .4182572E+07   1080012E-01  .4899E+03 -.3207E+03   .9999515  .0089238 -.0041652
T   55  2 .4182061E+07   1080015E-01  .8010E+03  .8954E+02   .9999905  .0040353 -.0016211
T   56  2 .4148920E+07   1080006E-01 -.9007E+03  .2910E+03   .9999157 -.0125257  .0034174
T   57  2 .4216158E+07   1080018E-01 -.2757E+03  .1207E+02   .9999138 -.0124205 -.0042626
T   58  2 .4171247E+07   1080014E-01 -.7809E+03  .1906E+03   .9999436 -.0101486  .0031324
T   59  2 .4159782E+07   1080019E-01 -.4098E+03  .1926E+03   .9999513 -.0082643  .0053899
T   60  2 .4154891E+07   1080019E-01  .5592E+03 -.1754E+03   .9999504  .0088399 -.0045891
T   61  2 .4193177E+07   1080015E-01 -.6352E+03 -.1738E+03   .9999190 -.0010445 -.0126864
T   62  2 .4150979E+07   1080019E-01  .1004E+04  .9111E+02   .9999559  .0093758  .0005370
T   63  2 .4181067E+07   1080021E-01  .2919E+03 -.1276E+03   .9999825  .0056463  .0017798
T   64  2 .4207998E+07   1080007E-01 -.4381E+03  .3869E+03   .9999401 -.0100068  .0044411
T   65  2 .4200093E+07   1080020E-01  .2290E+03  .9035E+03   .9999327  .0059569  .0099508
T   66  2 .4218157E+07   1080020E-01 -.5820E+03  .4755E+02   .9999602 -.0080352  .0038876
T   67  2 .4191901E+07   1080016E-01  .8724E+02  .1965E+03   .9999885  .0026966  .0039579
T   68  2 .4165671E+07   1080001E-01  .7576E+00  .6325E+03   .9998151  .0135773  .0136141
T   69  2 .4205195E+07   1080001E-01 -.2264E+03  .2337E+02   .9999728 -.0065149 -.0034580
T   70  2 .4173973E+07   1080012E-01 -.7727E+03  .2554E+03   .9993380 -.0357028  .0069931
T   71  2 .4202495E+07   1080008E-01  .1308E+02  .8561E+03   .9999717  .0016222  .0073446
T   72  2 .4186490E+07   1080009E-01 -.6370E+02  .9048E+03   .9997907 -.0056423  .0196649
T   73  2 .4160395E+07   1080008E-01  .2068E+04 -.1307E+04   .9994810  .0288090 -.0144113
T   74  2 .4185566E+07   1080003E-01  .1913E+03  .4163E+03   .9999681  .0072655  .0033102
T   75  2 .4177134E+07   1080000E-01  .1169E+03  .1056E+03   .9999723  .0030382 -.0067891
T   76  2 .4185607E+07   1080003E-01 -.1451E+03 -.6480E+03   .9999101  .0019241 -.0132673
T   77  2 .4194355E+07   1080021E-01 -.1810E+03  .4357E+03   .9999844 -.0013434  .0054160
T   78  2 .4207102E+07   1080017E-01 -.2963E+03  .2963E+03   .9999466 -.0068668  .0077183
T   79  2 .4103340E+07   1080003E-01 -.5769E+03  .1099E+04   .9994177 -.0084421  .0330595
T   80  2 .4202458E+07   1080020E-01 -.2657E+02 -.2216E+03   .9999904  .0043468  .0005492
T   81  2 .4214060E+07   1080019E-01 -.3922E+03 -.3520E+03   .9999162 -.0128071 -.0019010
T   82  2 .4183981E+07   1080016E-01 -.6220E+02 -.2480E+03   .9999618 -.0010169 -.0086854
T   83  2 .4152447E+07   1080008E-01 -.2136E+03  .4843E+03   .9999748 -.0062380  .0033917
T   84  2 .4137055E+07   1080018E-01 -.3313E+03  .9246E+03   .9998675 -.0022596  .0161181
T   85  2 .4170010E+07   1080021E-01  .4634E+03 -.2591E+03   .9998792  .0152583 -.0029708
T   86  2 .4189962E+07   1080001E-01  .7189E+03 -.2422E+03   .9999382  .0110395  .0013179
T   87  2 .4212269E+07   1080001E-01 -.2433E+03 -.5498E+02   .9999734 -.0071840 -.0012514
T   88  2 .4181948E+07   1080015E-01 -.1877E+02  .5054E+02   .9999100 -.0128611  .0038067
T   89  2 .4204003E+07   1080011E-01 -.1844E+03  .3074E+03   .9999909 -.0013336  .0040592
T   90  2 .4197733E+07   1080022E-01 -.4290E+03 -.4813E+03   .9997626 -.0118160 -.0183038
T   91  2 .4213095E+07   1080012E-01 -.1823E+03  .3247E+04   .9989850 -.0104841  .0438059
T   92  2 .4171403E+07   1080002E-01  .4653E+03 -.9354E+03   .9998573  .0043134 -.0163326
T   93  2 .4161380E+07   1080012E-01  .7230E+03  .8456E+03   .9994576  .0177800  .0277211
T   94  2 .4147179E+07   1080015E-01  .1063E+04 -.2586E+03   .9997924  .0142683 -.0145465
T   95  2 .4172087E+07   1080001E-01  .1650E+03 -.4154E+03   .9998609 -.0010906 -.0166446
T   96  2 .4188932E+07   1080018E-01  .8650E+03 -.7203E+03   .9998586  .0054796 -.0158972
T   97  2 .4244009E+07   1080008E-01  .6432E+02  .2311E+03   .9999895 -.0045611 -.0005362
T   98  2 .4182823E+07   1080007E-01 -.2137E+03  .1155E+03   .9999887  .0023956  .0041113
T   99  2 .4178122E+07   1080008E-01 -.1544E+04 -.1468E+04   .9996294 -.0228935 -.0147321
T  100  2 .4173472E+07   1080019E-01  .1246E+03  .3399E+03   .9999982  .0017095  .0007826
T  101  2 .4180755E+07   1080017E-01 -.3453E+03 -.2309E+03   .9999319 -.0043564 -.0108311
T  102  2 .4191681E+07   1080003E-01  .1226E+03  .1596E+03   .9999569  .0021486  .0090279
T  103  2 .4205442E+07   1080017E-01 -.2654E+02  .1003E+03   .9999663 -.0082037  .0000867
T  104  2 .4198951E+07   1080015E-01  .2147E+03 -.5775E+02   .9999975  .0022243  .0001972
T  105  2 .4173242E+07   1080018E-01 -.7258E+03 -.1520E+03   .9998824 -.0152224 -.0018849
T  106  2 .4206385E+07   1080020E-01 -.1416E+03  .3794E+03   .9999856  .0026896  .0046364
T  107  2 .4145358E+07   1080003E-01 -.1193E+03  .7403E+03   .9999373 -.0051101  .0099676
T  108  2 .4142693E+07   1080014E-01 -.4694E+03 -.4332E+03   .9998717 -.0144556 -.0068947
T  109  2 .4173416E+07   1080006E-01  .1659E+03 -.1799E+04   .9996801  .0033557 -.0250672
T  110  2 .4178387E+07   1080004E-01 -.3552E+03 -.7500E+02   .9999490 -.0099626  .0016705
T  111  2 .4162752E+07   1080020E-01  .7158E+02 -.9729E+03   .9998073 -.0002150 -.0196280
T  112  2 .4169213E+07   1080019E-01  .4490E+03 -.3663E+03   .9999579  .0089938 -.0018326
T  113  2 .4157967E+07   1080021E-01  .1594E+03 -.1173E+03   .9999840 -.0036572  .0043174
T  114  2 .4219997E+07   1080002E-01  .6349E+03 -.3520E+04   .9994896 -.0029727 -.0318071
T  115  2 .4178901E+07   1080000E-01 -.4927E+02  .2534E+03   .9999704 -.0026735  .0072091
T  116  2 .4146537E+07   1080015E-01  .6255E+03 -.1679E+03   .9999289  .0096151 -.0070525
T  117  2 .4180540E+07   1080003E-01  .7093E+02  .1310E+03   .9999756  .0053530 -.0044903
T  118  2 .4170145E+07   1080003E-01 -.4896E+03  .2305E+03   .9999674 -.0057980  .0056179
T  119  2 .4217098E+07   1080014E-01  .1188E+03  .6028E+02   .9999810  .0058249  .0020001
T  120  2 .4153731E+07   1080013E-01 -.3516E+02  .2608E+03   .9999460  .0026140  .0100617
T  121  2 .4218222E+07   1080009E-01 -.5395E+02 -.5802E+03   .9998718  .0036126 -.0155979
T  122  2 .4170921E+07   1080021E-01  .9251E+03 -.7183E+03   .9998981  .0064609 -.0127302
T  123  2 .4190240E+07   1080015E-01 -.1346E+04 -.9268E+03   .9998748 -.0150847 -.0047788
T  124  2 .4234644E+07   1080011E-01 -.1241E+04 -.5304E+03   .9996675 -.0233299 -.0109829
T  125  2 .4193554E+07   1080016E-01 -.1761E+04 -.1777E+04   .9995434 -.0171568 -.0248737
T  126  2 .4189730E+07   1080018E-01 -.4060E+03 -.4758E+03   .9999762 -.0011556 -.0067976
T  127  2 .4145429E+07   1080017E-01  .2983E+03  .2827E+03   .9999569 -.0046657  .0080233
T  128  2 .4186608E+07   1080004E-01 -.7317E+03  .7428E+03   .9997796 -.0129335  .0165360
T  129  2 .4166402E+07   1080019E-01  .4378E+03  .1136E+03   .9999339  .0099831 -.0057110
T  130  2 .4185656E+07   1080010E-01 -.1235E+04  .9584E+03   .9998346 -.0149220  .0103933
T  131  2 .4216035E+07   1080016E-01  .2298E+03 -.8395E+03   .9998507  .0034764 -.0169285
T  132  2 .4186705E+07   1080011E-01  .9983E+03 -.2634E+03   .9998172  .0187938  .0035261
T  133  2 .4154988E+07   1080018E-01 -.4238E+03 -.8536E+02   .9999041 -.0136071  .0025601
T  134  2 .4221177E+07   1080000E-01 -.1975E+02  .5547E+01   .9999978 -.0020053 -.0005757
T  135  2 .4230530E+07   1080014E-01  .4926E+03  .8330E+03   .9998272 -.0004193  .0185844
T  136  2 .4136132E+07   1080006E-01 -.4130E+03  .7233E+02   .9999588 -.0089546 -.0014835
T  137  2 .4203209E+07   1080006E-01 -.4561E+03 -.3147E+03   .9999274 -.0094087 -.0075286
T  138  2 .4211668E+07   1080005E-01  .7832E+03  .7076E+01   .9999868  .0045580 -.0023778
T  139  2 .4223133E+07   1080008E-01 -.7136E+03 -.1950E+03   .9999589  .0037691 -.0082475
T  140  2 .4147658E+07   1080008E-01  .9375E+04  .3823E+04   .9875553  .1471445  .0555246
T  141  2 .4193286E+07   1080014E-01 -.4023E+03 -.4620E+03   .9999237  .0036024 -.0118171
T  142  2 .4176724E+07   1080006E-01  .2902E+03 -.7124E+02   .9999810  .0061554 -.0003372
T  143  2 .4173137E+07   1080019E-01  .1759E+03 -.2324E+03   .9999971 -.0021584 -.0010852
T  144  2 .4188844E+07   1080011E-01 -.1139E+03  .5184E+02   .9999833  .0055987 -.0014675
T  145  2 .4139563E+07   1080021E-01  .1329E+03  .1668E+03   .9999683 -.0036380  .0070809
T  146  2 .4137731E+07   1080004E-01  .6157E+03  .6658E+03   .9999656  .0056639  .0060652
T  147  2 .4207338E+07   1080009E-01 -.6359E+03  .7392E+03   .9998908 -.0110043  .0098679
T  148  2 .4189379E+07   1080000E-01  .9643E+03 -.1218E+03   .9997185  .0234730 -.0034528
T  149  2 .4206393E+07   1080019E-01 -.7510E+03  .4436E+03   .9998883 -.0121726  .0086690
T  150  2 .4193833E+07   1080011E-01 -.2093E+03 -.4987E+03   .9999310 -.0008714 -.0117157
T  151  2 .4184298E+07   1080009E-01  .1931E+02 -.2807E+03   .9999975 -.0011566 -.0019209
T  152  2 .4162910E+07   1080014E-01 -.4545E+03  .4942E+03   .9999588 -.0083510  .0035596
T  153  2 .4158628E+07   1080018E-01  .5105E+03  .9852E+03   .9998053  .0092858  .0174087
T  154  2 .4217008E+07   1080008E-01 -.1225E+03 -.8343E+02   .9999784 -.0039757  .0052349
T  155  2 .4180187E+07   1080004E-01 -.2598E+03  .7390E+02   .9999817 -.0059891 -.0009083
T  156  2 .4164756E+07   1080019E-01 -.4075E+03 -.2648E+03   .9999660 -.0038349 -.0073052
T  157  2 .4168745E+07   1080000E-01 -.8952E+02  .4892E+03   .9999626 -.0063286  .0059028
T  158  2 .4167344E+07   1080019E-01 -.6124E+03  .4877E+02   .9999898 -.0039857 -.0021106
T  159  2 .4222188E+07   1080005E-01  .1797E+03 -.3700E+03   .9999082  .0135461  .0001158
T  160  2 .4174561E+07   1080020E-01  .3062E+03 -.1906E+03   .9999450  .0104507  .0008848
T  161  2 .4214725E+07   1080010E-01  .2655E+01  .1523E+01   .9999850 -.0049558 -.0023169
T  162  2 .4194303E+07   1080001E-01  .3644E+03  .4702E+03   .9999696  .0043549  .0064660
T  163  2 .4178162E+07   1080001E-01  .2836E+03  .3063E+03   .9998745  .0028262  .0155872
T  164  2 .4194235E+07   1080020E-01 -.8347E+01 -.9334E+03   .9998181  .0063990 -.0179680
T  165  2 .4198549E+07   1080006E-01 -.9885E+03  .7340E+02   .9984465 -.0554447  .0055273
T  166  2 .4186925E+07   1080010E-01 -.8727E+02  .6089E+02   .9999781  .0000003  .0066164
T  167  2 .4196324E+07   1080021E-01 -.7861E+03 -.1155E+03   .9999451 -.0096139 -.0041722
T  168  2 .4187472E+07   1080010E-01 -.1470E+03  .1149E+04   .9998821  .0051976  .0144472
T  169  2 .4198616E+07   1080017E-01 -.8042E+03 -.1944E+03   .9997212 -.0222912 -.0077860
T  170  2 .4227817E+07   1080013E-01 -.4087E+03  .3901E+03   .9999817 -.0047028  .0038046
T  171  2 .4196749E+07   1080021E-01  .1352E+03  .6570E+03   .9999613  .0026146  .0083984
T  172  2 .4196359E+07   1080002E-01  .7658E+03 -.3861E+03   .9998348  .0173715 -.0053439
T  173  2 .4139624E+07   1080017E-01  .4172E+03 -.8197E+02   .9999653  .0065836 -.0051135
T  174  2 .4191551E+07   1080008E-01  .5842E+02 -.7566E+02   .9999943 -.0013411  .0030969
T  175  2 .4177962E+07   1080021E-01  .8997E+03 -.6122E+02   .9997954  .0191379 -.0065426
T  176  2 .4162753E+07   1080007E-01  .1092E+04 -.1278E+04   .9989908  .0213182 -.0395338
T  177  2 .4183466E+07   1080017E-01 -.1092E+03  .5965E+01   .9999944  .0007848  .0032639
T  178  2 .4209240E+07   1080016E-01  .1386E+03  .5586E+03   .9999343  .0064484  .0094733
T  179  2 .4184455E+07   1080017E-01  .1096E+03  .5112E+03   .9999912  .0018161  .0037944
T  180  2 .4195136E+07   1080021E-01  .1385E+02 -.2653E+02   .9999815 -.0044971  .0040969
T  181  2 .4200924E+07   1080005E-01 -.6658E+03 -.1128E+04   .9998221  .0038788 -.0184601
T  182  2 .4184109E+07   1080007E-01 -.6646E+02  .3443E+03   .9999797 -.0046175  .0044009
T  183  2 .4240950E+07   1080015E-01 -.2187E+03  .2855E+03   .9999307 -.0090567  .0075220
T  184  2 .4175112E+07   1080011E-01 -.3068E+03 -.3031E+02   .9999897  .0044209 -.0010589
T  185  2 .4230507E+07   1080018E-01  .2893E+03 -.4405E+03   .9999286  .0118710  .0013728
T  186  2 .4156141E+07   1080011E-01  .9975E+02  .1890E+02   .9999988  .0009469 -.0012210
T  187  2 .4172261E+07   1080020E-01  .1764E+04 -.6827E+03   .9996732  .0255649 -.0000924
T  188  2 .4174041E+07   1080011E-01 -.5865E+03 -.4549E+03   .9999048 -.0137303 -.0013803
T  189  2 .4183191E+07   1080016E-01  .1991E+03 -.1351E+03   .9999741  .0071796 -.0004004
T  190  2 .4164975E+07   1080001E-01 -.1210E+03 -.8164E+02   .9999992 -.0002240 -.0012106
T  191  2 .4160232E+07   1080018E-01 -.1425E+03  .1696E+04   .9999075  .0061886  .0121142
T  192  2 .4195812E+07   1080005E-01 -.6650E+03 -.7344E+03   .9997806 -.0132211 -.0162461
T  193  2 .4168087E+07   1080021E-01  .1705E+04  .1522E+03   .9998629  .0157401 -.0051378
T  194  2 .4187473E+07   1080010E-01 -.3641E+03 -.4052E+03   .9999607 -.0062119 -.0063197
T  195  2 .4190734E+07   1080010E-01  .9601E+03 -.1155E+04   .9997842  .0159357 -.0133278
T  196  2 .4190061E+07   1080019E-01  .2798E+03  .5116E+03   .9999479  .0076581  .0067500
T  197  2 .4181940E+07   1080004E-01 -.6808E+03  .2080E+04   .9996833 -.0032553  .0249555
T  198  2 .4191799E+07   1080016E-01  .1034E+03 -.7192E+02   .9999744  .0033788  .0063003
T  199  2 .4183362E+07   1080000E-01  .1219E+03 -.5551E+03   .9999624  .0042125 -.0075844
T  200  2 .4155201E+07   1080019E-01 -.1909E+03  .1768E+03   .9999884 -.0045546  .0015953
T  201  2 .4175380E+07   1080015E-01 -.2006E+04  .1642E+04   .9998232 -.0150964  .0112119
T  202  2 .4162506E+07   1080001E-01 -.1984E+03 -.1343E+02   .9999964  .0023708  .0012202
T  203  2 .4206989E+07   1080008E-01 -.3291E+03  .3000E+03   .9998417 -.0170175  .0051925
T  204  2 .4171263E+07   1080015E-01  .4164E+03  .6398E+03   .9999240  .0036274  .0117860
T  205  2 .4171717E+07   1080011E-01 -.4363E+03  .8072E+02   .9999339 -.0069468  .0091595
T  206  2 .4172185E+07   1080013E-01  .7336E+03  .1957E+04   .9984610  .0413954  .0369060
T  207  2 .4184401E+07   1080017E-01  .4442E+02  .2689E+03   .9999994 -.0004421  .0009658
T  208  2 .4158598E+07   1080001E-01 -.5652E+03 -.6247E+03   .9997804 -.0047695 -.0204079
T  209  2 .4183776E+07   1080015E-01  .9492E+03 -.8414E+03   .9998915  .0114175 -.0093071
T  210  2 .4183349E+07   1080013E-01 -.3856E+03 -.1090E+04   .9996586  .0035475 -.0258877
T  211  2 .4176447E+07   1080012E-01 -.2374E+04 -.5498E+03   .9990126 -.0408483 -.0174731
T  212  2 .4157357E+07   1080001E-01 -.8900E+03 -.4248E+03   .9999440 -.0104774 -.0015037
T  213  2 .4181016E+07   1080001E-01 -.2388E+03  .3698E+03   .9999082 -.0127827  .0044849
T  214  2 .4152534E+07   1080018E-01  .3299E+04 -.3467E+03   .9983819  .0555011 -.0123788
T  215  2 .4176247E+07   1080008E-01 -.1608E+03  .6115E+03   .9999915 -.0029356  .0028823
T  216  2 .4194530E+07   1080001E-01  .3514E+02  .3628E+03   .9999456  .0095420  .0042196
T  217  2 .4169332E+07   1080007E-01 -.8647E+03  .2471E+03   .9998361 -.0176063  .0042189
T  218  2 .4199892E+07   1080013E-01 -.9247E+02 -.3216E+03   .9999277  .0063688 -.0102008
T  219  2 .4227270E+07   1080017E-01  .1063E+03 -.1416E+03   .9999606 -.0007087 -.0088510
T  220  2 .4153125E+07   1080019E-01  .1744E+02 -.2117E+03   .9999939 -.0034055 -.0007242
T  221  2 .4183668E+07   1080018E-01 -.3139E+03  .1476E+03   .9999450 -.0102179 -.0023848
T  222  2 .4229740E+07   1080021E-01  .3642E+03  .5412E+03   .9999773  .0036419  .0056720
T  223  2 .4183414E+07   1080003E-01 -.1300E+04  .2266E+03   .9997583 -.0189790  .0110969
T  224  2 .4196757E+07   1080006E-01 -.3038E+03  .6251E+03   .9999185 -.0030485  .0123969
T  225  2 .4125584E+07   1080013E-01  .1560E+03  .6337E+03   .9999227  .0117051  .0041969
T  226  2 .4181476E+07   1080004E-01  .2261E+03 -.2749E+02   .9999828 -.0054486  .0021731
T  227  2 .4161951E+07   1080015E-01 -.1452E+03 -.1722E+02   .9999982 -.0018758 -.0002874
T  228  2 .4167129E+07   1080005E-01 -.2137E+03  .9605E+03   .9999121  .0013444  .0131892
T  229  2 .4162092E+07   1080012E-01 -.1745E+02 -.2613E+03   .9999134 -.0057316 -.0118436
T  230  2 .4195789E+07   1080017E-01 -.1035E+04  .4643E+03   .9998433 -.0156032  .0083569
T  231  2 .4149302E+07   1080017E-01  .1672E+03 -.1647E+04   .9996574  .0050451 -.0256827
T  232  2 .4190414E+07   1080005E-01  .1518E+03  .3280E+03   .9999636  .0038821  .0075954
T  233  2 .4135342E+07   1080020E-01  .6975E+02  .7005E+02   .9999959 -.0007115  .0027591
T  234  2 .4189479E+07   1080020E-01  .1326E+04  .1550E+03   .9997966  .0195683 -.0048894
T  235  2 .4194364E+07   1080019E-01 -.1876E+03  .4040E+03   .9999873 -.0019613  .0046437
T  236  2 .4217318E+07   1080009E-01 -.3571E+03  .1030E+03   .9999898 -.0037091 -.0025932
T  237  2 .4155246E+07   1080002E-01  .7133E+02  .2947E+03   .9999837  .0001418  .0057041
T  238  2 .4229352E+07   1080017E-01 -.5431E+03 -.7042E+01   .9999272 -.0118297 -.0023857
T  239  2 .4212182E+07   1080012E-01 -.1954E+03 -.2859E+03   .9998413 -.0139662  .0110597
T  240  2 .4121895E+07   1080007E-01 -.4684E+03  .2116E+02   .9999993  .0007866 -.0009028
T  241  2 .4173601E+07   1080001E-01  .3937E+03  .3220E+03   .9999854  .0046232  .0027912
T  242  2 .4195650E+07   1080018E-01 -.1636E+02 -.2331E+03   .9999719 -.0066785 -.0034079
T  243  2 .4224335E+07   1080019E-01  .1256E+03  .3009E+02   .9999792  .0037514 -.0052558
T  244  2 .4202486E+07   1080015E-01  .1604E+03 -.1799E+03   .9999973  .0020441  .0010808
T  245  2 .4171068E+07   1080018E-01 -.5882E+03  .2255E+03   .9998049 -.0171914  .0097286
T  246  2 .4172631E+07   1080009E-01  .1041E+04 -.3328E+03   .9999537  .0092764 -.0025779
T  247  2 .4198041E+07   1080018E-01 -.3280E+02 -.3838E+02   .9999977 -.0021206  .0004014
T  248  2 .4190445E+07   1080012E-01  .7820E+03  .8613E+03   .9999374  .0071718  .0085936
T  249  2 .4182577E+07   1080010E-01 -.4081E+03 -.6114E+03   .9999806 -.0020763 -.0058671
T  250  2 .4218972E+07   1080003E-01 -.6460E+02  .7162E+03   .9998971 -.0063094  .0128838
T  251  2 .4179074E+07   1080015E-01  .2546E+03 -.4119E+03   .9999948  .0022828 -.0022664
T  252  2 .4219554E+07   1080007E-01 -.7394E+03  .7573E+02   .9996334 -.0238522  .0128148
T  253  2 .4149409E+07   1080000E-01 -.8655E+03  .7187E+03   .9998401  .0020776  .0177639
T  254  2 .4198608E+07   1080006E-01  .7902E+03 -.3938E+03   .9999487  .0065801 -.0076973
T  255  2 .4206271E+07   1080002E-01  .4200E+03  .1804E+03   .9999482  .0089487  .0048455
T  256  2 .4195105E+07   1080021E-01  .5455E+03 -.3072E+03   .9998419  .0177732 -.0004967
T  257  2 .4215661E+07   1080020E-01 -.2190E+03 -.7692E+02   .9999735  .0027728 -.0067313
T  258  2 .4167245E+07   1080008E-01  .9689E+03 -.9302E+03   .9998267  .0158395 -.0097798
T  259  2 .4182361E+07   1080020E-01 -.3928E+03  .2977E+03   .9999908  .0040695  .0013623
T  260  2 .4195990E+07   1080011E-01  .9523E+03  .5664E+02   .9998886  .0149190 -.0004154
T  261  2 .4197235E+07   1080017E-01 -.6845E+03 -.1069E+04   .9998530 -.0075939 -.0153720
T  262  2 .4139032E+07   1080008E-01 -.3300E+03 -.5767E+03   .9999448 -.0082235 -.0065356
T  263  2 .4222594E+07   1080019E-01  .3379E+03  .5774E+03   .9998961  .0038692  .0138826
T  264  2 .4196597E+07   1080022E-01 -.9834E+03  .6885E+03   .9997623 -.0142515  .0164976
T  265  2 .4178143E+07   1080021E-01 -.4292E+03  .9276E+02   .9999297 -.0116544 -.0021947
T  266  2 .4178299E+07   1080020E-01  .6494E+03  .3847E+03   .9999569  .0086627  .0033486
T  267  2 .4163411E+07   1080001E-01 -.1109E+03 -.1716E+03   .9999746 -.0023707 -.0067253
T  268  2 .4169703E+07   1080018E-01  .4358E+03 -.4670E+02   .9999400  .0081884 -.0072788
T  269  2 .4168497E+07   1080017E-01  .2881E+03 -.8014E+02   .9999734  .0055422 -.0047421
T  270  2 .4153875E+07   1080007E-01 -.3819E+03  .1835E+03   .9999586 -.0080478  .0042403
T  271  2 .4199483E+07   1080021E-01  .6022E+03  .3477E+03   .9999771 -.0041683  .0053331
T  272  2 .4170864E+07   1080013E-01 -.5774E+02  .1839E+03   .9999827 -.0018505  .0055840
T  273  2 .4180881E+07   1080000E-01 -.9814E+02  .7529E+03   .9999190 -.0009094  .0126950
T  274  2 .4205751E+07   1080008E-01  .6905E+03  .3632E+03   .9998125  .0127253  .0145975
T  275  2 .4176279E+07   1080015E-01 -.1586E+03 -.1628E+03   .9996815 -.0197343 -.0157318
T  276  2 .4149050E+07   1080000E-01 -.4632E+03  .6620E+02   .9999742 -.0046954 -.0054293
T  277  2 .4197139E+07   1080015E-01 -.7819E+03 -.1227E+03   .9999643 -.0047371 -.0069908
T  278  2 .4181187E+07   1080003E-01  .1180E+03 -.2458E+03   .9999842 -.0002339 -.0056148
T  279  2 .4198092E+07   1080006E-01 -.3765E+03  .1795E+03   .9998867 -.0113731  .0098569
T  280  2 .4141363E+07   1080013E-01  .1299E+04  .3176E+03   .9997457  .0221820  .0040725
T  281  2 .4188504E+07   1080019E-01  .1057E+03  .3187E+03   .9999334 -.0113737 -.0019800
T  282  2 .4176836E+07   1080006E-01 -.6819E+03  .4910E+03   .9999295 -.0036844  .0112862
T  283  2 .4160004E+07   1080017E-01  .2561E+03  .1064E+03   .9999599 -.0049344 -.0074790
T  284  2 .4204718E+07   1080000E-01 -.1633E+03 -.6147E+02   .9995540 -.0127209 -.0270193
T  285  2 .4163467E+07   1080004E-01  .1009E+03  .1888E+03   .9999958  .0017147  .0023427
T  286  2 .4163871E+07   1080015E-01  .2803E+03 -.6069E+03   .9999453  .0036010 -.0098171
T  287  2 .4220007E+07   1080015E-01  .8740E+03  .1003E+03   .9999259  .0119914 -.0021064
T  288  2 .4186766E+07   1080011E-01  .6097E+03 -.3864E+03   .9999363  .0082192 -.0077301
T  289  2 .4184579E+07   1080018E-01  .6847E+03  .1936E+03   .9999442  .0105185 -.0009378
T  290  2 .4169400E+07   1080006E-01 -.9124E+02  .1434E+03   .9999958  .0019066  .0021605
T  291  2 .4175247E+07   1080000E-01  .1796E+03 -.2721E+03   .9997150  .0077584  .0225749
T  292  2 .4138413E+07   1080014E-01  .5216E+03  .4796E+03   .9998702  .0106623  .0120797
T  293  2 .4189668E+07   1080018E-01 -.2950E+03  .6298E+03   .9939076 -.0438036  .1011384
T  294  2 .4197080E+07   1080008E-01 -.9873E+03  .5119E+03   .9998430 -.0118064  .0132095
T  295  2 .4180569E+07   1080005E-01  .6046E+03  .3404E+03   .9998055  .0142164  .0136683
T  296  2 .4185232E+07   1080018E-01  .1362E+04  .1267E+04   .9997882  .0190306  .0078401
T  297  2 .4169631E+07   1080009E-01 -.3262E+03 -.7289E+03   .9999727  .0004905 -.0073715
T  298  2 .4171309E+07   1080014E-01  .4451E+03 -.8233E+03   .9998848  .0105303 -.0109295
T  299  2 .4175807E+07   1080009E-01 -.1091E+03 -.3278E+03   .9999819  .0056919 -.0019470
T  300  2 .4188113E+07   1080001E-01 -.1297E+03  .6595E+02   .9999970 -.0001993  .0024547
T  301  2 .4153562E+07   1080020E-01  .2633E+04 -.3412E+04   .9986745  .0270420 -.0437953
T  302  2 .4212785E+07   1080011E-01 -.2049E+03 -.5273E+02   .9999825 -.0057298 -.0014496
T  303  2 .4223731E+07   1080001E-01 -.2482E+03  .1164E+04   .9998747 -.0004332  .0158212
T  304  2 .4187929E+07   1080015E-01  .9472E+01 -.6712E+02   .9999871  .0049849 -.0009530
T  305  2 .4222044E+07   1080013E-01 -.4651E+03  .6153E+02   .9999913 -.0034300  .0023754
T  306  2 .4170794E+07   1080021E-01 -.6992E+02  .1861E+03   .9999783 -.0060264  .0026442
T  307  2 .4098322E+07   1080015E-01 -.2011E+02 -.3286E+03   .9998627  .0143936  .0082091
T  308  2 .4183739E+07   1080000E-01 -.3147E+03 -.1915E+03   .9999333 -.0112011 -.0028219
T  309  2 .4168609E+07   1080001E-01  .1312E+03 -.9256E+02   .9999833  .0044445 -.0036999
T  310  2 .4177812E+07   1080019E-01  .7208E+03 -.5241E+03   .9999073  .0125034 -.0053936
T  311  2 .4175715E+07   1080021E-01 -.1758E+03 -.1640E+03   .9998022 -.0082312  .0181042
T  312  2 .4185704E+07   1080014E-01  .3379E+03 -.7052E+03   .9998893 -.0042292 -.0142666
T  313  2 .4206137E+07   1080009E-01 -.5186E+03 -.2312E+02   .9999410 -.0097503 -.0047967
T  314  2 .4140871E+07   1080021E-01 -.5494E+03 -.5235E+03   .9999555  .0011604 -.0093670
T  315  2 .4187831E+07   1080014E-01  .3083E+03 -.2046E+03   .9998650  .0112466 -.0119820
T  316  2 .4192133E+07   1080016E-01  .4505E+03  .1632E+03   .9999397  .0105710 -.0029649
T  317  2 .4162431E+07   1080021E-01 -.2068E+03 -.4253E+03   .9999756 -.0038996 -.0057932
T  318  2 .4193671E+07   1080020E-01 -.1021E+02 -.3111E+03   .9999915 -.0040352 -.0007948
T  319  2 .4161040E+07   1080012E-01  .2314E+03 -.1122E+04   .9997708 -.0037452 -.0210812
T  320  2 .4187324E+07   1080000E-01  .4905E+03  .2120E+03   .9998885  .0122009 -.0086130
T  321  2 .4183115E+07   1080011E-01 -.9131E+03 -.4818E+03   .9997577 -.0184260 -.0120452
T  322  2 .4204251E+07   1080010E-01  .6427E+03  .5527E+03   .9998995  .0079868  .0117158
T  323  2 .4178808E+07   1080009E-01 -.4135E+03  .1148E+04   .9997927 -.0133357  .0153864
T  324  2 .4163019E+07   1080019E-01 -.4884E+03 -.4306E+02   .9995690 -.0195476 -.0219016
T  325  2 .4208628E+07   1080006E-01  .3083E+02  .6876E+03   .9995663 -.0126089  .0266129
T  326  2 .4199722E+07   1080017E-01 -.5515E+03 -.1385E+03   .9999634 -.0085085  .0008665
T  327  2 .4173237E+07   1080005E-01  .9737E+02  .4897E+02   .9999998 -.0001482  .0005371
T  328  2 .4209496E+07   1080008E-01  .2081E+03 -.9282E+02   .9999794  .0062555 -.0014618
T  329  2 .4131220E+07   1080019E-01 -.8340E+03 -.2736E+03   .9997155 -.0217421 -.0098124
T  330  2 .4197166E+07   1080006E-01  .1343E+02  .2906E+03   .9999620 -.0042834  .0075993
T  331  2 .4139294E+07   1080013E-01 -.7356E+02  .3261E+03   .9999911 -.0029909  .0029808
T  332  2 .4207536E+07   1080005E-01  .7910E+03 -.3700E+03   .9998464  .0175213 -.0003628
T  333  2 .4139519E+07   1080021E-01  .1783E+03  .7326E+03   .9999136  .0053379  .0120166
T  334  2 .4202153E+07   1080019E-01 -.1950E+04 -.1408E+04   .9995364 -.0238979 -.0188643
T  335  2 .4115161E+07   1080008E-01  .9868E+02 -.3070E+03   .9999607 -.0048608 -.0074138
T  336  2 .4185078E+07   1080015E-01 -.1902E+03  .6214E+03   .9999359 -.0010097  .0112782
T  337  2 .4115565E+07   1080016E-01 -.2942E+03  .2724E+02   .9999732 -.0073068 -.0005292
T  338  2 .4186998E+07   1080021E-01  .7104E+03 -.1600E+03   .9996143  .0274453  .0042374
T  339  2 .4165201E+07   1080019E-01 -.3623E+03  .9560E+02   .9999988 -.0014998  .0004141
T  340  2 .4182837E+07   1080015E-01  .3710E+03 -.4996E+03   .9998081  .0195811 -.0005904
T  341  2 .4188513E+07   1080012E-01 -.4674E+03 -.3122E+03   .9999467  .0033450 -.0097643
T  342  2 .4185273E+07   1080015E-01 -.1376E+04 -.4218E+04   .9988241 -.0207436 -.0438181
T  343  2 .4148252E+07   1080019E-01  .4244E+04 -.3337E+04   .9975116  .0532080 -.0462542
T  344  2 .4139829E+07   1080017E-01 -.8360E+03  .3431E+03   .9999065 -.0040628 -.0130575
T  345  2 .4191769E+07   1080016E-01  .4234E+04  .5144E+03   .9984218  .0551366  .0106747
T  346  2 .4179575E+07   1080008E-01 -.2419E+02  .4476E+03   .9998639  .0090053  .0138222
T  347  2 .4203901E+07   1080015E-01  .1658E+03  .9406E+02   .9999914 -.0040520  .0008290
T  348  2 .4200168E+07   1080002E-01  .8347E+02  .8964E+02   .9999754 -.0043203  .0055179
T  349  2 .4164357E+07   1080008E-01  .5200E+02  .8696E+03   .9997268  .0084390  .0217982
T  350  2 .4184710E+07   1080016E-01  .3723E+03  .1234E+04   .9999217  .0066709  .0105874
T  351  2 .4192759E+07   1080018E-01  .8896E+03  .1030E+03   .9998405  .0177566 -.0019131
T  352  2 .4152367E+07   1080003E-01 -.1128E+04 -.3915E+03   .9999364 -.0112755 -.0000093
T  353  2 .4168785E+07   1080018E-01 -.1639E+03 -.2620E+03   .9999982 -.0016496  .0009197
T  354  2 .4151600E+07   1080002E-01 -.5318E+03 -.8290E+02   .9999537 -.0096212 -.0000846
T  355  2 .4170463E+07   1080017E-01  .1405E+03 -.3511E+03   .9999797  .0053844 -.0034210
T  356  2 .4204621E+07   1080021E-01  .3413E+03 -.2404E+02   .9999529  .0081484  .0052818
T  357  2 .4217290E+07   1080016E-01  .4593E+03  .9387E+02   .9999980  .0017856 -.0008768
T  358  2 .4227337E+07   1080013E-01 -.4945E+03 -.9570E+02   .9999279 -.0118693  .0017961
T  359  2 .4210482E+07   1080018E-01 -.6577E+03 -.8654E+02   .9999768 -.0067405 -.0009633
T  360  2 .4237082E+07   1080020E-01  .1425E+03  .1380E+03   .9999934 -.0036040 -.0003488
T  361  2 .4200575E+07   1080010E-01  .6052E+03  .1664E+03   .9999603  .0055741  .0069570
T  362  2 .4184683E+07   1080003E-01 -.3438E+03  .3118E+03   .9999765 -.0056484  .0038781
T  363  2 .4155717E+07   1080006E-01  .1857E+03 -.7859E+03   .9999833  .0023191 -.0052882
T  364  2 .4205050E+07   1080012E-01 -.5528E+03 -.1235E+03   .9999759 -.0069307  .0002797
T  365  2 .4176500E+07   1080003E-01 -.1792E+03 -.3909E+01   .9999885 -.0028215 -.0038901
T  366  2 .4158593E+07   1080020E-01  .2584E+03 -.3148E+03   .9999749  .0067726 -.0020908
T  367  2 .4159113E+07   1080003E-01 -.5938E+03 -.6031E+03   .9999591 -.0079386 -.0043368
T  368  2 .4193394E+07   1080010E-01  .1064E+04  .1283E+04   .9998724  .0101970  .0122992
T  369  2 .4190124E+07   1080011E-01  .2964E+03 -.4348E+03   .9999111  .0128487 -.0035566
T  370  2 .4201477E+07   1080007E-01 -.1443E+03  .2636E+03   .9999686 -.0054359 -.0057709
T  371  2 .4179002E+07   1080016E-01 -.2404E+03  .3185E+02   .9999976 -.0006722  .0020710
T  372  2 .4174195E+07   1080014E-01 -.1560E+04 -.8895E+03   .9995439 -.0251401 -.0167341
T  373  2 .4231241E+07   1080012E-01 -.6044E+03  .1748E+03   .9999851 -.0035837  .0041239
T  374  2 .4170592E+07   1080009E-01 -.6549E+03 -.4329E+03   .9998398 -.0112451 -.0139269
T  375  2 .4176120E+07   1080004E-01 -.6401E+03  .1345E+04   .9998124 -.0056458  .0185281
T  376  2 .4162167E+07   1080016E-01  .3547E+03 -.9626E+03   .9998616  .0081376 -.0145124
T  377  2 .4175960E+07   1080000E-01  .2264E+03 -.5120E+03   .9999767 -.0018038 -.0065824
T  378  2 .4192887E+07   1080022E-01  .6910E+03 -.3490E+03   .9997658  .0157203 -.0148761
T  379  2 .4131904E+07   1080004E-01  .1033E+03  .2398E+03   .9999732 -.0017890  .0070998
T  380  2 .4188458E+07   1080022E-01 -.2924E+03 -.1165E+03   .9999638 -.0075462  .0039306
T  381  2 .4182317E+07   1080019E-01  .1962E+03 -.7200E+03   .9998957  .0033189 -.0140577
T  382  2 .4188971E+07   1080000E-01 -.1071E+03 -.1401E+03   .9999845 -.0043394 -.0034788
T  383  2 .4179435E+07   1080008E-01  .4712E+03 -.8557E+03   .9999130  .0093891 -.0092602
T  384  2 .4208665E+07   1080000E-01  .4121E+03 -.5035E+02   .9999685  .0079335  .0003950
T  385  2 .4176722E+07   1080022E-01  .8420E+03 -.7982E+03   .9996819  .0174826 -.0181762
T  386  2 .4177562E+07   1080009E-01  .5090E+03 -.2923E+03   .9997825  .0133508 -.0160220
T  387  2 .4202354E+07   1080017E-01 -.6532E+02 -.6423E+03   .9999835 -.0006940 -.0057099
T  388  2 .4185590E+07   1080017E-01  .9239E+03  .5250E+03   .9999021  .0089194  .0107844
T  389  2 .4215021E+07   1080016E-01  .8486E+02 -.1703E+03   .9999912  .0034060 -.0024428
T  390  2 .4168815E+07   1080004E-01 -.2400E+04 -.1693E+04   .9994359 -.0281827 -.0182638
T  391  2 .4165149E+07   1080002E-01 -.1880E+03  .1517E+03   .9999995 -.0010106 -.0001366
T  392  2 .4189979E+07   1080019E-01  .4517E+03 -.1006E+03   .9999414  .0107463  .0013062
T  393  2 .4185686E+07   1080008E-01 -.8057E+02  .2408E+03   .9999873 -.0046192  .0020230
T  394  2 .4223829E+07   1080015E-01 -.3924E+03 -.3656E+03   .9999849 -.0047258  .0027900
T  395  2 .4168768E+07   1080006E-01  .2096E+02  .3491E+02   .9999566 -.0014166  .0092088
T  396  2 .4183434E+07   1080004E-01 -.7561E+02  .9545E+03   .9978309 -.0182405  .0632522
T  397  2 .4152272E+07   1080006E-01 -.6125E+03 -.1526E+04   .9998570 -.0055690 -.0159683
T  398  2 .4195097E+07   1080010E-01  .7502E+02 -.8433E+03   .9998844  .0016468 -.0151130
T  399  2 .4142915E+07   1080006E-01  .1550E+04  .9770E+03   .9997564  .0167581  .0143620
T  400  2 .4197541E+07   1080002E-01  .2303E+03 -.2783E+03   .9999738  .0066188 -.0029230
T  401  2 .4200700E+07   1080013E-01 -.5389E+03 -.1726E+03   .9999846 -.0044880  .0032757
T  402  2 .4211996E+07   1080022E-01  .1338E+04  .4490E+03   .9997911  .0159344  .0127993
T  403  2 .4160329E+07   1080013E-01 -.7635E+03 -.1083E+03   .9998241 -.0184218 -.0035348
T  404  2 .4200462E+07   1080021E-01  .4745E+03  .3704E+03   .9999013  .0093358  .0104986
T  405  2 .4213602E+07   1080004E-01  .8190E+03 -.4068E+03   .9998918  .0140381 -.0043888
T  406  2 .4169664E+07   1080015E-01 -.5662E+03 -.3519E+03   .9999554 -.0092709 -.0018103
T  407  2 .4171372E+07   1080013E-01  .6656E+02  .4812E+03   .9999810  .0026555  .0055604
T  408  2 .4184508E+07   1080020E-01 -.2714E+03  .2498E+02   .9999318 -.0061250  .0099455
T  409  2 .4203318E+07   1080021E-01  .1788E+03  .2572E+03   .9999868  .0047797  .0018598
T  410  2 .4182748E+07   1080012E-01  .5500E+02  .6402E+03   .9999642  .0042075  .0073449
T  411  2 .4168718E+07   1080019E-01 -.5601E+03  .3447E+02   .9999493 -.0086010 -.0052311
T  412  2 .4183304E+07   1080018E-01 -.2570E+03  .2297E+03   .9999669 -.0075533  .0030128
T  413  2 .4196979E+07   1080001E-01 -.6364E+02 -.1158E+04   .9998876 -.0031566 -.0146581
T  414  2 .4189210E+07   1080005E-01  .4505E+03 -.2547E+03   .9999666  .0041909 -.0070153
T  415  2 .4192480E+07   1080003E-01  .3210E+03 -.7442E+03   .9998325  .0162078 -.0084969
T  416  2 .4174886E+07   1080015E-01 -.3350E+03 -.1273E+03   .9999934 -.0026763 -.0024559
T  417  2 .4178908E+07   1080012E-01  .8606E+02  .1116E+03   .9999691  .0078518  .0004034
T  418  2 .4162185E+07   1080009E-01 -.8837E+03  .1353E+03   .9999362 -.0099454 -.0053499
T  419  2 .4167100E+07   1080017E-01  .5337E+03 -.8006E+03   .9998271  .0116855 -.0144639
T  420  2 .4173604E+07   1080005E-01  .2988E+03  .1146E+04   .9998581  .0067789  .0154203
T  421  2 .4207357E+07   1080009E-01  .5541E+02  .9995E+02   .9999817 -.0011396 -.0059383
T  422  2 .4194371E+07   1080013E-01 -.7413E+03  .6114E+03   .9994974 -.0155736  .0276101
T  423  2 .4185996E+07   1080022E-01  .4106E+02 -.9076E+02   .9999741 -.0004315  .0071844
T  424  2 .4207417E+07   1080005E-01 -.4925E+03  .7490E+03   .9999222 -.0034292  .0119943
T  425  2 .4169135E+07   1080017E-01 -.1184E+03 -.9263E+03   .9998200  .0030221 -.0187329
T  426  2 .4192941E+07   1080020E-01 -.3500E+03  .4815E+03   .9999500 -.0075998  .0065020
T  427  2 .4203038E+07   1080021E-01 -.3548E+03 -.5974E+02   .9999404 -.0109034 -.0005831
T  428  2 .4157796E+07   1080003E-01 -.1771E+03 -.2229E+03   .9999623 -.0075221  .0043429
T  429  2 .4181955E+07   1080003E-01 -.2324E+03 -.2298E+03   .9999475 -.0074746 -.0070095
T  430  2 .4205432E+07   1080010E-01  .4816E+03  .5257E+03   .9999940  .0010218  .0033063
T  431  2 .4179957E+07   1080009E-01 -.9745E+01 -.2286E+03   .9999618 -.0010039 -.0086824
T  432  2 .4193847E+07   1080018E-01 -.2397E+03  .2150E+03   .9999898 -.0043873  .0010445
T  433  2 .4195759E+07   1080004E-01  .1290E+04 -.9990E+03   .9995416  .0193699 -.0232663
T  434  2 .4125344E+07   1080021E-01 -.4010E+03 -.3242E+03   .9999660 -.0065377 -.0050319
T  435  2 .4173965E+07   1080016E-01 -.6105E+02  .7480E+02   .9999859  .0023173 -.0047722
T  436  2 .4184076E+07   1080011E-01 -.9344E+03  .5516E+02   .9997266 -.0222984 -.0070391
T  437  2 .4197707E+07   1080022E-01 -.4899E+03  .3667E+03   .9999246 -.0075609  .0096733
T  438  2 .4213969E+07   1080008E-01 -.1619E+03  .1833E+03   .9999756 -.0059099  .0037234
T  439  2 .4182659E+07   1080018E-01  .4500E+03 -.4494E+03   .9999794  .0058447 -.0026663
T  440  2 .4202649E+07   1080015E-01 -.2924E+03 -.1094E+02   .9999882 -.0038659 -.0029368
T  441  2 .4209119E+07   1080013E-01 -.1515E+03 -.4179E+03   .9999748 -.0028376 -.0065102
T  442  2 .4147503E+07   1080017E-01 -.2220E+03 -.4280E+03   .9999368  .0016723 -.0111150
T  443  2 .4140652E+07   1080003E-01  .3211E+03  .6337E+03   .9998793  .0101597  .0117544
T  444  2 .4202689E+07   1080019E-01  .3393E+03 -.3070E+03   .9999839 -.0007440 -.0056179
T  445  2 .4168289E+07   1080000E-01  .5421E+02  .2146E+03   .9998159  .0139419  .0131798
T  446  2 .4233753E+07   1080018E-01 -.4762E+03  .8421E+03   .9998669 -.0099959  .0128931
T  447  2 .4178637E+07   1080020E-01 -.5321E+03 -.2143E+04   .9995686 -.0126363 -.0265136
T  448  2 .4185469E+07   1080013E-01 -.5990E+02 -.2414E+03   .9999311 -.0053922 -.0104283
T  449  2 .4156484E+07   1080008E-01 -.1343E+03 -.1643E+03   .9999934 -.0019122  .0030775
T  450  2 .4177069E+07   1080010E-01 -.4157E+03 -.1524E+03   .9997895 -.0188140 -.0081818
T  451  2 .4179355E+07   1080020E-01  .6679E+03  .2916E+03   .9999309  .0092358  .0072672
T  452  2 .4149648E+07   1080016E-01 -.4186E+03  .6310E+03   .9999826 -.0014551  .0057133
T  453  2 .4215771E+07   1080017E-01 -.5320E+03 -.1071E+04   .9998550 -.0098296 -.0139024
T  454  2 .4183618E+07   1080020E-01 -.5235E+03  .1290E+04   .9998169 -.0102209  .0161768
T  455  2 .4207461E+07   1080012E-01 -.2526E+03  .2370E+03   .9999749 -.0016444  .0068847
T  456  2 .4179217E+07   1080018E-01 -.4336E+03 -.7930E+03   .9998363 -.0097929 -.0152151
T  457  2 .4137591E+07   1080015E-01  .1141E+04 -.1039E+04   .9998467  .0140361 -.0104635
T  458  2 .4160420E+07   1080021E-01  .6757E+03  .3253E+03   .9999771  .0056631  .0037105
T  459  2 .4179618E+07   1080007E-01 -.4123E+03  .5402E+03   .9999336 -.0073976  .0088402
T  460  2 .4148924E+07   1080018E-01  .1041E+03 -.8054E+02   .9999915  .0029638  .0028778
T  461  2 .4175146E+07   1080002E-01  .3277E+03  .3090E+03   .9999756  .0033590  .0061252
T  462  2 .4164296E+07   1080006E-01 -.5055E+03 -.1360E+03   .9999335 -.0108001 -.0040474
T  463  2 .4190927E+07   1080006E-01  .2488E+04 -.1139E+04   .9986937  .0470327 -.0199719
T  464  2 .4194602E+07   1080019E-01 -.7411E+03  .1261E+03   .9999766 -.0035567  .0058393
T  465  2 .4169871E+07   1080013E-01  .8402E+02  .4197E+03   .9999569  .0068916  .0062150
T  466  2 .4166437E+07   1080008E-01  .4440E+02  .2552E+03   .9999737  .0058432  .0042993
T  467  2 .4165027E+07   1080009E-01  .1926E+03  .7382E+03   .9999510 -.0018149  .0097329
T  468  2 .4183870E+07   1080012E-01 -.7282E+03 -.1129E+03   .9999127 -.0131537  .0012560
T  469  2 .4171238E+07   1080016E-01  .6880E+03 -.1140E+04   .9986008  .0156453 -.0505133
T  470  2 .4161966E+07   1080016E-01  .6831E+03  .3518E+03   .9998671  .0160356  .0029367
T  471  2 .4177009E+07   1080003E-01 -.3486E+03  .3728E+03   .9999797 -.0051996  .0036944
T  472  2 .4205131E+07   1080007E-01  .4619E+03  .4540E+03   .9999678  .0036039  .0071724
T  473  2 .4150245E+07   1080019E-01 -.7978E+03  .4547E+03   .9999170 -.0047519  .0119787
T  474  2 .4166754E+07   1080011E-01 -.5700E+02  .2892E+03   .9999981 -.0019437  .0003212
T  475  2 .4232469E+07   1080015E-01  .7495E+03 -.1594E+04   .9998173  .0095395 -.0165637
T  476  2 .4174127E+07   1080010E-01  .2343E+03 -.4796E+03   .9999948  .0005861 -.0031560
T  477  2 .4193306E+07   1080013E-01  .3687E+03  .7083E+02   .9999558  .0088532 -.0031513
T  478  2 .4195337E+07   1080015E-01 -.4827E+03 -.2561E+03   .9999863 -.0051903  .0006692
T  479  2 .4209416E+07   1080020E-01 -.5449E+03 -.1287E+03   .9999943  .0017832  .0028542
T  480  2 .4171075E+07   1080001E-01 -.3093E+03  .5228E+03   .9999433 -.0071432  .0078950
T  481  2 .4183036E+07   1080004E-01 -.1728E+02 -.1445E+04   .9998092  .0050912 -.0188596
T  482  2 .4193199E+07   1080006E-01 -.2028E+03 -.6006E+02   .9999936 -.0035692 -.0002230
T  483  2 .4198019E+07   1080014E-01  .1682E+03  .2605E+03   .9999984 -.0010839  .0014455
T  484  2 .4149773E+07   1080017E-01 -.1969E+03  .3116E+03   .9999698  .0070000 -.0033700
T  485  2 .4168546E+07   1080010E-01  .3815E+03  .2618E+03   .9999929 -.0025515 -.0027552
T  486  2 .4230364E+07   1080010E-01  .9375E+02 -.2665E+03   .9999915  .0016319 -.0037862
T  487  2 .4182829E+07   1080009E-01 -.9371E+03 -.6451E+03   .9998534 -.0143543 -.0093379
T  488  2 .4205499E+07   1080019E-01  .3028E+03 -.2301E+03   .9999895  .0037305 -.0026548
T  489  2 .4174686E+07   1080003E-01 -.3019E+03  .4373E+02   .9999258 -.0111095  .0050033
T  490  2 .4168759E+07   1080010E-01 -.5611E+03  .4641E+03   .9998724 -.0158074  .0023049
T  491  2 .4202348E+07   1080000E-01  .4256E+03 -.2354E+03   .9999423  .0105977 -.0017569
T  492  2 .4175131E+07   1080013E-01 -.3077E+03 -.8382E+03   .9998299 -.0038699 -.0180351
T  493  2 .4194508E+07   1080005E-01  .9783E+03 -.3131E+03   .9999047  .0137919  .0006606
T  494  2 .4199382E+07   1080007E-01  .3032E+03 -.3753E+03   .9998034  .0047822 -.0192444
T  495  2 .4162067E+07   1080012E-01 -.4372E+03  .3456E+03   .9999829 -.0041827  .0040842
T  496  2 .4210608E+07   1080004E-01  .2152E+03 -.5830E+03   .9999737  .0052431 -.0050176
T  497  2 .4211411E+07   1080020E-01 -.4225E+03  .2994E+03   .9994213 -.0167004  .0296352
T  498  2 .4186809E+07   1080000E-01 -.1862E+03 -.7417E+03   .9999549  .0080125 -.0051082
T  499  2 .4179304E+07   1080008E-01  .3779E+03  .4785E+01   .9999231  .0122681  .0018203
T  500  2 .4170998E+07   1080018E-01 -.4409E+03  .2178E+03   .9999662 -.0076616  .0029868
T  501  2 .4164822E+07   1080007E-01 -.6190E+03 -.8930E+03   .9997404 -.0200499 -.0108264
T  502  2 .4183641E+07   1080020E-01 -.3113E+03 -.1490E+03   .9999708 -.0046731 -.0060530
T  503  2 .4183004E+07   1080016E-01 -.2060E+04  .1060E+04   .9996997 -.0233687  .0073806
T  504  2 .4155987E+07   1080001E-01 -.5448E+01  .2705E+03   .9999986 -.0004221 -.0015970
T  505  2 .4148425E+07   1080015E-01 -.3391E+02 -.1973E+03   .9999932 -.0031092  .0020036
T  506  2 .4179068E+07   1080013E-01 -.3513E+03 -.4407E+03   .9999597 -.0042693 -.0078943
T  507  2 .4160411E+07   1080012E-01 -.4659E+03  .4748E+03   .9999624 -.0026803  .0082521
T  508  2 .4186202E+07   1080017E-01 -.1737E+03 -.1418E+03   .9999832 -.0057645 -.0006287
T  509  2 .4191456E+07   1080022E-01  .4534E+03  .1484E+03   .9998500  .0097870  .0142929
T  510  2 .4159597E+07   1080014E-01  .8336E+03  .4023E+03   .9998261  .0167147  .0082699
T  511  2 .4160407E+07   1080018E-01  .7299E+03  .1092E+04   .9996643  .0225550  .0127530
T  512  2 .4216900E+07   1080014E-01  .2400E+02 -.2431E+02   .9999921  .0014873  .0036901
T  513  2 .4203981E+07   1080009E-01 -.1482E+03  .4917E+03   .9999773 -.0008190  .0066930
T  514  2 .4167094E+07   1080011E-01 -.1918E+03  .1798E+03   .9999875 -.0029275  .0040419
T  515  2 .4184575E+07   1080001E-01 -.1280E+04  .7681E+03   .9996504 -.0097647  .0245710
T  516  2 .4161000E+07   1080013E-01  .1269E+04 -.3147E+04   .9991039  .0120221 -.0405807
T  517  2 .4210905E+07   1080009E-01 -.4163E+03 -.4244E+03   .9999692 -.0026761 -.0073826
T  518  2 .4164791E+07   1080007E-01  .8652E+02 -.5763E+03   .9999735  .0004408 -.0072658
T  519  2 .4191689E+07   1080013E-01 -.7472E+02 -.7866E+01   .9999681 -.0012382 -.0078936
T  520  2 .4160089E+07   1080000E-01 -.3572E+03 -.7809E+03   .9996821  .0063406 -.0244041
T  521  2 .4186558E+07   1080016E-01 -.1767E+04 -.1638E+04   .9995767 -.0249343 -.0149877
T  522  2 .4181150E+07   1080007E-01 -.2055E+04  .3540E+03   .9993665 -.0350167  .0063512
T  523  2 .4184187E+07   1080014E-01  .4563E+03 -.1948E+03   .9999797  .0038987 -.0050300
T  524  2 .4210915E+07   1080019E-01 -.5294E+03  .8939E+03   .9998749 -.0103478  .0119646
T  525  2 .4180009E+07   1080010E-01 -.4271E+03  .3145E+03   .9999804 -.0026079  .0056947
T  526  2 .4141536E+07   1080015E-01 -.6131E+02  .6351E+03   .9997481  .0000636  .0224446
T  527  2 .4179387E+07   1080022E-01 -.2191E+02  .1072E+03   .9999379  .0028633  .0107737
T  528  2 .4196642E+07   1080017E-01  .4231E+03 -.2119E+03   .9999964  .0006202 -.0025946
T  529  2 .4174338E+07   1080022E-01 -.3474E+03 -.2004E+03   .9998687 -.0146005 -.0070232
T  530  2 .4179034E+07   1080011E-01 -.4954E+02 -.3962E+02   .9999978  .0020579 -.0004179
T  531  2 .4171879E+07   1080008E-01 -.1025E+04 -.9917E+03   .9996806 -.0182202 -.0175120
T  532  2 .4208774E+07   1080002E-01 -.4025E+03  .2870E+02   .9999713 -.0036849  .0066205
T  533  2 .4204281E+07   1080010E-01 -.5857E+03 -.1692E+03   .9997981 -.0197289 -.0038218
T  534  2 .4181876E+07   1080008E-01  .2333E+03  .6287E+03   .9997029  .0143739  .0196835
T  535  2 .4205695E+07   1080008E-01 -.9198E+02  .7297E+03   .9997300 -.0056635  .0225341
T  536  2 .4179310E+07   1080017E-01 -.1059E+04 -.8226E+01   .9997870 -.0199802 -.0051769
T  537  2 .4152655E+07   1080022E-01 -.1030E+03  .1085E+03   .9999965 -.0022943  .0013007
T  538  2 .4204632E+07   1080002E-01  .1392E+03  .9081E+02   .9999967  .0021076  .0014737
T  539  2 .4177675E+07   1080010E-01  .2518E+02 -.4192E+03   .9999926 -.0034709 -.0016744
T  540  2 .4204114E+07   1080018E-01 -.2675E+03 -.2945E+03   .9999942 -.0018227 -.0028627
T  541  2 .4170665E+07   1080001E-01  .1776E+03 -.2002E+03   .9999686  .0060013  .0051753
T  542  2 .4213544E+07   1080009E-01 -.8493E+03  .4149E+03   .9999229 -.0123025  .0016582
T  543  2 .4141306E+07   1080014E-01  .1478E+01 -.3151E+03   .9999672  .0039382 -.0070761
T  544  2 .4142588E+07   1080018E-01  .8403E+02  .1454E+03   .9999622  .0066311  .0056201
T  545  2 .4227731E+07   1080020E-01 -.2666E+03  .4664E+02   .9999420 -.0087337 -.0063000
T  546  2 .4186443E+07   1080000E-01  .1041E+03 -.1541E+03   .9999945  .0008120 -.0032161
T  547  2 .4194478E+07   1080011E-01  .3944E+03 -.3833E+03   .9998723  .0144849 -.0067524
T  548  2 .4167015E+07   1080018E-01  .5643E+03  .4297E+03   .9998741  .0147486  .0058612
T  549  2 .4181079E+07   1080008E-01 -.3429E+03 -.4794E+03   .9995210 -.0306900  .0039952
T  550  2 .4195564E+07   1080018E-01  .5727E+03  .6162E+03   .9999643  .0082772  .0016869
T  551  2 .4163281E+07   1080014E-01  .1369E+03  .5763E+03   .9999340  .0073355  .0088409
T  552  2 .4202245E+07   1080004E-01 -.4929E+03 -.1354E+03   .9999474 -.0085365 -.0056784
T  553  2 .4171668E+07   1080012E-01 -.6690E+03 -.3319E+03   .9999434 -.0091492 -.0054232
T  554  2 .4197059E+07   1080011E-01  .1791E+03 -.9708E+03   .9997837  .0089571 -.0187720
T  555  2 .4214890E+07   1080014E-01 -.6783E+03 -.5420E+03   .9999699 -.0064762 -.0042817
T  556  2 .4212023E+07   1080001E-01 -.2726E+02  .3006E+03   .9998678 -.0046226 -.0155868
T  557  2 .4151188E+07   1080016E-01 -.6806E+03 -.2971E+03   .9997938 -.0135859 -.0150920
T  558  2 .4148610E+07   1080015E-01  .7521E+03  .2331E+03   .9999694  .0075061  .0022021
T  559  2 .4225352E+07   1080013E-01  .2739E+03  .6842E+03   .9999889 -.0008010  .0046482
T  560  2 .4157360E+07   1080020E-01 -.7928E+03  .2511E+04   .9994111 -.0073387  .0335201
T  561  2 .4160826E+07   1080013E-01 -.1334E+03 -.3272E+03   .9999747  .0039219 -.0059378
T  562  2 .4200288E+07   1080013E-01  .1910E+03 -.2874E+03   .9999416  .0074974 -.0077787
T  563  2 .4199130E+07   1080017E-01  .1770E+03 -.2115E+03   .9999711  .0010338 -.0075256
T  564  2 .4223249E+07   1080016E-01 -.9335E+02  .4086E+03   .9999900 -.0013459  .0042592
T  565  2 .4196754E+07   1080008E-01  .5273E+03 -.1794E+02   .9999159  .0110129  .0068528
T  566  2 .4184221E+07   1080004E-01  .3478E+03  .2305E+03   .9998865  .0144675  .0041999
T  567  2 .4206012E+07   1080022E-01 -.1086E+04  .7904E+03   .9997342 -.0187380  .0134335
T  568  2 .4213965E+07   1080001E-01 -.1122E+03  .1389E+03   .9999997  .0007206 -.0002456
T  569  2 .4190443E+07   1080007E-01  .1658E+04  .1109E+04   .9998600  .0096317  .0136817
T  570  2 .4197924E+07   1080021E-01 -.1111E+04  .1569E+04   .9988981 -.0182708  .0432288
T  571  2 .4194747E+07   1080014E-01  .2336E+03 -.1349E+04   .9997780  .0009676 -.0210465
T  572  2 .4143453E+07   1080018E-01  .3260E+03 -.2961E+02   .9999584  .0059726  .0068897
T  573  2 .4164613E+07   1080014E-01 -.3876E+03  .3939E+03   .9999839 -.0048394 -.0029508
T  574  2 .4232047E+07   1080011E-01 -.1196E+03  .1808E+03   .9999993  .0006285  .0009915
T  575  2 .4159776E+07   1080020E-01  .4745E+03  .8857E+03   .9997727  .0100701  .0187903
T  576  2 .4173016E+07   1080002E-01  .6952E+02 -.4973E+02   .9999957 -.0016474  .0024212
T  577  2 .4209961E+07   1080012E-01 -.3445E+03 -.1927E+02   .9999422 -.0059554 -.0089540
T  578  2 .4168890E+07   1080020E-01  .3867E+03  .1225E+03   .9999798  .0063432  .0004667
T  579  2 .4188036E+07   1080021E-01  .3440E+04 -.8771E+03   .9991339  .0399499 -.0116413
T  580  2 .4191836E+07   1080017E-01  .4872E+03 -.8650E+03   .9999099  .0102731 -.0086362
T  581  2 .4166902E+07   1080021E-01 -.3881E+03  .4930E+03   .9999466 -.0075637  .0070356
T  582  2 .4160687E+07   1080007E-01  .2920E+03 -.7885E+02   .9999628  .0086079  .0004599
T  583  2 .4175299E+07   1080017E-01  .5445E+03  .1825E+02   .9999616  .0031473 -.0081779
T  584  2 .4176932E+07   1080014E-01  .1356E+03 -.7787E+03   .9999465 -.0029203 -.0099213
T  585  2 .4168411E+07   1080011E-01  .3220E+03 -.6762E+03   .9999162  .0097712 -.0084921
T  586  2 .4203468E+07   1080021E-01  .3274E+03 -.8515E+03   .9999228  .0063778 -.0106639
T  587  2 .4188802E+07   1080009E-01 -.6103E+03  .2206E+03   .9999277 -.0119659  .0011726
T  588  2 .4154913E+07   1080021E-01  .5394E+03 -.9603E+02   .9999816  .0005035  .0060424
T  589  2 .4154717E+07   1080019E-01 -.3852E+03  .8656E+02   .9999599 -.0087639 -.0018295
T  590  2 .4218032E+07   1080003E-01 -.1704E+03  .5792E+03   .9999952 -.0023206  .0020770
T  591  2 .4161219E+07   1080019E-01 -.2474E+03  .6525E+03   .9998917 -.0063060  .0132944
T  592  2 .4187455E+07   1080008E-01 -.3190E+03  .2768E+03   .9999801 -.0023179 -.0058641
T  593  2 .4168826E+07   1080020E-01  .7665E+03  .2027E+03   .9999111  .0131276 -.0023268
T  594  2 .4145663E+07   1080018E-01 -.1678E+03 -.2388E+03   .9999621  .0020065 -.0084753
T  595  2 .4151389E+07   1080010E-01  .8277E+03  .4680E+03   .9995586  .0234480  .0182431
T  596  2 .4140639E+07   1080018E-01 -.7187E+00  .6193E+03   .9999446  .0012155  .0104587
T  597  2 .4168023E+07   1080019E-01  .2039E+03 -.1022E+04   .9999286 -.0028462 -.0116079
T  598  2 .4180848E+07   1080014E-01  .3927E+02 -.5121E+03   .9999914  .0024073 -.0033804
T  599  2 .4192386E+07   1080015E-01 -.5377E+03  .1266E+03   .9999613 -.0087972  .0000304
T  600  2 .4211998E+07   1080017E-01 -.2586E+03 -.3967E+03   .9999975 -.0002188  .0022061
T  601  2 .4194865E+07   1080004E-01  .3640E+03 -.1522E+03   .9999933  .0020468 -.0030443
T  602  2 .4193923E+07   1080006E-01  .7372E+03  .2395E+03   .9999421  .0106458  .0015815
T  603  2 .4188436E+07   1080009E-01  .6606E+03 -.1244E+04   .9998342  .0057860 -.0172654
T  604  2 .4162503E+07   1080001E-01  .1325E+03 -.3531E+03   .9999886  .0014773 -.0045309
T  605  2 .4158328E+07   1080020E-01  .9987E+02  .6009E+03   .9999142 -.0080601  .0103294
T  606  2 .4167272E+07   1080011E-01  .1603E+03 -.2207E+03   .9999741  .0060524  .0038869
T  607  2 .4177749E+07   1080002E-01  .1315E+04 -.4733E+03   .9998863  .0139008 -.0058520
T  608  2 .4199405E+07   1080015E-01 -.5822E+03 -.3329E+03   .9999242  .0022971 -.0120962
T  609  2 .4178220E+07   1080016E-01  .7233E+03 -.4359E+03   .9998685  .0098165 -.0129119
T  610  2 .4188061E+07   1080013E-01  .4097E+03  .8581E+03   .9999247  .0096020  .0076354
T  611  2 .4174670E+07   1080021E-01 -.3157E+03  .2601E+03   .9998454 -.0142068  .0103624
T  612  2 .4250052E+07   1080018E-01 -.9766E+02  .5692E+03   .9999253 -.0012623  .0121576
T  613  2 .4200344E+07   1080009E-01  .5951E+03 -.1305E+03   .9999470  .0101003  .0020116
T  614  2 .4210602E+07   1080018E-01  .1431E+02  .4807E+02   .9999969 -.0004708 -.0024290
T  615  2 .4192296E+07   1080000E-01 -.9372E+03  .5837E+03   .9999920 -.0013172  .0037877
T  616  2 .4147258E+07   1080020E-01 -.1329E+03 -.2054E+03   .9999917 -.0011089  .0039172
T  617  2 .4180218E+07   1080001E-01  .4055E+03 -.8206E+03   .9997896  .0081561 -.0188229
T  618  2 .4162329E+07   1080008E-01  .3680E+03 -.1601E+03   .9999336  .0079165 -.0083774
T  619  2 .4176390E+07   1080006E-01 -.1851E+03 -.7479E+03   .9999017 -.0005794 -.0140103
T  620  2 .4214641E+07   1080013E-01  .3281E+03 -.1326E+03   .9999799  .0060934 -.0017685
T  621  2 .4164923E+07   1080018E-01  .1325E+03  .2304E+03   .9998313  .0178215  .0044372
T  622  2 .4195901E+07   1080005E-01 -.9664E+02  .1235E+03   .9999987 -.0012249 -.0010170
T  623  2 .4219678E+07   1080016E-01  .4323E+03 -.2077E+03   .9999763  .0065382 -.0021423
T  624  2 .4167913E+07   1080009E-01  .4232E+03 -.6663E+03   .9999556  .0001976 -.0094236
T  625  2 .4187673E+07   1080008E-01  .1560E+03  .4721E+02   .9999968  .0025046 -.0002593
T  626  2 .4193040E+07   1080019E-01 -.3416E+03 -.5342E+03   .9999666  .0010467 -.0081110
T  627  2 .4167253E+07   1080021E-01  .1182E+04  .1521E+04   .9998296  .0063492  .0173359
T  628  2 .4209499E+07   1080015E-01 -.6680E+03  .1225E+03   .9999758 -.0064283 -.0026640
T  629  2 .4152854E+07   1080015E-01 -.4535E+03 -.2220E+03   .9999836 -.0048703 -.0030288
T  630  2 .4127117E+07   1080015E-01  .5376E+03  .1703E+02   .9998078  .0117296 -.0157090
T  631  2 .4175579E+07   1080014E-01 -.1018E+04 -.3493E+03   .9997004 -.0244599 -.0009303
T  632  2 .4173657E+07   1080019E-01  .9905E+03  .1813E+03   .9998840  .0149258  .0030320
T  633  2 .4178023E+07   1080018E-01 -.5513E+03  .5325E+03   .9999566 -.0081907  .0044388
T  634  2 .4211438E+07   1080003E-01 -.1634E+03 -.4506E+03   .9999665 -.0068241 -.0045118
T  635  2 .4177178E+07   1080007E-01  .4447E+03  .1098E+03   .9999408  .0092319  .0057645
T  636  2 .4177895E+07   1080012E-01 -.7329E+03  .5384E+03   .9998202 -.0188663  .0019108
T  637  2 .4181220E+07   1080010E-01 -.1494E+03  .1591E+03   .9998972 -.0055443  .0132232
T  638  2 .4201646E+07   1080020E-01  .1192E+03  .4263E+03   .9999119 -.0008363  .0132485
T  639  2 .4174618E+07   1080021E-01 -.2833E+03 -.3918E+02   .9999953 -.0030595  .0002376
T  640  2 .4202547E+07   1080021E-01 -.6108E+03  .7383E+02   .9998855 -.0120488  .0091497
T  641  2 .4175660E+07   1080022E-01 -.8601E+03  .6445E+03   .9993483 -.0262460  .0247808
T  642  2 .4198868E+07   1080008E-01  .1345E+03 -.1916E+03   .9999821  .0003152 -.0059736
T  643  2 .4168957E+07   1080014E-01 -.1445E+03 -.1485E+03   .9999906  .0035623 -.0024736
T  644  2 .4159010E+07   1080022E-01  .5539E+03  .7522E+03   .9998013  .0064235  .0188684
T  645  2 .4158690E+07   1080009E-01 -.3586E+03  .4654E+02   .9970042 -.0068956 -.0770396
T  646  2 .4203512E+07   1080014E-01  .1321E+04  .9903E+02   .9998480  .0155333 -.0079192
T  647  2 .4134230E+07   1080009E-01 -.6920E+03 -.4194E+03   .9999920 -.0009317 -.0038938
T  648  2 .4189560E+07   1080005E-01  .4645E+03 -.2438E+03   .9998520  .0171186 -.0017295
T  649  2 .4202698E+07   1080004E-01  .2164E+03 -.2544E+03   .9999843  .0047053 -.0030461
T  650  2 .4212504E+07   1080017E-01 -.1811E+02 -.1290E+03   .9999850  .0029550 -.0046154
T  651  2 .4176240E+07   1080014E-01 -.2258E+01  .1489E+03   .9999917 -.0025807  .0031655
T  652  2 .4173664E+07   1080020E-01  .1288E+03 -.1106E+04   .9998386  .0037311 -.0175751
T  653  2 .4229931E+07   1080001E-01  .3578E+03  .2322E+03   .9999718  .0067655  .0032590
T  654  2 .4163037E+07   1080011E-01  .2753E+03 -.2836E+03   .9999908  .0042506 -.0004898
T  655  2 .4190247E+07   1080008E-01 -.4620E+03 -.7351E+03   .9998674 -.0040465 -.0157711
T  656  2 .4163599E+07   1080005E-01  .1202E+04  .8816E+03   .9997938  .0191791  .0066684
T  657  2 .4193107E+07   1080020E-01  .1008E+04  .3942E+02   .9997804  .0191607 -.0084863
T  658  2 .4137590E+07   1080002E-01 -.1017E+04  .8441E+03   .9998946 -.0073113  .0125397
T  659  2 .4182301E+07   1080010E-01  .9170E+02 -.4336E+03   .9999191  .0005402 -.0127063
T  660  2 .4139337E+07   1080012E-01  .1592E+02 -.1301E+03   .9999905  .0010947 -.0042182
T  661  2 .4170560E+07   1080016E-01 -.4466E+03 -.9793E+03   .9996623 -.0181572 -.0185929
T  662  2 .4159936E+07   1080011E-01 -.3067E+03 -.5976E+03   .9999809 -.0005120 -.0061642
T  663  2 .4206524E+07   1080018E-01 -.4845E+03  .1055E+03   .9998022 -.0198869  .0003195
T  664  2 .4168397E+07   1080017E-01 -.1884E+03 -.3697E+03   .9999798 -.0054223 -.0033069
T  665  2 .4167041E+07   1080017E-01 -.8463E+03 -.5239E+03   .9998360 -.0150647 -.0100503
T  666  2 .4207374E+07   1080011E-01  .2033E+03  .1478E+03   .9999869  .0050549 -.0007465
T  667  2 .4169030E+07   1080003E-01 -.5226E+03  .2799E+03   .9999737 -.0071543 -.0012035
T  668  2 .4213459E+07   1080022E-01  .2492E+03 -.4495E+03   .9999213  .0050345 -.0114935
T  669  2 .4160068E+07   1080013E-01 -.9959E+02  .4230E+02   .9999939 -.0034785  .0000075
T  670  2 .4214202E+07   1080001E-01  .3716E+03 -.4517E+03   .9999773  .0011531 -.0066340
T  671  2 .4178540E+07   1080002E-01  .1156E+04 -.5609E+03   .9999072  .0133746 -.0025715
T  672  2 .4187732E+07   1080022E-01 -.6766E+03 -.3860E+03   .9998388 -.0158374 -.0084548
T  673  2 .4200317E+07   1080013E-01  .2968E+03  .7501E+02   .9999746  .0070942  .0006802
T  674  2 .4152685E+07   1080015E-01  .1524E+03  .2951E+03   .9999571  .0035936  .0085425
T  675  2 .4152538E+07   1080008E-01  .8885E+02 -.5460E+03   .9999338  .0022978 -.0112730
T  676  2 .4180753E+07   1080005E-01 -.4457E+03  .5960E+03   .9999196 -.0098023  .0080473
T  677  2 .4171361E+07   1080012E-01  .6437E+03  .3596E+03   .9998684  .0061927  .0149940
T  678  2 .4176704E+07   1080003E-01 -.2823E+03 -.2704E+03   .9999802 -.0058746 -.0022735
T  679  2 .4171891E+07   1080019E-01 -.3371E+03 -.5471E+03   .9999865 -.0022869 -.0046757
T  680  2 .4204549E+07   1080012E-01  .6924E+03 -.2239E+03   .9999355  .0104604 -.0044188
T  681  2 .4178789E+07   1080014E-01 -.6757E+03  .1506E+04   .9994342 -.0105625  .0319339
T  682  2 .4208576E+07   1080019E-01 -.5521E+03 -.4517E+03   .9999959 -.0013331 -.0025457
T  683  2 .4154700E+07   1080007E-01  .3861E+03 -.3902E+03   .9999329 -.0007124 -.0115665
T  684  2 .4188044E+07   1080003E-01 -.1415E+03  .4576E+03   .9996248 -.0062306  .0266734
T  685  2 .4136441E+07   1080008E-01  .1675E+03 -.6334E+02   .9998967  .0088812 -.0112990
T  686  2 .4192577E+07   1080004E-01  .3172E+02 -.2133E+03   .9999742  .0057372 -.0043211
T  687  2 .4117176E+07   1080011E-01 -.1017E+04 -.2198E+03   .9998885 -.0124973 -.0081783
T  688  2 .4215731E+07   1080019E-01 -.4031E+03 -.4763E+02   .9998758 -.0100839  .0121084
T  689  2 .4175427E+07   1080011E-01 -.1861E+03 -.2666E+03   .9999763 -.0023071 -.0064880
T  690  2 .4214078E+07   1080020E-01 -.6052E+02  .2646E+03   .9999908 -.0017466  .0039059
T  691  2 .4143141E+07   1080018E-01 -.1891E+03  .7524E+03   .9999457 -.0010560  .0103639
T  692  2 .4174378E+07   1080018E-01 -.1432E+03 -.7681E+03   .9998245 -.0007943 -.0187198
T  693  2 .4160043E+07   1080012E-01  .4183E+03  .3781E+03   .9999155 -.0049657 -.0120137
T  694  2 .4197643E+07   1080010E-01 -.7757E+03 -.6125E+03   .9999201 -.0088012 -.0090789
T  695  2 .4147781E+07   1080000E-01  .6132E+03 -.1608E+03   .9999683  .0059318 -.0053128
T  696  2 .4145812E+07   1080019E-01 -.1163E+02  .5760E+03   .9999750 -.0067533  .0021177
T  697  2 .4185745E+07   1080018E-01 -.6349E+02  .5801E+03   .9999601 -.0027085  .0085111
T  698  2 .4151023E+07   1080001E-01  .1021E+03  .4644E+03   .9999579 -.0025051  .0088251
T  699  2 .4182536E+07   1080020E-01 -.2033E+03  .1427E+03   .9999730 -.0067065 -.0029948
T  700  2 .4158965E+07   1080013E-01  .3595E+03  .1488E+04   .9998692  .0049224  .0154064
T  701  2 .4195398E+07   1080021E-01 -.3196E+03  .4326E+03   .9998953 -.0100750  .0103846
T  702  2 .4205327E+07   1080000E-01  .2986E+03  .1879E+03   .9999883  .0048354 -.0000419
T  703  2 .4189618E+07   1080012E-01 -.6950E+02 -.9510E+01   .9999598 -.0061850 -.0064888
T  704  2 .4163738E+07   1080017E-01 -.1390E+04 -.8689E+03   .9998767 -.0144149 -.0062260
T  705  2 .4205195E+07   1080009E-01  .3424E+03 -.5386E+02   .9999969  .0014678 -.0020287
T  706  2 .4169418E+07   1080010E-01  .1192E+03 -.4465E+03   .9999571  .0075701 -.0053292
T  707  2 .4142579E+07   1080012E-01 -.1625E+03  .5020E+02   .9999946 -.0003172  .0032616
T  708  2 .4178071E+07   1080010E-01  .5118E+03 -.7694E+02   .9999212  .0068766 -.0105060
T  709  2 .4192199E+07   1080013E-01  .8264E+03  .1908E+03   .9996106  .0263181 -.0092686
T  710  2 .4192499E+07   1080016E-01 -.5048E+03 -.8084E+03   .9997588  .0051139 -.0213565
T  711  2 .4191475E+07   1080005E-01  .1066E+04 -.4579E+03   .9995950  .0240353 -.0152379
T  712  2 .4215767E+07   1080004E-01 -.1551E+03 -.3854E+03   .9999828 -.0046850 -.0035355
T  713  2 .4210903E+07   1080008E-01 -.5276E+03 -.7059E+02   .9999798 -.0039860  .0049602
T  714  2 .4191300E+07   1080017E-01 -.1744E+03 -.4685E+01   .9999891 -.0028752 -.0036696
T  715  2 .4202244E+07   1080001E-01  .3715E+03 -.1326E+03   .9998514  .0134276 -.0108070
T  716  2 .4201804E+07   1080017E-01 -.8402E+03 -.1137E+03   .9997810 -.0205003  .0042078
T  717  2 .4192076E+07   1080015E-01 -.3169E+02  .4277E+03   .9999365  .0112218  .0010361
T  718  2 .4178590E+07   1080019E-01 -.5112E+03  .3795E+02   .9999816 -.0060338  .0006088
T  719  2 .4184550E+07   1080013E-01  .1640E+04  .4196E+03   .9996978  .0214954  .0119267
T  720  2 .4184447E+07   1080004E-01  .9072E+02  .3500E+02   .9999944 -.0026835 -.0020020
T  721  2 .4151872E+07   1080011E-01 -.7074E+03  .3706E+02   .9999562 -.0090356  .0024283
T  722  2 .4208369E+07   1080013E-01  .3173E+03  .5517E+03   .9999397  .0064317  .0089031
T  723  2 .4145495E+07   1080004E-01  .1748E+03  .4301E+03   .9999271  .0014406  .0119889
T  724  2 .4191775E+07   1080019E-01 -.6380E+02  .2256E+03   .9999949  .0004958  .0031702
T  725  2 .4209880E+07   1080015E-01  .5756E+03  .2766E+03   .9998139  .0181250  .0066076
T  726  2 .4177701E+07   1080011E-01  .1701E+04  .1700E+03   .9994431  .0332544  .0027777
T  727  2 .4185712E+07   1080020E-01 -.4339E+01 -.7141E+03   .9998572 -.0005636 -.0168915
T  728  2 .4158186E+07   1080001E-01  .9086E+03  .7033E+03   .9998857  .0130092  .0077042
T  729  2 .4184880E+07   1080001E-01 -.5846E+03 -.1516E+03   .9995149  .0045044  .0308184
T  730  2 .4204021E+07   1080017E-01 -.5991E+03 -.6427E+03   .9999222 -.0097803 -.0077420
T  731  2 .4141109E+07   1080009E-01 -.1492E+02 -.8521E+03   .9996592  .0058214 -.0254461
T  732  2 .4199213E+07   1080018E-01 -.7012E+02 -.8666E+02   .9999646 -.0059823 -.0059208
T  733  2 .4143648E+07   1080004E-01 -.5210E+03  .1227E+04   .9999043 -.0073959  .0116916
T  734  2 .4158346E+07   1080019E-01  .2062E+02 -.5148E+03   .9999668  .0000086 -.0081512
T  735  2 .4176407E+07   1080013E-01  .2982E+03 -.1839E+03   .9999257  .0097528 -.0073068
T  736  2 .4215055E+07   1080015E-01 -.2202E+03  .2725E+03   .9999838 -.0053728  .0018735
T  737  2 .4147038E+07   1080009E-01  .3221E+02  .1486E+03   .9999816  .0032398 -.0051221
T  738  2 .4155163E+07   1080008E-01 -.2599E+04  .1845E+04   .9992714 -.0323019  .0203293
T  739  2 .4182382E+07   1080015E-01  .2338E+03 -.3534E+03   .9999697  .0008323 -.0077443
T  740  2 .4198730E+07   1080007E-01  .8408E+02 -.1401E+03   .9996894  .0076316 -.0237240
T  741  2 .4148417E+07   1080000E-01 -.5419E+02 -.3267E+03   .9999671 -.0063681 -.0050268
T  742  2 .4203144E+07   1080005E-01  .1208E+04  .2549E+02   .9997386  .0228608 -.0002189
T  743  2 .4110742E+07   1080005E-01  .5041E+03  .2711E+03   .9999631  .0037534  .0077212
T  744  2 .4209254E+07   1080000E-01 -.3054E+04  .4887E+03   .9993141 -.0366675  .0051739
T  745  2 .4170682E+07   1080019E-01 -.3718E+03 -.3158E+03   .9999294 -.0045234 -.0109839
T  746  2 .4204897E+07   1080012E-01 -.3118E+03 -.4021E+03   .9999572  .0005540 -.0092339
T  747  2 .4183536E+07   1080018E-01 -.4494E+03  .2759E+03   .9999543 -.0048376  .0082499
T  748  2 .4165579E+07   1080014E-01 -.2996E+03  .3373E+03   .9999415 -.0029914  .0103974
T  749  2 .4191966E+07   1080012E-01  .1159E+04 -.6980E+03   .9999490  .0072389 -.0070402
T  750  2 .4174185E+07   1080010E-01  .7294E+03 -.1679E+02   .9999367  .0112289  .0006617
T  751  2 .4193105E+07   1080000E-01 -.6489E+03  .6582E+03   .9999260 -.0062690  .0104282
T  752  2 .4182657E+07   1080015E-01  .3417E+03 -.1677E+03   .9999885  .0012313 -.0046456
T  753  2 .4158845E+07   1080021E-01  .1044E+04 -.2755E+03   .9999253  .0118650 -.0029289
T  754  2 .4146188E+07   1080015E-01 -.3886E+02  .2458E+03   .9999851  .0054529 -.0003116
T  755  2 .4170212E+07   1080019E-01  .4067E+03 -.2297E+03   .9999495 -.0027353 -.0096674
T  756  2 .4184569E+07   1080021E-01  .3008E+03 -.3208E+03   .9999634  .0067145 -.0053058
T  757  2 .4237177E+07   1080014E-01  .9935E+03 -.1325E+03   .9998494  .0173319 -.0009242
T  758  2 .4161105E+07   1080013E-01 -.7271E+03  .2236E+03   .9999951 -.0019759  .0024247
T  759  2 .4182594E+07   1080010E-01  .1807E+03 -.1833E+03   .9999689  .0077783 -.0013293
T  760  2 .4173240E+07   1080020E-01 -.1418E+03 -.9861E+01   .9999237 -.0012982  .0122850
T  761  2 .4165230E+07   1080000E-01  .1122E+04 -.9233E+03   .9997967  .0160707 -.0121741
T  762  2 .4191626E+07   1080006E-01  .3945E+03 -.1159E+02   .9999629  .0081370 -.0028214
T  763  2 .4197406E+07   1080001E-01  .3790E+03  .1221E+04   .9997629  .0086613  .0199775
T  764  2 .4183481E+07   1080010E-01 -.3483E+03 -.4129E+03   .9998736 -.0120362 -.0103854
T  765  2 .4169069E+07   1080010E-01 -.4065E+03  .1635E+04   .9993756 -.0158359  .0315845
T  766  2 .4180752E+07   1080019E-01 -.3217E+03 -.4058E+03   .9999585 -.0034358 -.0084368
T  767  2 .4212113E+07   1080021E-01 -.1556E+03 -.2149E+03   .9999590  .0007155 -.0090280
T  768  2 .4182574E+07   1080000E-01 -.2756E+03 -.6780E+03   .9997679 -.0185475 -.0109636
T  769  2 .4165368E+07   1080022E-01  .1189E+03  .7222E+03   .9999825  .0013869  .0057502
T  770  2 .4165153E+07   1080000E-01 -.3865E+03  .6583E+03   .9977261 -.0620397  .0263393
T  771  2 .4195768E+07   1080018E-01 -.2517E+04  .5181E+03   .9995718 -.0290235  .0037201
T  772  2 .4236828E+07   1080001E-01 -.2961E+03  .1529E+03   .9999923 -.0039111  .0003009
T  773  2 .4208840E+07   1080015E-01  .1889E+03 -.2612E+03   .9999627 -.0086301  .0003420
T  774  2 .4203950E+07   1080003E-01  .4151E+03  .6674E+03   .9998849  .0079603  .0129184
T  775  2 .4223038E+07   1080007E-01 -.2655E+03  .4501E+01   .9999945 -.0006900  .0032422
T  776  2 .4155492E+07   1080021E-01  .1161E+03 -.2366E+03   .9999726  .0062868 -.0039168
T  777  2 .4185911E+07   1080018E-01  .2170E+03  .1221E+02   .9999508  .0035342  .0092702
T  778  2 .4210330E+07   1080000E-01  .3384E+03  .4110E+03   .9999422  .0032918  .0102343
T  779  2 .4135481E+07   1080004E-01 -.1069E+03  .1697E+03   .9999816 -.0058353 -.0016526
T  780  2 .4175807E+07   1080007E-01 -.8173E+02  .2479E+03   .9999937 -.0033758 -.0010554
T  781  2 .4175719E+07   1080014E-01  .9271E+03 -.1972E+02   .9997170  .0225810 -.0074823
T  782  2 .4181552E+07   1080021E-01  .1819E+02 -.4879E+03   .9999758 -.0043926 -.0053892
T  783  2 .4180955E+07   1080012E-01  .9839E+03 -.4383E+03   .9994307  .0334936  .0040622
T  784  2 .4185666E+07   1080016E-01  .4844E+02  .2320E+03   .9999688  .0077145  .0016930
T  785  2 .4180253E+07   1080017E-01  .6940E+03  .3634E+03   .9998952  .0138119  .0043333
T  786  2 .4216380E+07   1080020E-01 -.3226E+02 -.9554E+03   .9997287 -.0045264 -.0228473
T  787  2 .4203444E+07   1080007E-01 -.3008E+02 -.4370E+03   .9998217 -.0043441 -.0183772
T  788  2 .4169435E+07   1080001E-01  .1022E+03  .4052E+03   .9999697  .0040937  .0066155
T  789  2 .4185446E+07   1080011E-01  .3578E+04 -.1252E+04   .9984509  .0538737 -.0139101
T  790  2 .4216386E+07   1080002E-01  .3838E+02  .2336E+02   .9999840  .0002143  .0056452
T  791  2 .4194655E+07   1080014E-01  .7664E+03 -.5467E+03   .9998868  .0126145 -.0082000
T  792  2 .4186170E+07   1080006E-01 -.1981E+04  .8480E+02   .9999711 -.0068351 -.0033274
T  793  2 .4170887E+07   1080000E-01 -.3381E+03 -.1723E+04   .9989425 -.0086088 -.0451636
T  794  2 .4193347E+07   1080011E-01 -.5884E+03  .1375E+03   .9999434 -.0101646  .0031573
T  795  2 .4141655E+07   1080020E-01  .4218E+03  .4679E+03   .9999775  .0046187  .0048595
T  796  2 .4224147E+07   1080013E-01 -.4167E+03  .1674E+03   .9999679 -.0052209  .0060771
T  797  2 .4155638E+07   1080010E-01 -.6254E+02  .5257E+03   .9997169  .0021081  .0236980
T  798  2 .4202770E+07   1080001E-01 -.1746E+03 -.2610E+03   .9999775 -.0054545 -.0039131
T  799  2 .4203374E+07   1080019E-01  .9079E+03  .7675E+02   .9999365  .0086664 -.0072095
T  800  2 .4194632E+07   1080014E-01  .2897E+03 -.3657E+03   .9998929  .0127406 -.0072024
T  801  2 .4173787E+07   1080020E-01  .5657E+03  .5404E+01   .9999813  .0050679  .0034117
T  802  2 .4178631E+07   1080015E-01 -.4002E+03 -.1126E+03   .9999966 -.0018152  .0018638
T  803  2 .4180557E+07   1080019E-01 -.1672E+03  .2646E+03   .9999630 -.0065970  .0055194
T  804  2 .4189259E+07   1080004E-01  .4129E+03  .2396E+03   .9999348  .0094924  .0063431
T  805  2 .4150834E+07   1080021E-01  .1222E+03 -.6955E+03   .9998969  .0061589 -.0129688
T  806  2 .4196301E+07   1080017E-01 -.2158E+04  .7533E+03   .9999233 -.0109934  .0057060
T  807  2 .4178479E+07   1080018E-01  .1618E+03 -.4970E+03   .9999912 -.0040562 -.0010699
T  808  2 .4156512E+07   1080015E-01 -.2734E+03  .4510E+03   .9999869  .0008609  .0050451
T  809  2 .4223193E+07   1080001E-01  .1206E+02 -.4214E+03   .9999750 -.0068306 -.0018074
T  810  2 .4173967E+07   1080002E-01  .3789E+03  .1863E+03   .9998585  .0132297  .0103871
T  811  2 .4215542E+07   1080006E-01 -.3039E+04  .2680E+03   .9981850 -.0595693  .0088488
T  812  2 .4153497E+07   1080013E-01 -.2180E+03 -.2231E+03   .9999792 -.0063606 -.0010520
T  813  2 .4177239E+07   1080020E-01 -.2550E+02 -.1362E+03   .9999985 -.0014871  .0008886
T  814  2 .4189037E+07   1080003E-01 -.4536E+02 -.1878E+03   .9999992 -.0007451 -.0009852
T  815  2 .4178352E+07   1080013E-01  .9233E+03 -.6018E+02   .9995999  .0203778 -.0196177
T  816  2 .4172944E+07   1080015E-01  .4507E+03 -.1141E+04   .9998276  .0127766 -.0134707
T  817  2 .4206815E+07   1080012E-01 -.3612E+03 -.1015E+03   .9998430 -.0070811 -.0162399
T  818  2 .4150978E+07   1080015E-01 -.3386E+03 -.3904E+02   .9999808 -.0058504  .0020633
T  819  2 .4198654E+07   1080008E-01  .1131E+03  .1322E+03   .9999534  .0086341  .0043137
T  820  2 .4147493E+07   1080017E-01  .3027E+03 -.1960E+04   .9994640  .0076227 -.0318363
T  821  2 .4210537E+07   1080020E-01 -.3231E+03 -.4088E+03   .9999648  .0082919 -.0013128
T  822  2 .4197616E+07   1080003E-01  .1576E+03 -.4387E+03   .9998361 -.0002873 -.0181042
T  823  2 .4170718E+07   1080001E-01 -.5757E+02  .2495E+02   .9999589  .0016996  .0089031
T  824  2 .4188142E+07   1080013E-01  .2312E+03 -.9562E+03   .9998046  .0055220 -.0189819
T  825  2 .4167599E+07   1080015E-01 -.8856E+03 -.4383E+03   .9999155 -.0129719 -.0008875
T  826  2 .4156598E+07   1080021E-01  .3245E+03  .4478E+03   .9999480  .0066575  .0077218
T  827  2 .4170854E+07   1080016E-01 -.2024E+03  .4807E+03   .9999251 -.0121884 -.0011164
T  828  2 .4192988E+07   1080019E-01  .1334E+04  .5965E+03   .9998802  .0144325  .0055880
T  829  2 .4199355E+07   1080020E-01  .3396E+03 -.9841E+02   .9999862  .0051689 -.0009075
T  830  2 .4201614E+07   1080012E-01  .1024E+03  .4536E+03   .9999044  .0040483  .0132179
T  831  2 .4178112E+07   1080014E-01  .1836E+03  .2597E+03   .9999928  .0030270  .0022693
T  832  2 .4188720E+07   1080001E-01  .8848E+02 -.2718E+03   .9999941  .0000571 -.0034249
T  833  2 .4228517E+07   1080010E-01 -.2544E+04  .2769E+03   .9995917 -.0285667  .0005808
T  834  2 .4178498E+07   1080003E-01  .6215E+03 -.1534E+03   .9999952 -.0022014 -.0021601
T  835  2 .4197268E+07   1080008E-01 -.4768E+03 -.9168E+03   .9998957 -.0089222 -.0113598
T  836  2 .4190092E+07   1080009E-01  .1231E+03  .3671E+02   .9999704  .0023486 -.0073237
T  837  2 .4226351E+07   1080011E-01  .4657E+02 -.3459E+03   .9999815  .0004667 -.0060578
T  838  2 .4163681E+07   1080021E-01 -.1656E+04  .1731E+04   .9990786 -.0330895  .0273320
T  839  2 .4167291E+07   1080002E-01  .2786E+03  .4748E+03   .9999807 -.0035779  .0050694
T  840  2 .4175226E+07   1080018E-01  .2917E+03 -.4032E+03   .9999500  .0083728 -.0054589
T  841  2 .4175090E+07   1080011E-01  .6476E+03  .8141E+03   .9999083  .0111706  .0076502
T  842  2 .4184527E+07   1080009E-01  .5385E+02  .2926E+03   .9999828 -.0003016  .0058498
T  843  2 .4184233E+07   1080013E-01  .4032E+02 -.4446E+03   .9998657 -.0109072 -.0122311
T  844  2 .4159402E+07   1080002E-01  .8612E+03 -.3378E+03   .9998818  .0119365 -.0096857
T  845  2 .4217849E+07   1080018E-01  .7355E+02 -.1475E+03   .9999845  .0004961 -.0055386
T  846  2 .4222935E+07   1080020E-01  .1639E+03  .1223E+04   .9991059  .0060525  .0418426
T  847  2 .4188374E+07   1080011E-01  .5990E+03  .2397E+03   .9999378  .0110463 -.0015401
T  848  2 .4180573E+07   1080020E-01  .5948E+03  .1947E+02   .9999542  .0094682 -.0013725
T  849  2 .4168418E+07   1080012E-01 -.3654E+03 -.7118E+03   .9998901 -.0033215 -.0144505
T  850  2 .4196529E+07   1080014E-01  .2502E+03 -.6560E+02   .9998117  .0172248 -.0089335
T  851  2 .4210226E+07   1080001E-01 -.7373E+03 -.4698E+03   .9998029 -.0196536  .0028166
T  852  2 .4154647E+07   1080021E-01  .3475E+03 -.5998E+03   .9999325  .0109727 -.0038146
T  853  2 .4196550E+07   1080000E-01 -.2122E+03  .4959E+02   .9999940 -.0012361  .0032440
T  854  2 .4185672E+07   1080004E-01 -.2106E+03  .4738E+02   .9999934 -.0036339  .0000918
T  855  2 .4225719E+07   1080015E-01 -.2084E+02 -.4632E+03   .9999398 -.0071802 -.0082966
T  856  2 .4163769E+07   1080019E-01 -.3881E+03  .5446E+02   .9999510 -.0071365  .0068542
T  857  2 .4179833E+07   1080013E-01 -.6739E+03  .6355E+02   .9999646 -.0074073 -.0039897
T  858  2 .4170445E+07   1080021E-01  .2755E+03  .6719E+03   .9999203  .0107446  .0066233
T  859  2 .4175327E+07   1080020E-01 -.1642E+03 -.1663E+03   .9999837  .0045264 -.0034881
T  860  2 .4179971E+07   1080014E-01  .1159E+03 -.3530E+03   .9999999  .0003322  .0001085
T  861  2 .4185492E+07   1080010E-01 -.2967E+03  .5667E+03   .9999794 -.0028636  .0057442
T  862  2 .4155613E+07   1080018E-01 -.1304E+03 -.1184E+03   .9999877  .0029525 -.0039811
T  863  2 .4181963E+07   1080021E-01  .1675E+03 -.3520E+03   .9999565 -.0049421 -.0079124
T  864  2 .4153542E+07   1080012E-01  .7212E+03 -.4158E+03   .9998968  .0139779 -.0033192
T  865  2 .4204107E+07   1080006E-01 -.3278E+03 -.1374E+02   .9999704 -.0043979 -.0063173
T  866  2 .4206128E+07   1080008E-01 -.1055E+03 -.1101E+04   .9998809 -.0041826 -.0148535
T  867  2 .4230089E+07   1080010E-01  .2016E+03  .1577E+04   .9998515  .0000699  .0172338
T  868  2 .4188952E+07   1080006E-01  .1887E+02  .1557E+02   .9999982  .0014700 -.0011731
T  869  2 .4170448E+07   1080007E-01  .6679E+02  .2817E+03   .9999977  .0016977  .0012804
T  870  2 .4177168E+07   1080012E-01 -.1978E+03  .3639E+03   .9999731  .0052757  .0051054
T  871  2 .4186058E+07   1080020E-01 -.2602E+03 -.5875E+03   .9999814  .0046100 -.0039880
T  872  2 .4177480E+07   1080008E-01 -.3049E+03 -.4107E+03   .9998498 -.0117061 -.0127778
T  873  2 .4217228E+07   1080010E-01 -.1328E+03 -.6351E+03   .9999835  .0019058 -.0054199
T  874  2 .4194861E+07   1080009E-01  .1759E+03 -.4253E+03   .9999561  .0042694 -.0083458
T  875  2 .4183035E+07   1080014E-01  .1318E+04 -.2285E+03   .9998571  .0134432 -.0102468
T  876  2 .4104816E+07   1080001E-01 -.9872E+02 -.2941E+03   .9999824 -.0045269 -.0038374
T  877  2 .4160234E+07   1080017E-01  .2607E+04 -.9151E+03   .9986224  .0472429 -.0228352
T  878  2 .4200757E+07   1080009E-01 -.5865E+03  .1728E+03   .9999196 -.0126746  .0004816
T  879  2 .4146996E+07   1080007E-01 -.1385E+04 -.7808E+03   .9996605 -.0248896 -.0077069
T  880  2 .4169274E+07   1080006E-01 -.6743E+02  .1049E+04   .9998423 -.0052909  .0169513
T  881  2 .4197479E+07   1080009E-01 -.3952E+03  .6363E+02   .9999109 -.0129873 -.0030928
T  882  2 .4186797E+07   1080018E-01 -.2080E+03  .1501E+03   .9999983 -.0017777  .0003978
T  883  2 .4181198E+07   1080013E-01  .4547E+03  .7349E+03   .9993354  .0322081  .0170676
T  884  2 .4198323E+07   1080008E-01  .3903E+03 -.7681E+03   .9999394  .0066115 -.0088079
T  885  2 .4173323E+07   1080013E-01  .8026E+02 -.6103E+03   .9999402  .0064610 -.0088218
T  886  2 .4198132E+07   1080017E-01  .4785E+03  .5986E+03   .9999595  .0057730  .0069099
T  887  2 .4181005E+07   1080014E-01  .1711E+03 -.5131E+03   .9999825  .0035221 -.0047481
T  888  2 .4175669E+07   1080019E-01  .2630E+03 -.1570E+03   .9999758  .0065500  .0023297
T  889  2 .4222016E+07   1080017E-01 -.7126E+03  .5535E+03   .9998882 -.0104994  .0106456
T  890  2 .4196384E+07   1080015E-01  .9706E+02  .7366E+02   .9999870  .0025543  .0044125
T  891  2 .4172967E+07   1080017E-01 -.7365E+02 -.3519E+03   .9999478  .0017812 -.0100621
T  892  2 .4220214E+07   1080010E-01  .1483E+03  .1256E+03   .9999762  .0028260  .0062880
T  893  2 .4172782E+07   1080012E-01  .7764E+03  .6981E+02   .9998806  .0144647  .0054304
T  894  2 .4232870E+07   1080016E-01 -.2305E+02 -.6435E+03   .9999407 -.0013796 -.0108009
T  895  2 .4185364E+07   1080021E-01  .2353E+03 -.9343E+03   .9999348  .0062164 -.0095759
T  896  2 .4180164E+07   1080007E-01  .1772E+02  .3034E+03   .9999890 -.0040326  .0024090
T  897  2 .4187300E+07   1080021E-01 -.3325E+03 -.5696E+02   .9999975 -.0009743 -.0019987
T  898  2 .4199927E+07   1080000E-01  .3357E+03 -.9432E+03   .9998113  .0012764 -.0193844
T  899  2 .4185763E+07   1080013E-01 -.9892E+02 -.2852E+03   .9999572  .0024955 -.0089142
T  900  2 .4193590E+07   1080011E-01 -.1228E+03 -.5650E+03   .9997839 -.0011590 -.0207538
T  901  2 .4181604E+07   1080011E-01 -.2402E+04  .7947E+03   .9994965 -.0281655  .0146117
T  902  2 .4168614E+07   1080000E-01  .3487E+03 -.1947E+03   .9998985  .0141683 -.0014787
T  903  2 .4190644E+07   1080014E-01 -.3480E+02 -.9173E+02   .9999792  .0007712 -.0064070
T  904  2 .4170708E+07   1080010E-01 -.1290E+02 -.1473E+03   .9999827  .0027012 -.0052234
T  905  2 .4212643E+07   1080019E-01 -.1488E+03 -.4259E+03   .9999804 -.0021707 -.0058680
T  906  2 .4160696E+07   1080002E-01 -.1149E+01  .2117E+03   .9999782 -.0003876  .0065966
T  907  2 .4206190E+07   1080014E-01 -.1097E+04  .1811E+04   .9998789 -.0099843  .0119391
T  908  2 .4157842E+07   1080007E-01  .8252E+03 -.5083E+03   .9999509  .0068698 -.0071420
T  909  2 .4220735E+07   1080001E-01  .2909E+03  .3378E+03   .9999347  .0051685  .0101929
T  910  2 .4203612E+07   1080017E-01 -.1562E+04  .5386E+03   .9994831 -.0293889  .0130336
T  911  2 .4173027E+07   1080006E-01  .2133E+04  .5198E+04   .9963362  .0312525  .0796085
T  912  2 .4192708E+07   1080002E-01  .1443E+03  .2975E+02   .9999965  .0016187 -.0021093
T  913  2 .4201325E+07   1080015E-01 -.1812E+03 -.6191E+02   .9999943 -.0009345 -.0032594
T  914  2 .4205793E+07   1080022E-01 -.3076E+03 -.4453E+03   .9999266 -.0028665 -.0117757
T  915  2 .4195878E+07   1080020E-01  .2095E+03 -.4379E+03   .9999708  .0046322 -.0060843
T  916  2 .4193552E+07   1080019E-01  .2886E+03 -.1262E+03   .9999999 -.0000465  .0004248
T  917  2 .4178028E+07   1080017E-01  .1972E+02  .4944E+03   .9999386 -.0020818  .0108880
T  918  2 .4207789E+07   1080021E-01 -.1035E+04 -.2968E+03   .9995077 -.0298696 -.0095968
T  919  2 .4147481E+07   1080006E-01  .3571E+03  .2058E+03   .9999051  .0137554 -.0007158
T  920  2 .4177160E+07   1080021E-01 -.3334E+03 -.6506E+03   .9999205  .0084555 -.0093583
T  921  2 .4170852E+07   1080018E-01 -.4575E+03 -.6464E+03   .9999339 -.0102425 -.0052213
T  922  2 .4154879E+07   1080010E-01  .2395E+03  .1185E+02   .9999895  .0044156  .0011921
T  923  2 .4200061E+07   1080016E-01 -.1434E+03 -.9622E+02   .9999737 -.0050439  .0052189
T  924  2 .4181038E+07   1080014E-01 -.7197E+03 -.3494E+03   .9999518 -.0093085 -.0031084
T  925  2 .4188596E+07   1080022E-01 -.8556E+02 -.4689E+03   .9999888  .0005504 -.0047096
T  926  2 .4177733E+07   1080009E-01  .6931E+02  .5340E+03   .9999677  .0073103  .0033268
T  927  2 .4176184E+07   1080011E-01  .5900E+03 -.2963E+02   .9999883  .0046882  .0011681
T  928  2 .4195862E+07   1080015E-01  .6098E+03  .1193E+04   .9997245  .0099223  .0212704
T  929  2 .4158174E+07   1080009E-01 -.3148E+03 -.3800E+03   .9999690 -.0077612 -.0013000
T  930  2 .4214659E+07   1080007E-01 -.8896E+02  .1367E+03   .9999292 -.0073633 -.0093433
T  931  2 .4219440E+07   1080013E-01 -.2072E+03 -.9918E+02   .9999985 -.0012378  .0011989
T  932  2 .4158279E+07   1080017E-01  .1555E+04 -.4888E+03   .9998002  .0184358 -.0077222
T  933  2 .4197574E+07   1080013E-01  .6867E+02 -.4305E+02   .9999744  .0045362  .0055252
T  934  2 .4155555E+07   1080018E-01  .1619E+03 -.4859E+03   .9999499  .0065436 -.0075813
T  935  2 .4237671E+07   1080007E-01  .9103E+02 -.3621E+03   .9999936 -.0032783 -.0014376
T  936  2 .4171029E+07   1080004E-01 -.5109E+03  .2445E+03   .9999094 -.0117956  .0064815
T  937  2 .4162480E+07   1080004E-01  .4669E+03 -.4377E+03   .9999677  .0058091 -.0055496
T  938  2 .4153370E+07   1080011E-01 -.3924E+03 -.3657E+02   .9999915 -.0041175 -.0002603
T  939  2 .4178371E+07   1080021E-01  .3190E+03 -.4707E+01   .9999527  .0058088 -.0077995
T  940  2 .4171194E+07   1080005E-01 -.1535E+03 -.4630E+03   .9999857 -.0039527 -.0035988
T  941  2 .4171712E+07   1080011E-01 -.1147E+03 -.2078E+03   .9998499  .0066601 -.0159952
T  942  2 .4204673E+07   1080013E-01 -.5647E+03 -.1282E+04   .9997209 -.0082057 -.0221528
T  943  2 .4188626E+07   1080020E-01  .9134E+03 -.4428E+03   .9998173  .0131062 -.0139173
T  944  2 .4188656E+07   1080012E-01 -.5545E+03 -.5544E+02   .9998923 -.0139552 -.0045482
T  945  2 .4194352E+07   1080000E-01  .2361E+03  .2880E+03   .9999854 -.0029659  .0045060
T  946  2 .4163691E+07   1080020E-01 -.2161E+03 -.5501E+02   .9998700  .0047686  .0154051
T  947  2 .4170300E+07   1080015E-01  .3573E+03  .4611E+03   .9999587  .0051436  .0074920
T  948  2 .4210826E+07   1080007E-01 -.1330E+04  .1748E+04   .9994788 -.0212401  .0243088
T  949  2 .4174067E+07   1080007E-01  .4099E+03  .9297E+02   .9999792  .0038404 -.0051792
T  950  2 .4215722E+07   1080008E-01  .4511E+03 -.4474E+03   .9999693  .0040923 -.0066789
T  951  2 .4150045E+07   1080004E-01 -.2069E+03 -.3050E+03   .9999870 -.0046077  .0021943
T  952  2 .4177384E+07   1080014E-01  .2059E+03 -.2263E+03   .9999863  .0036763  .0037195
T  953  2 .4180938E+07   1080009E-01 -.4029E+03  .3718E+03   .9999993  .0008955 -.0008320
T  954  2 .4208083E+07   1080012E-01 -.6840E+02 -.2531E+03   .9999698 -.0008608 -.0077277
T  955  2 .4168261E+07   1080016E-01 -.1596E+02 -.1851E+03   .9999927 -.0034102 -.0017397
T  956  2 .4164731E+07   1080012E-01  .6900E+02  .6207E+03   .9999913 -.0013333  .0039575
T  957  2 .4179077E+07   1080013E-01 -.6917E+03  .1825E+04   .9998336 -.0045961  .0176522
T  958  2 .4151676E+07   1080015E-01  .4158E+03 -.7371E+01   .9999181  .0119094 -.0046958
T  959  2 .4172225E+07   1080008E-01  .7410E+03 -.6661E+02   .9998044  .0197745  .0004085
T  960  2 .4191489E+07   1080013E-01 -.1426E+03  .3409E+03   .9999381  .0092306  .0062129
T  961  2 .4187954E+07   1080001E-01 -.5149E+02 -.6229E+03   .9999127  .0009298 -.0131794
T  962  2 .4143177E+07   1080013E-01  .1588E+04 -.3462E+04   .9951618  .0389105 -.0902162
T  963  2 .4175799E+07   1080018E-01 -.1825E+03  .5605E+03   .9999277  .0019452  .0118643
T  964  2 .4184519E+07   1080008E-01 -.2205E+03  .3304E+03   .9999863 -.0018314  .0049092
T  965  2 .4186330E+07   1080020E-01  .4734E+03 -.1151E+04   .9995184  .0107537 -.0291073
T  966  2 .4186839E+07   1080009E-01  .6474E+03  .7732E+03   .9999072  .0107853  .0083179
T  967  2 .4215765E+07   1080004E-01 -.6799E+03 -.4729E+03   .9999340 -.0109248 -.0035513
T  968  2 .4136415E+07   1080006E-01 -.5383E+04 -.1568E+04   .9971437 -.0714534 -.0244710
T  969  2 .4202211E+07   1080008E-01  .2131E+03 -.4453E+03   .9999305  .0035430 -.0112414
T  970  2 .4188081E+07   1080020E-01 -.2470E+03  .3596E+03   .9999606 -.0083098  .0031356
T  971  2 .4246106E+07   1080013E-01  .3075E+03  .1779E+03   .9999963  .0009631  .0025358
T  972  2 .4144245E+07   1080017E-01  .3785E+03  .8345E+02   .9999955  .0026317 -.0014280
T  973  2 .4176139E+07   1080020E-01  .6331E+02  .2955E+02   .9999689  .0031933  .0072098
T  974  2 .4206194E+07   1080010E-01  .1160E+03 -.5103E+03   .9999702  .0050802 -.0058171
T  975  2 .4174888E+07   1080011E-01  .1790E+03 -.7027E+03   .9997568 -.0139246 -.0171037
T  976  2 .4178998E+07   1080020E-01 -.3783E+03  .9708E+03   .9998014 -.0084041  .0180718
T  977  2 .4188548E+07   1080020E-01  .2319E+03  .1037E+04   .9999907 -.0028257  .0032620
T  978  2 .4200492E+07   1080004E-01 -.7634E+03  .1050E+04   .9997665 -.0200897  .0079615
T  979  2 .4154852E+07   1080007E-01  .3708E+03 -.1727E+03   .9999526  .0087867  .0041911
T  980  2 .4166123E+07   1080012E-01  .5610E+03 -.1477E+03   .9999485  .0101492  .0000363
T  981  2 .4168951E+07   1080013E-01 -.3323E+02  .2732E+03   .9999978 -.0009855  .0018680
T  982  2 .4175681E+07   1080008E-01 -.3414E+03  .4797E+02   .9999966 -.0023444 -.0011811
T  983  2 .4160262E+07   1080015E-01 -.5412E+02 -.7536E+02   .9999995 -.0007534  .0006932
T  984  2 .4184894E+07   1080008E-01 -.6203E+03  .8053E+02   .9999187  .0046165  .0118879
T  985  2 .4201014E+07   1080012E-01 -.4871E+03 -.1072E+02   .9999411 -.0077694 -.0075804
T  986  2 .4180121E+07   1080002E-01 -.5568E+01 -.1249E+02   .9999738  .0071808  .0008905
T  987  2 .4190360E+07   1080017E-01 -.1309E+03  .9915E+02   .9999985 -.0012026  .0012404
T  988  2 .4187743E+07   1080015E-01 -.4506E+03  .6680E+02   .9998945 -.0126362  .0071657
T  989  2 .4193891E+07   1080022E-01  .7291E+02 -.4260E+03   .9999408 -.0017683 -.0107380
T  990  2 .4153587E+07   1080016E-01 -.3801E+03  .3501E+03   .9997762 -.0156717  .0142107
T  991  2 .4198983E+07   1080006E-01 -.5405E+03 -.4573E+03   .9998180 -.0147723 -.0120723
T  992  2 .4191448E+07   1080012E-01  .1128E+03  .4837E+03   .9999112  .0030899  .0129618
T  993  2 .4170110E+07   1080014E-01  .3849E+03  .3116E+03   .9999678  .0069692  .0039737
T  994  2 .4208772E+07   1080010E-01 -.2958E+03  .5806E+03   .9999646  .0014816  .0082844
T  995  2 .4192930E+07   1080007E-01  .6572E+03 -.3325E+03   .9994400  .0243816 -.0229181
T  996  2 .4166164E+07   1080013E-01  .4446E+03 -.5134E+03   .9999240  .0049617 -.0112828
T  997  2 .4206437E+07   1080013E-01  .5893E+02  .5116E+03   .9999903 -.0043943 -.0000834
T  998  2 .4181105E+07   1080017E-01  .3128E+03  .3118E+02   .9999531  .0087063  .0042445
T  999  2 .4146704E+07   1080016E-01  .1892E+03  .2257E+03   .9999307  .0065889  .0097591
T 1000  2 .4189682E+07   1080004E-01 -.4507E+03 -.7483E+03   .9997992 -.0109504 -.0167819
